Pièce : UW_A03
taille : 48x35
################################################
################################################
################################################
#####...########################################
#####...########################################
###=....................########################
#####...................########################
#####...................########################
######################--########################
######################..########################
######################..########################
######################--########################
######################..########################
######################..########################
######################--########################
######################..########################
######################..########################
######################--########################
######################..########################
######################..########################
######################--########################
######################..########################
######################..########################
######################--############.........###
######################..############.........###
######################..############.........###
######################--############.........###
##...........................................###
##...........................................###
##..................####...............###..####
########################################=#######
###=############################################
################################################
################################################
################################################
(2,27),(2,30)|(3,5),(3,6)|(3,31),(3,32)|(4,31),(4,32)|(5,3),(5,5)|(5,6),(5,8)|(8,3),(8,5)|(20,29),(20,30)|(22,8),(22,27)|(24,5),(24,27)|(24,29),(24,30)|(36,23),(36,27)|(39,29),(39,30)|(40,30),(40,31)|(41,30),(41,31)|(42,29),(42,30)|(44,29),(44,30)|(45,23),(45,29)|
(5,5),(8,3)|(3,3),(5,5)|(8,8),(24,5)|(3,3),(5,6)|(5,5),(22,8)|(36,36),(45,23)|(2,2),(22,27)|(24,24),(36,27)|(20,20),(24,29)|(39,39),(42,29)|(44,44),(45,29)|(2,2),(20,30)|(24,24),(39,30)|(40,40),(41,30)|(42,42),(44,30)|(3,3),(4,31)|(40,40),(41,31)|(3,3),(4,32)|



(22,8.5),(22,11.5)|(22,14.5),(22,17.5)|(22,20.5),(22,23.5)|(22,26.5),(24,8.5)|(24,11.5),(24,14.5)|(24,17.5),(24,20.5)|(24,23.5),(24,26.5)|
end file : UW_A03