Pièce : UW_A12
taille : 48x35
################################################
################################################
################################################
#########################=######################
#########################.######################
######=##################.######################
######.##################.######################
######.##################.######################
######.##################.######################
######.##################.######################
######.##################.######################
######................###.######################
#####################.###.######################
#####################.###.###...............=###
#####################.###.###.##################
#####################.###.###.##################
#####################.###.###.##################
#####################.##.......#################
#####################.##.......#################
#####################.##.......#################
#####################+##.......#################
#####................|...................#######
###=.................|.....................=####
#####................|...................#######
###=.................|.....................=####
#####...............###########..........#######
################################################
################################################
################################################
################################################
################################################
################################################
################################################
################################################
################################################
(3,22),(3,23)|(3,24),(3,25)|(5,21),(5,22)|(5,23),(5,24)|(5,25),(5,26)|(6,5),(6,12)|(7,5),(7,11)|(20,25),(20,26)|(21,12),(21,21)|(22,11),(22,21)|(24,17),(24,21)|(25,3),(25,17)|(26,3),(26,17)|(29,13),(29,17)|(30,14),(30,17)|(31,17),(31,21)|(31,25),(31,26)|(41,21),(41,22)|(41,23),(41,24)|(41,25),(41,26)|(44,22),(44,23)|(44,24),(44,25)|(45,13),(45,14)|
(25,25),(26,3)|(6,6),(7,5)|(7,7),(22,11)|(6,6),(21,12)|(29,29),(45,13)|(30,30),(45,14)|(24,24),(25,17)|(26,26),(29,17)|(30,30),(31,17)|(5,5),(21,21)|(22,22),(24,21)|(31,31),(41,21)|(3,3),(5,22)|(41,41),(44,22)|(3,3),(5,23)|(41,41),(44,23)|(3,3),(5,24)|(41,41),(44,24)|(3,3),(5,25)|(20,20),(31,25)|(41,41),(44,25)|(5,5),(20,26)|(31,31),(41,26)|




end file : UW_A12