Pièce : UW_A04
48x35
-527x-239
################################################
################################################
#####.....................................######
###=.......................................=####
#####.....................................######
################################################
################################################
......######................####......######....
.....######################.###........####.....
......######..............######......######....
.......|..|.................###........####.....
.......|..|.................###........|..|.....
.......|..|................./#/........|..|.....
.......|..|..................|.........|..|.....
.......|..|..................|.........|..|.....
.......#..#..................|.........|..|.....
....##########...............|.........|..|.....
....##########...............|.........|..|.....
....##########...............|.........|..|.....
....##########...............|.........|..|.....
....##########...............|.........|..|.....
....##########.........................|..|.....
....##########.........................#..#.....
....##########......................##########..
....##########......................##########..
....##########......................##########..
....................................##########..
....................................##########..
....................................##########..
....................................##########..
....................................##########..
....................................##########..
....................................##########..
................................................
................................................
(3,3),(3,4)|(4,16),(4,26)|(5,2),(5,3)|(5,4),(5,5)|(5,8),(5,9)|(6,7),(6,8)|(6,9),(6,10)|(7,15),(7,16)|(8,15),(8,16)|(10,15),(10,16)|(11,15),(11,16)|(12,7),(12,8)|(12,9),(12,10)|(14,16),(14,26)|(26,9),(26,10)|(27,8),(27,9)|(28,7),(28,9)|(28,10),(28,12)|(31,8),(31,9)|(31,10),(31,12)|(32,7),(32,8)|(32,9),(32,10)|(36,23),(36,33)|(38,7),(38,8)|(38,9),(38,10)|(39,8),(39,9)|(39,10),(39,11)|(39,22),(39,23)|(40,22),(40,23)|(42,2),(42,3)|(42,4),(42,5)|(42,22),(42,23)|(43,8),(43,9)|(43,10),(43,11)|(43,22),(43,23)|(44,3),(44,4)|(44,7),(44,8)|(44,9),(44,10)|(46,23),(46,33)|
(5,2),(42,2)|(3,3),(5,3)|(42,3),(44,3)|(3,4),(5,4)|(42,4),(44,4)|(5,5),(42,5)|(0,7),(6,7)|(12,7),(28,7)|(32,7),(38,7)|(44,7),(48,7)|(5,8),(6,8)|(12,8),(27,8)|(31,8),(32,8)|(38,8),(39,8)|(43,8),(44,8)|(5,9),(6,9)|(12,9),(26,9)|(27,9),(28,9)|(31,9),(32,9)|(38,9),(39,9)|(43,9),(44,9)|(6,10),(12,10)|(26,10),(28,10)|(31,10),(32,10)|(38,10),(39,10)|(43,10),(44,10)|(39,11),(43,11)|(29,13),(30,13)|(7,15),(8,15)|(10,15),(11,15)|(4,16),(7,16)|(8,16),(10,16)|(11,16),(14,16)|(39,22),(40,22)|(42,22),(43,22)|(36,23),(39,23)|(40,23),(42,23)|(43,23),(46,23)|(4,26),(14,26)|(36,33),(46,33)|
(28,12),(29,13)|
(30,13),(31,12)|
(7.5,10),(7.5,15)|(10.5,10),(10.5,15)|(29.5,13),(29.5,21)|(39.5,11),(39.5,22)|(42.5,11),(42.5,22)|

end file : UW_A04