Pièce : UW_A08
taille : 48x35
###################/#######/####################
################################################
################################################
################################################
################################################
###############/###############/################
################/#############/#################
################################################
################################################
################################################
################/#############/#################
###############/###############/################
################################################
################################################
################################################
################################################
###################/#######/####################
##################/#########/###################
#####//##########/###########/##########//######
################/#############/#################
################################################
################################################
################################################
################################################
################################################
##########...#################...###...#########
##...#####...........##......................###
#..............................................#
#.................######...........#####.......#
################################################
##=#####.########################.##########=###
########.########################.##############
########..........................##############
################################################
################################################
(1,27),(1,29)|(2,26),(2,27)|(2,30),(2,31)|(3,30),(3,31)|(5,26),(5,27)|(8,30),(8,33)|(9,30),(9,32)|(10,25),(10,27)|(13,25),(13,26)|(18,28),(18,29)|(21,26),(21,27)|(23,26),(23,27)|(24,28),(24,29)|(30,25),(30,26)|(33,25),(33,26)|(33,30),(33,32)|(34,30),(34,33)|(35,28),(35,29)|(36,25),(36,26)|(39,25),(39,26)|(40,28),(40,29)|(44,30),(44,31)|(45,26),(45,27)|(45,30),(45,31)|(47,27),(47,29)|
(10,10),(13,25)|(30,30),(33,25)|(36,36),(39,25)|(2,2),(5,26)|(13,13),(21,26)|(23,23),(30,26)|(33,33),(36,26)|(39,39),(45,26)|(1,1),(2,27)|(5,5),(10,27)|(21,21),(23,27)|(45,45),(47,27)|(18,18),(24,28)|(35,35),(40,28)|(1,1),(18,29)|(24,24),(35,29)|(40,40),(47,29)|(2,2),(3,30)|(8,8),(9,30)|(33,33),(34,30)|(44,44),(45,30)|(2,2),(3,31)|(44,44),(45,31)|(9,9),(33,32)|(8,8),(34,33)|




end file : UW_A08