Pièce : UW_A13
taille : 48x35
################################################
################################################
################################################
################################################
#######.....................................####
#####=.......................................=##
#######.....................................####
#####=.......................................=##
#######...................##....#...........####
#############################HHH################
#############################...################
#############################...################
#########...............#####---####..........##
##########.............######...#####........###
#########...............#####...####..........##
#########...............#####---####..........##
#########...............#####...####..........##
##########.............######...#####........###
#########...............#####---####..........##
#########...............#####...####..........##
#########...............#####...####..........##
##########.............######---#####........###
#########...............#####...####..........##
#############################...################
#############################---################
#############################...################
#######.....................|...|...........####
#######.....................+---+...........####
#####=......................|...|............=##
#######...................###...|##.........####
#############################HHH################
#############################...################
##############################..################
###############################-################
################################################
44,4|7,5|44,5|7,7|7,6|44,7|44,6|7,8|26,8|28,8|33,8|32,8|44,8|7,9|26,9|28,9|33,9|44,9|9,12|24,12|36,12|46,12|9,14|9,13|10,14|10,13|23,14|23,13|24,14|24,13|36,14|36,13|37,14|37,13|45,14|45,13|46,14|46,13|9,18|9,17|10,18|10,17|23,18|23,17|24,18|24,17|36,18|36,17|37,18|37,17|45,18|45,17|46,18|46,17|9,22|9,21|10,22|10,21|23,22|23,21|24,22|24,21|36,22|36,21|37,22|37,21|45,22|45,21|46,22|46,21|9,23|24,23|36,23|46,23|7,26|44,26|7,28|44,28|7,29|26,29|35,29|44,29|7,30|26,30|35,30|44,30|29,32|30,32|30,33|