Pièce : UW_A07
taille : 48x35
######....................................######
######....................................######
######........|...........................######
######........|.......|...................######
######..|.....|.......|...................######
######..|.....|.......|...................######
######..|.....#.......|................#########
######..|.....|.......|.......|........#########
######..#.....|.......#.......|...........######
######..|.....|.......|.......#...........######
######..|.....|.......|.......|...........######
######..|.....|.......|.......|...........######
####=...|.....|.......|.......|...........######
######..|.....|.......|.......|...........######
####=...|.....|.......|.......|...........######
##########....|.......|.......|......|....######
##############H########.......|......|....######
##############|########.......|......#....######
######..|.....|.......|.......|......|....######
######..|.....|.......|.......|......|....######
######..|.....|.......|.......|......|.....=####
######..|.....|.......|.......|......|....######
######..|.....|.......|......###.....|.....=####
######..|.....|.......|......###.....|....######
######..|....###......|......###....###....=####
######..|....###......|......####...###...######
####=...|....###......|......####...###..#######
######..|...######...###.....#####.####.########
######..############.###..######################
##########=#######=########=######=#############
################################################
################################################
################################################
################################################
################################################
(4,12),(4,13)|(4,14),(4,15)|(4,26),(4,27)|(6,0),(6,12)|(6,13),(6,14)|(6,18),(6,26)|(6,27),(6,29)|(8,29),(10,15)|(10,16),(10,29)|(10,30),(11,29)|(11,30),(12,27)|(12,28),(13,24)|(13,27),(16,24)|(16,27),(18,27)|(18,28),(18,29)|(18,30),(19,29)|(19,30),(20,28)|(20,29),(21,27)|(21,29),(24,27)|(24,29),(26,28)|(26,29),(27,29)|(27,30),(28,29)|(28,30),(29,22)|(29,28),(32,22)|(32,25),(33,25)|(33,27),(34,27)|(34,28),(34,29)|(34,30),(35,27)|(35,28),(35,29)|(35,30),(36,24)|(36,27),(39,6)|(39,8),(39,24)|(39,28),(40,27)|(40,28),(41,26)|(41,27),(42,0)|(42,6),(42,8)|(42,20),(42,21)|(42,22),(42,23)|(42,24),(42,25)|(42,26),(44,20)|(44,21),(44,22)|(44,23),(44,24)|
(6,0),(42,0)|(39,6),(42,6)|(39,8),(42,8)|(4,12),(6,12)|(4,13),(6,13)|(4,14),(6,14)|(4,15),(10,15)|(10,16),(6,18)|(42,20),(44,20)|(42,21),(44,21)|(29,22),(32,22)|(42,22),(44,22)|(42,23),(44,23)|(13,24),(16,24)|(36,24),(39,24)|(42,24),(44,24)|(32,25),(33,25)|(42,25),(44,25)|(4,26),(6,26)|(41,26),(42,26)|(4,27),(6,27)|(12,27),(13,27)|(16,27),(18,27)|(21,27),(24,27)|(33,27),(34,27)|(35,27),(36,27)|(40,27),(41,27)|(12,28),(18,28)|(20,28),(26,28)|(29,28),(34,28)|(35,28),(39,28)|(40,28),(6,29)|(8,29),(10,29)|(11,29),(18,29)|(19,29),(20,29)|(21,29),(24,29)|(26,29),(27,29)|(28,29),(34,29)|(35,29),(10,30)|(11,30),(18,30)|(19,30),(27,30)|(28,30),(34,30)|


