Pièce : UW_B01
taille : 104x44
#############/###################/###############/######################################################
############/#####################/#############/#######################################################
########################################################################################################
##################################################################....|.....|......####...#.###..####...
#######################################################################################...#.###..#######
############/#####################/#############/######################################...#.#|#..#######
#############/###################/###############/#####################################...|..|.....|....
#######################################################################################...|..|.....|....
###############################################################.|.....|.....|.............|..|.....|....
############################################################....|.....|.....|................|.....|....
###########################################################.....|.....|.....|................|.....#....
#/#######/###########################/#######/#############.....|...........|................|.....#....
/#########/#########################/#########/############..................................|..........
###########/##########/#/##########/###########/###########..................................|..........
############/#####################/#############/##########..................................|..........
##############################################################...............................|..........
#################################################################............................#..........
##############################################################=#####........###....###.......#..........
######################################################################################-.................
######################################################################################..................
######################################################################################-.................
######..........|.|.....................|.|.....................|.|.....................................
####=...........|.|.....................|.|.....................|.|.....................................
######..........|.|.......................|.....................|.|.....................................
####=...........|.|.....................|.|.....................|.|......................|..............
######..........|.|.....................|.|.....................|.|......................|.|............
########........|.|.................#####.|.....................|.|.....................#####...........
##############################################################################################..........
##############################################################################################..........
#############################################################################################...........
##############################################################..............###.............#...........
##############################################################..........................................
##############################################################..........................................
############/#####################/#############/###########............................................
###########/##########/#/##########/###########/##########/.............................................
/#########/#########################/#########/############.............................................
#/#######/###########################/#######/#############.............................................
###########################################################.............................................
###########################################################.............................................
###########################################################.............................................
###########################################################.............................................
#############/###################/###############/##########............................................
############/#####################/#############/###########............................................
############################################################............................................
34,0|33,1|50,0|12,2|35,1|34,2|48,2|66,3|83,3|87,3|91,3|90,3|92,3|95,3|97,3|101,3|66,4|83,4|101,4|13,5|12,6|35,5|49,5|48,6|92,6|95,6|97,6|14,6|13,7|33,7|50,6|49,7|63,8|87,8|60,9|63,9|59,10|60,10|2,11|10,11|9,12|38,11|46,11|45,12|100,12|99,12|0,13|11,12|10,13|47,12|46,13|12,13|11,14|23,13|22,14|25,13|24,14|48,13|47,14|13,14|12,15|34,15|49,14|48,15|59,15|62,15|62,16|65,16|65,17|68,17|76,17|79,17|83,17|86,17|94,18|93,18|68,18|76,18|79,18|83,18|6,21|6,22|6,24|6,23|6,25|6,26|8,26|36,26|88,26|93,26|8,27|36,27|41,27|88,27|93,27|94,27|93,29|94,29|62,30|76,30|79,30|92,30|76,31|79,31|93,31|92,31|60,33|62,33|13,33|35,33|34,34|49,33|60,34|23,34|22,35|25,34|24,35|36,34|35,35|59,35|58,34|1,35|0,36|37,35|36,36|2,36|1,37|9,37|38,36|37,37|45,37|14,41|34,41|33,42|50,41|59,41|60,41|12,43|35,42|34,43|48,43|