Pièce : UW_C07
taille : 152x35
########################################################################################################################################################
########################################################################################################################################################
########################################################################################################################################################
########################################################################################################################################################
########################################################################################################################################################
########################################################################################################################################################
########################################################################################################################################################
########################################################################################################################################################
########################################################################################################################################################
########################################################################################################################################################
########################################################################################################################################################
########################################################################################################################################################
########################################################################################################################################################
########################################################################################################################################################
########################################################################################################################################################
########################################################################################################################################################
########################################################################################################################################################
########################################################################################################################################################
########################################################################################################################################################
#############################################################...######...######...######...######...######...######...######...#########################
#############################################################...######...######...######...######...######...######...######...#########################
########################################################################################################################################################
####################################################/.../##/...../##/...../##/...../##/...../##/...../##/...../##/...../##/...../##/...../##############
###################...............................#..............................................................................................#######
######............................................................................................................................................=#####
######...........................................................................................................................................#######
######............................................................................................................................................=#####
####=............................................................................................................................................#######
######............................................................................................................................................=#####
####=............................................................................................................................................#######
######........###.................................................................................................................................=#####
##################/..........................###.................................................................................................#######
###################################################/..../##/...../##/...../##/...../##/...../##/...../##/...../##/...../##/...../##/...../##############
########################################################################################################################################################
#############################################################...######...######...######...######...######...######...######...#########################
64,19|70,19|73,19|79,19|82,19|88,19|91,19|97,19|100,19|106,19|109,19|115,19|118,19|124,19|127,19|61,21|64,21|70,21|73,21|79,21|82,21|88,21|91,21|97,21|100,21|106,21|109,21|115,21|118,21|124,21|127,21|19,23|51,23|50,23|53,22|52,23|57,23|56,22|60,22|59,23|66,23|65,22|69,22|68,23|75,23|74,22|78,22|77,23|84,23|83,22|87,22|86,23|93,23|92,22|96,22|95,23|102,23|101,22|105,22|104,23|111,23|110,22|114,22|113,23|120,23|119,22|123,22|122,23|129,23|128,22|132,22|131,23|138,23|137,22|145,23|6,24|19,24|51,24|50,24|145,24|145,26|145,25|6,27|145,28|145,27|6,29|6,28|145,30|145,29|6,30|14,30|17,30|6,31|14,31|17,31|19,32|18,31|45,31|48,31|145,31|45,32|48,32|52,33|51,32|57,32|56,33|60,33|59,32|66,32|65,33|69,33|68,32|75,32|74,33|78,33|77,32|84,32|83,33|87,33|86,32|93,32|92,33|96,33|95,32|102,32|101,33|105,33|104,32|111,32|110,33|114,33|113,32|120,32|119,33|123,33|122,32|129,32|128,33|132,33|131,32|138,32|137,33|145,32|61,34|64,34|70,34|73,34|79,34|82,34|88,34|91,34|97,34|100,34|106,34|109,34|115,34|118,34|124,34|127,34|