Piece : SU_A13
54x35
-384x432
##....................................................
##....................................................
##....................................................
##.........................||.........................
####.......................||.........................
######/....................||.........................
#######/...................||.........................
########...................||.........................
########...................||.........................
########.................||||.........................
########.............../######/.......................
########...............########.......................
########...............########.......................
########...............##=##=##.......................
########...............##.##.##.......................
#######/................................|.............
#####=..................................|.............
#######.................................|.............
#####=..................................|.............
#######................########.........|.............
#####=.................########..|......|.............
#######................/######/..|......|.............
#####=..................|....|...|......|.............
#######/................|....|...|......|.............
###########.........|...|....|...|......#.............
########............|...|....|...|......|.............
########............|...|....|...|....|.|.............
########............|...#........|....|.|.............
#########...........|#####...|...|....|.|.............
###########....../##################/.|.|.............
##########################=#=#########H#H#####/.......
#############=########################=#=######/......
################################################/.....
#################################################.....
#################################################.....
(2,0),(2,4)|(4,4),(4,5)|(5,16),(5,17)|(5,18),(5,19)|(5,20),(5,21)|(5,22),(5,23)|(7,17),(7,18)|(7,19),(7,20)|(7,21),(7,22)|(8,7),(8,15)|(8,25),(8,28)|(9,28),(9,29)|(11,24),(11,25)|(11,29),(11,30)|(13,31),(13,32)|(14,31),(14,32)|(21,28),(21,29)|(23,11),(23,15)|(23,19),(23,21)|(24,27),(24,28)|(25,13),(25,15)|(25,27),(25,28)|(26,13),(26,15)|(26,28),(26,29)|(26,30),(26,31)|(27,30),(27,31)|(28,13),(28,15)|(28,30),(28,31)|(29,13),(29,15)|(29,30),(29,31)|(31,11),(31,15)|(31,19),(31,21)|(38,30),(38,32)|(39,30),(39,32)|(40,24),(40,25)|(40,30),(40,32)|(41,24),(41,25)|(41,30),(41,32)|(49,33),(49,35)|
(2,4),(4,4)|(4,5),(6,5)|(24,10),(30,10)|(25,13),(26,13)|(28,13),(29,13)|(23,15),(25,15)|(26,15),(28,15)|(29,15),(31,15)|(5,16),(7,16)|(5,17),(7,17)|(5,18),(7,18)|(5,19),(7,19)|(23,19),(31,19)|(5,20),(7,20)|(5,21),(7,21)|(5,22),(7,22)|(24,22),(30,22)|(5,23),(7,23)|(8,24),(11,24)|(40,24),(41,24)|(8,25),(11,25)|(40,25),(41,25)|(24,27),(25,27)|(8,28),(9,28)|(21,28),(24,28)|(25,28),(26,28)|(9,29),(11,29)|(18,29),(21,29)|(26,29),(36,29)|(11,30),(17,30)|(26,30),(27,30)|(28,30),(29,30)|(37,30),(38,30)|(39,30),(40,30)|(41,30),(46,30)|(13,31),(14,31)|(26,31),(27,31)|(28,31),(29,31)|(13,32),(14,32)|(38,32),(39,32)|(40,32),(41,32)|
(6,5),(8,7)|(7,23),(8,24)|(23,21),(24,22)|(30,10),(31,11)|(36,29),(37,30)|(46,30),(49,33)|
(7,16),(8,15)|(17,30),(18,29)|(23,11),(24,10)|(30,22),(31,21)|
(20.5,24),(20.5,29)|(24.5,22),(24.5,27)|(25.5,9),(25.5,10)|(26.5,9),(26.5,10)|(27.5,3),(27.5,10)|(28.5,3),(28.5,10)|(29.5,22),(29.5,27)|(29.5,28),(29.5,29)|(33.5,20),(33.5,29)|(38.5,26),(38.5,30)|(40.5,15),(40.5,24)|(40.5,25),(40.5,30)|
None|
end file : SU_A13