Pièce : SU_A45
48x35
-1751x64
################################################
################################################
################################################
################################################
################################################
################################################
#####...|..|...............................#####
#####..######..............................#####
###=....|..|................................=###
#####......................................#####
###=........................................=###
#####......................................#####
###=........................................=###
#####......................................#####
###=........................................=###
#####...........|..........................#####
###=........|...|...........................=###
#####.......|.|.|...........##.............#####
########/...|.|.|.|.../#########################
############H#H#H#H###############=##=##########
##########.#.#.#.#.#.###########################
##########.#.#.#.#.#.###########################
##########.#.#.#.#.#.###########################
##########.#+#+#+#+#.###########################
#########...|.|.|.|...##########################
#######=....|.|.|.|....=########################
#########...|.|.|.|...##########################
#######=....|.|.|.|....=########################
##########..|.|.|.|...##########################
############H#H#H#H#############################
##########=#=#=#=#=#=###########################
################################################
################################################
################################################
################################################
(3,8),(3,9)|(3,10),(3,11)|(3,12),(3,13)|(3,14),(3,15)|(3,16),(3,17)|(5,6),(5,8)|(5,9),(5,10)|(5,11),(5,12)|(5,13),(5,14)|(5,15),(5,16)|(5,17),(5,18)|(7,7),(7,8)|(7,25),(7,26)|(7,27),(7,28)|(9,24),(9,25)|(9,26),(9,27)|(10,20),(10,24)|(10,28),(10,29)|(10,30),(10,31)|(11,20),(11,24)|(11,30),(11,31)|(12,19),(12,24)|(12,29),(12,31)|(13,7),(13,8)|(13,19),(13,24)|(13,29),(13,31)|(14,19),(14,24)|(14,29),(14,31)|(15,19),(15,24)|(15,29),(15,31)|(16,19),(16,24)|(16,29),(16,31)|(17,19),(17,24)|(17,29),(17,31)|(18,19),(18,24)|(18,29),(18,31)|(19,19),(19,24)|(19,29),(19,31)|(20,20),(20,24)|(20,30),(20,31)|(21,20),(21,24)|(21,30),(21,31)|(22,24),(22,25)|(22,26),(22,27)|(22,28),(22,29)|(24,25),(24,26)|(24,27),(24,28)|(28,17),(28,18)|(30,17),(30,18)|(34,19),(34,20)|(35,19),(35,20)|(37,19),(37,20)|(38,19),(38,20)|(43,6),(43,8)|(43,9),(43,10)|(43,11),(43,12)|(43,13),(43,14)|(43,15),(43,16)|(43,17),(43,18)|(45,8),(45,9)|(45,10),(45,11)|(45,12),(45,13)|(45,14),(45,15)|(45,16),(45,17)|
(5,6),(43,6)|(7,7),(13,7)|(3,8),(5,8)|(7,8),(13,8)|(43,8),(45,8)|(3,9),(5,9)|(43,9),(45,9)|(3,10),(5,10)|(43,10),(45,10)|(3,11),(5,11)|(43,11),(45,11)|(3,12),(5,12)|(43,12),(45,12)|(3,13),(5,13)|(43,13),(45,13)|(3,14),(5,14)|(43,14),(45,14)|(3,15),(5,15)|(43,15),(45,15)|(3,16),(5,16)|(43,16),(45,16)|(3,17),(5,17)|(28,17),(30,17)|(43,17),(45,17)|(5,18),(8,18)|(23,18),(28,18)|(30,18),(43,18)|(12,19),(13,19)|(14,19),(15,19)|(16,19),(17,19)|(18,19),(19,19)|(34,19),(35,19)|(37,19),(38,19)|(10,20),(11,20)|(20,20),(21,20)|(34,20),(35,20)|(37,20),(38,20)|(9,24),(10,24)|(11,24),(12,24)|(13,24),(14,24)|(15,24),(16,24)|(17,24),(18,24)|(19,24),(20,24)|(21,24),(22,24)|(7,25),(9,25)|(22,25),(24,25)|(7,26),(9,26)|(22,26),(24,26)|(7,27),(9,27)|(22,27),(24,27)|(7,28),(10,28)|(22,28),(24,28)|(10,29),(12,29)|(13,29),(14,29)|(15,29),(16,29)|(17,29),(18,29)|(19,29),(22,29)|(10,30),(11,30)|(20,30),(21,30)|(10,31),(11,31)|(12,31),(13,31)|(14,31),(15,31)|(16,31),(17,31)|(18,31),(19,31)|(20,31),(21,31)|
(8,18),(9,19)|
(22,19),(23,18)|
(8.5,6),(8.5,7)|(8.5,8),(8.5,9)|(11.5,6),(11.5,7)|(11.5,8),(11.5,9)|(12.5,16),(12.5,19)|(12.5,23),(12.5,29)|(14.5,17),(14.5,19)|(14.5,23),(14.5,29)|(16.5,15),(16.5,19)|(16.5,23),(16.5,29)|(18.5,18),(18.5,19)|(18.5,23),(18.5,29)|
(12,23.5),(13,23.5)|(14,23.5),(15,23.5)|(16,23.5),(17,23.5)|(18,23.5),(19,23.5)|
end file : SU_A45