Piece : SU_A38
54x35
659x14
######################################################
######################################################
######################################################
######################################################
######################################################
######################################################
######################################################
######################################################
######################################################
#########################=#=##########################
#########################|#|##########################
########################.|.|..########################
#####################/.....|../#######################
#####################..........#######################
####################.........../######################
####################............/#####################
####################..............####################
###################/................##################
################/.................../#################
################.....................#################
################.....................#################
################/....................#################
#################........|........../#################
#################........|.|........##################
###############/.........|.|........##################
###############......../#H#H#/....../#################
##############/......./#######/......../##############
#########/............#########............./#########
########/.............#########............../########
######=...............###########...............=#####
######################################################
##########...........=#########=............##########
######################################################
######################################################
######################################################
(6,29),(6,30)|(10,27),(10,31)|(14,25.5),(14,27)|(15,25),(15,26)|(16,19),(16,21)|(17,18),(17,22)|(20,13.5),(20,14)|(21,13),(21,14)|(22,12),(22,27)|(22,30),(22,31)|(24,11),(24,12)|(25,9),(25,11)|(25,25),(25,26)|(26,9),(26,11)|(26,25),(26,26)|(27,9),(27,11)|(27,25),(27,26)|(28,9),(28,11)|(28,25),(28,26)|(30,11),(30,12)|(31,12.5),(31,13)|(31,14),(31,27)|(31,29),(31,31)|(33,29),(33,30)|(34,16),(34,17)|(36,17),(36,18)|(36,23),(36,25)|(37,18.5),(37,19)|(44,27),(44,31)|(49,29),(49,30)|
(25,9),(26,9)|(27,9),(28,9)|(22.5,11),(24,11)|(25,11),(26,11)|(27,11),(28,11)|(22,12),(24,12)|(21,13),(31,13)|(20,14),(21,14)|(33,16),(34,16)|(17.5,17),(20,17)|(20.5,17),(34,17)|(17,18),(19,18)|(16,19),(37,19)|(16.5,23),(36,23)|(16,24),(17,24)|(15,25),(24,25)|(25,25),(26,25)|(27,25),(28,25)|(29,25),(36,25)|(10.5,26),(15,26)|(15.5,26),(25,26)|(26,26),(27,26)|(28,26),(37,26)|(10,27),(14,27)|(40,27),(44,27)|(6,29),(8,29)|(31,29),(33,29)|(46,29),(49,29)|(6,30),(22,30)|(33,30),(49,30)|(10,31),(22,31)|(31,31),(44,31)|(10,32),(22,32)|(31,32),(44,32)|
(16,21),(17,22)|(29,25),(31,27)|(30,12),(31,13)|(30,12),(36,18)|(30,12),(37,19)|(31,14),(33,16)|(31,14),(44,27)|(31,14),(46,29)|(36,25),(37,26)|(39,26),(40,27)|
(8,29),(10,27)|(8,29),(19,18)|(8,29),(20,17)|(14,27),(15,26)|(15,25),(16,24)|(16,19),(17,18)|(21,13),(22,12)|(22,27),(24,25)|(36,23),(37,22)|
(25.5,10),(25.5,12)|(25.5,22),(25.5,25)|(27.5,10),(27.5,13)|(27.5,23),(27.5,25)|
None|
end file : SU_A38