Pièce : LF_A03
taille : 48x35
################################################
################################################
########################.#########.#########=###
###############.########..#######..#########.###
###=##########..#########.#######..#####.....###
###+##########..########..#######.######.#######
##.|.#########.#########..#######..#####.....###
##.|.########...########..#######..#########+###
##.|.########...#######...######....#######.|.##
##.|.########...#######....#####....#######.|.##
##.|.########....#####......###......######.|.##
##.|.#######......#..#.......#.........####.|.##
###H######...........#..................####H###
###.#####................................###.###
###.#####................................###.###
###.#####......................................#
###.#######..........................#########.#
###.#####................................#####.#
###....##................................#####.#
######.##......................................#
######.##...............................####.###
##.....###.............................#####.###
##.#########.....#####.....####.....########.###
##.#########.....#####.....####.....########.###
##...#######.....#####.....####....#########.###
####.########...#######...######...#########.###
####.#######################################.###
####.#########.#########.########.##########.###
####.#########.#########.########.####.......###
####...........#########...............#########
#########.####.#########.####.########.#########
#########.####...........####.########.#########
#########.##########.########............=######
#####=...............###########################
################################################
25,2|34,2|35,2|15,3|16,3|25,3|26,3|33,3|34,3|14,4|15,4|40,4|44,4|24,5|24,4|25,5|25,4|2,6|5,6|34,6|34,5|35,6|35,5|41,6|41,5|45,6|45,5|13,7|14,7|15,7|15,6|16,7|16,6|23,8|24,8|32,8|33,8|35,8|36,8|40,7|43,8|46,8|26,9|27,9|16,10|17,10|22,10|23,10|27,10|28,10|31,10|32,10|36,10|37,10|12,11|13,11|17,11|19,11|18,11|21,11|28,11|30,11|29,11|31,11|37,11|39,11|10,12|12,12|19,12|18,12|30,12|29,12|39,12|40,12|2,12|5,12|9,13|10,13|22,13|21,13|40,13|41,13|43,12|46,12|41,15|44,15|45,15|47,15|9,17|9,16|11,17|11,16|37,17|37,16|41,17|46,16|4,18|7,18|41,19|46,19|3,19|6,19|2,21|6,21|40,20|44,20|45,20|47,20|9,21|10,21|39,21|40,21|3,22|7,22|10,22|12,22|17,22|22,22|27,22|31,22|36,22|39,22|3,24|5,24|35,24|36,24|2,25|4,25|12,25|13,25|16,25|17,25|22,25|23,25|26,25|27,25|31,25|32,25|13,26|14,27|15,27|16,26|23,26|24,27|25,27|26,26|32,26|33,27|34,27|35,26|38,28|44,28|5,29|14,29|25,29|33,29|34,29|38,29|39,29|45,29|4,30|9,30|10,30|14,30|15,31|24,31|25,30|29,30|30,30|38,30|30,32|38,32|39,32|9,33|10,33|14,32|20,33|20,32|21,32|25,32|29,33|21,34|