Pièce : LF_A11
taille : 48x35
#########.########..############################
########...########..#######.......#############
########...#######...#######.#####.#############
#######.....#####.....#####...###...############
#######.....#####.....#####...###...############
##=####.....#####.....#####...###...############
##.########################...###...############
##.######.#########.#######...###...############
##..................############################
##############.#############.#####.#############
##############.....................#############
###############################.################
###############################.################
###############################.################
################################################
################################################
################################################
############..........#############..###########
############.########.########............######
############.########.#######..............=####
############.########.....................######
#####=.......###################################
################################################
################################################
################################################
################################################
################################################
################################################
################################################
################################################
################################################
################################################
################################################
################################################
################################################
9,1|10,1|11,1|20,1|21,1|28,1|35,1|18,2|18,1|19,2|19,1|7,3|8,3|11,3|12,3|17,3|18,3|21,3|22,3|27,3|28,3|29,3|29,2|30,3|33,3|34,3|34,2|35,3|36,3|7,6|9,7|10,7|12,6|17,6|19,7|20,7|22,6|3,8|9,8|10,8|19,8|27,8|28,9|29,9|30,8|33,8|34,9|35,9|36,8|2,9|14,9|15,10|15,9|20,9|28,10|29,10|34,10|14,11|31,11|32,11|35,11|31,14|32,14|12,17|22,17|35,17|37,17|30,18|35,18|37,18|42,18|13,18|21,18|29,19|30,19|42,19|22,20|29,20|12,21|42,20|21,21|42,21|13,22|