Pièce : LF_A02
taille : 48x35
##########################...###################
#########################....###################
#########################.....##################
########################.......#################
########################........################
#######################............#############
#######################............#############
#######################............#############
#######################.....................####
#######################......................=##
#######################.....................####
#######################......................=##
#######################.....................####
#######################......................=##
#######################.....................####
#######################......................=##
#######################.....................####
#######################.................########
#######################.................########
#######################.................########
#######################...............##########
######.............................#############
####=..............................#############
######......................####...#############
####=.......................####...#############
######......................####...#############
####=.......................####...#############
######......................####...#############
####=..........##...........####...#############
######........#####......##.####...#############
################################################
################################################
################################################
################################################
################################################
26,1|29,2|30,2|24,3|25,3|30,3|31,3|31,4|32,4|23,5|24,5|32,5|35,5|35,8|44,8|44,9|44,11|44,10|44,13|44,12|44,15|44,14|44,16|40,17|44,17|6,21|23,21|38,20|40,20|6,22|35,21|38,21|6,24|6,23|28,23|32,23|6,26|6,25|6,28|6,27|15,28|17,28|6,29|14,29|15,29|17,29|19,29|25,29|27,29|6,30|14,30|19,30|25,30|27,30|28,30|32,30|35,30|