Pièce : LF_A01
taille : 54x35
....|.................................................
....|.................................................
######................................................
######................................................
######................................................
######................................................
######................................................
######...........................................|....
#####........|...................................|....
######.......|...................................|....
########.....|...................................|....
########.....|...................................|....
######.......|..................|................|....
######.......|...........####...|................#####
######......####.........####...|................#####
######......####.........####...|................#####
######......####.........####...|................#####
######..|...####....|....####...|...........|....#####
######..|...####....|....####...|....####...|....#####
######..|...####....|....####...|....####...|....#####
######..|...####....|....####...|....####...|....#####
#########...####....|....####...|....####...|....#####
#########...####....|....####...|....####...|.....=###
#########...####....|....####...|....####...|....#####
#######=............|...........|....####...|.....=###
#########...........|...........|....####...|....#####
#################...|...######..|...######..|.########
#################...|...######..|...######..|.########
#################...|...######..|...######..|.########
#################...|...######..|...######..|.########
######################################################
######################################################
######################################################
######################################################
######################################################
0,2|5,8|5,9|6,2|6,8|6,9|6,10|6,12|6,21|7,24|7,25|8,10|8,12|9,24|9,25|9,26|12,14|12,24|16,14|16,24|17,26|17,30|24,26|24,30|25,13|25,24|29,13|29,24|30,26|30,30|36,26|36,30|37,18|37,26|41,18|41,26|42,26|42,30|46,26|46,30|49,22|49,23|49,24|49,25|49,26|51,22|51,23|51,24|51,25|54,13|
(0,2),(5,8)|(5,9),(6,2)|(6,8),(6,9)|(6,10),(6,12)|(6,21),(7,24)|(7,25),(8,10)|(8,12),(9,24)|(9,25),(9,26)|(12,14),(12,24)|(16,14),(16,24)|(17,26),(17,30)|(24,26),(24,30)|(25,13),(25,24)|(29,13),(29,24)|(30,26),(30,30)|(36,26),(36,30)|(37,18),(37,26)|(41,18),(41,26)|(42,26),(42,30)|(46,26),(46,30)|(49,22),(49,23)|(49,24),(49,25)|(49,26),(51,22)|(51,23),(51,24)|(51,25),(54,13)|
(0,2),(6,2)|(5,8),(6,8)|(5,9),(6,9)|(6,10),(8,10)|(6,12),(8,12)|(25,13),(29,13)|(54,13),(12,14)|(16,14),(37,18)|(41,18),(6,21)|(49,22),(51,22)|(49,23),(51,23)|(7,24),(9,24)|(12,24),(16,24)|(25,24),(29,24)|(49,24),(51,24)|(7,25),(9,25)|(49,25),(51,25)|(9,26),(17,26)|(24,26),(30,26)|(36,26),(37,26)|(41,26),(42,26)|(46,26),(49,26)|(17,30),(24,30)|(30,30),(36,30)|(42,30),(46,30)|