Pièce : LF_A10
taille : 48x35
................................................
................................................
................................................
................................................
................................................
................................................
................................................
................................................
................................................
#/............................................./
##/.........................................../#
####.........................................###
####.........................................###
###...........................................##
###...........................................##
###...........................................##
####................##.......................###
####................##.......................###
####.........................###.............###
###..........##..............#=#..............##
###..........##..............###..............##
###...............|.....................##....##
####..............|.....................##...###
####..............|..........................###
###............##.|..............#............##
####..........#####.............###........#####
#######.....###########.....#######.....########
#######.....###########.....#######.....########
#######.....###########.....#######.....########
########...#############...#########...#########
########..###############.####=#####..##########
##############################.#################
#########.###############.............##########
######=...................###########...=#######
################################################
(3,13),(3,16)|(3,19),(3,22)|(3,24),(3,25)|(4,11),(4,13)|(4,16),(4,19)|(4,22),(4,24)|(4,25),(4,26)|(6,33),(6,34)|(7,26),(7,29)|(8,29),(8,31)|(9,32),(9,33)|(10,30),(10,31)|(10,32),(10,33)|(11,29),(11,30)|(12,26),(12,29)|(13,19),(13,21)|(14,25),(14,26)|(15,19),(15,21)|(15,24),(15,25)|(17,24),(17,25)|(19,25),(19,26)|(20,16),(20,18)|(22,16),(22,18)|(23,26),(23,29)|(24,29),(24,30)|(25,30),(25,31)|(25,32),(25,33)|(26,30),(26,31)|(26,33),(26,34)|(27,29),(27,30)|(28,26),(28,29)|(29,18),(29,21)|(30,19),(30,20)|(30,30),(30,32)|(31,19),(31,20)|(31,30),(31,32)|(32,18),(32,21)|(32,25),(32,26)|(33,24),(33,25)|(34,24),(34,25)|(35,25),(35,29)|(36,29),(36,31)|(37,33),(37,34)|(38,30),(38,31)|(38,32),(38,33)|(39,29),(39,30)|(40,21),(40,23)|(40,26),(40,29)|(41,33),(41,34)|(42,21),(42,23)|(43,25),(43,26)|(45,11),(45,13)|(45,16),(45,19)|(45,22),(45,24)|(46,13),(46,16)|(46,19),(46,22)|(46,24),(46,25)|
(4,4),(45,11)|(3,3),(4,13)|(45,45),(46,13)|(3,3),(4,16)|(20,20),(22,16)|(45,45),(46,16)|(20,20),(22,18)|(29,29),(32,18)|(3,3),(4,19)|(13,13),(15,19)|(30,30),(31,19)|(45,45),(46,19)|(30,30),(31,20)|(13,13),(15,21)|(29,29),(32,21)|(40,40),(42,21)|(3,3),(4,22)|(45,45),(46,22)|(40,40),(42,23)|(3,3),(4,24)|(15,15),(17,24)|(33,33),(34,24)|(45,45),(46,24)|(3,3),(4,25)|(14,14),(15,25)|(17,17),(19,25)|(32,32),(33,25)|(34,34),(35,25)|(43,43),(46,25)|(4,4),(7,26)|(12,12),(14,26)|(19,19),(23,26)|(28,28),(32,26)|(40,40),(43,26)|(7,7),(8,29)|(11,11),(12,29)|(23,23),(24,29)|(27,27),(28,29)|(35,35),(36,29)|(39,39),(40,29)|(10,10),(11,30)|(24,24),(25,30)|(26,26),(27,30)|(30,30),(31,30)|(38,38),(39,30)|(8,8),(10,31)|(25,25),(26,31)|(36,36),(38,31)|(9,9),(10,32)|(25,25),(30,32)|(31,31),(38,32)|(6,6),(9,33)|(10,10),(25,33)|(26,26),(37,33)|(38,38),(41,33)|(6,6),(26,34)|(37,37),(41,34)|
(1,9),(3,11)|

(18.5,21),(18.5,25)|

end file : LF_A10