Pièce : LF_A07
taille : 48x35
################################################
################################################
################################################
################################################
#######################=########################
#######################|########################
#####################..|..######################
#####################..|..######################
#####################..|..######################
#####################..|..######################
#####################..|..######################
#####################..|..######################
#####################..|..######################
#####################..|..######################
##################.....|.....###################
##################.....|.....###################
##################.....|.....###################
##################.....|.....###################
##################...........###################
#########................................#######
########................................########
#########...........#..................#########
##################.###.......###################
######################...#######################
######################...#######################
######################...#######################
######################...#######################
########/................#######################
########.................#######################
########................/#######################
########...#####################################
################################################
#########=######################################
################################################
################################################
(8,20),(8,21)|(9,19),(9,20)|(9,21),(9,22)|(9,32),(9,33)|(10,32),(10,33)|(11,30),(11,31)|(18,14),(18,19)|(18,22),(18,23)|(19,22),(19,23)|(20,21),(20,22)|(21,6),(21,14)|(21,21),(21,22)|(22,22),(22,27)|(23,4),(23,6)|(24,4),(24,6)|(26,6),(26,14)|(29,14),(29,19)|(29,22),(29,23)|(39,21),(39,22)|(40,20),(40,21)|(41,19),(41,20)|
(23,23),(24,4)|(21,21),(23,6)|(24,24),(26,6)|(18,18),(21,14)|(26,26),(29,14)|(9,9),(18,19)|(29,29),(41,19)|(8,8),(9,20)|(40,40),(41,20)|(8,8),(9,21)|(20,20),(21,21)|(39,39),(40,21)|(9,9),(18,22)|(19,19),(20,22)|(21,21),(22,22)|(29,29),(39,22)|(18,18),(19,23)|(25,25),(29,23)|(8,8),(11,31)|(9,9),(10,32)|(9,9),(10,33)|

(8,28),(9,27)|(24,30),(25,29)|
(23.5,5),(23.5,18)|

end file : LF_A07