Pièce : LF_A14
taille : 48x35
################################################
################################################
####################.###########################
##############.#####.###########################
#############..#####..##########################
#############..####...##########################
############....##.....#########################
#######...#......#......#.....#........./#######
###.......#...................##################
###########................................#####
###........................................#####
####.......................................#####
####.......................................#####
####........................................=###
####.......................................#####
####........................................=###
####.......................................#####
####........................................=###
####.|..|..|...............................#####
####.|..|..|...#..###.......................=###
####.|..|..|..########....#...#............#####
#####H##H##H####################################
#####=#####=####################################
################################################
################################################
################################################
################################################
################################################
################################################
################################################
################################################
################################################
################################################
################################################
################################################
21,2|14,3|15,3|13,4|14,4|21,4|22,4|19,5|20,5|12,6|13,6|15,6|16,6|18,6|19,6|22,6|23,6|7,7|11,7|10,7|12,7|16,7|17,7|23,7|25,7|24,7|31,7|30,7|3,8|7,8|18,8|17,8|25,8|24,8|41,7|40,8|31,8|30,9|43,9|3,10|3,9|10,9|11,10|3,11|4,11|43,13|43,15|43,14|43,17|43,16|43,19|43,18|16,19|15,19|18,19|21,19|14,20|16,20|15,20|18,20|21,20|22,20|27,20|26,20|31,20|30,20|43,20|4,21|14,21|22,21|27,21|26,21|31,21|30,21|43,21|