Pièce : LF_B05
taille : 48x78
################################################
################################################
################################################
################################################
################################################
################################################
################################################
################################################
################################################
################################################
################################################
################################################
################################################
################################################
################################################
################################################
################################################
################################################
################################################
################################################
################################################
################################################
############....#..#...######...######..########
############....|..|..............##############
#######.........|..|..............##############
#####=..........|..|.....................=######
#######.........|..|....................########
#####=..........|..|.....................=######
#######.........|..|....................########
#####=..........|..|.....................=######
#######.........|..|....................########
################HHHH############################
################|..|############################
################|..|############################
################|..|############################
################+--+############################
################|..|############################
################|..|############################
################|..|############################
################+--+############################
################|..|############################
################|..|############################
################|..|############################
################+--+############################
################|..|############################
################|..|############################
################|..|############################
################+--+############################
################|..|############################
################|..|############################
################|.-+############################
################+-.|############################
################|..|############################
################|..+############################
################+-.|############################
################|..|############################
################|..|############################
#######.#.##....+--+....###...........##########
#######.#.#.....|..|.....#######################
#########.#.....|..|..................##########
#######...#.....|..|...................=########
###########.....+--+..................##########
#######.........|..|...................=########
#######.........|..|..................##########
#####=..........|..|...................=########
#######........######....#####........##########
################################################
################################################
################################################
################################################
################################################
################################################
################################################
################################################
################################################
################################################
################################################
################################################
(5,25),(5,26)|(5,27),(5,28)|(5,29),(5,30)|(5,64),(5,65)|(7,24),(7,25)|(7,26),(7,27)|(7,28),(7,29)|(7,30),(7,31)|(7,57),(7,59)|(7,60),(7,61)|(7,62),(7,64)|(7,65),(7,66)|(8,57),(8,59)|(9,57),(9,60)|(10,57),(10,61)|(11,58),(11,62)|(12,22),(12,24)|(12,57),(12,58)|(15,65),(15,66)|(16,22),(16,23)|(16,31),(16,57)|(17,22),(17,23)|(19,22),(19,23)|(20,22),(20,23)|(20,31),(20,57)|(21,65),(21,66)|(23,22),(23,23)|(24,57),(24,58)|(25,58),(25,59)|(25,65),(25,66)|(27,57),(27,58)|(29,22),(29,23)|(30,65),(30,66)|(32,22),(32,23)|(34,23),(34,25)|(38,22),(38,23)|(38,57),(38,58)|(38,59),(38,60)|(38,61),(38,62)|(38,63),(38,64)|(38,65),(38,66)|(40,22),(40,23)|(40,26),(40,27)|(40,28),(40,29)|(40,30),(40,31)|(40,60),(40,61)|(40,62),(40,63)|(40,64),(40,65)|(42,25),(42,26)|(42,27),(42,28)|(42,29),(42,30)|
(12,12),(16,22)|(17,17),(19,22)|(20,20),(23,22)|(29,29),(32,22)|(38,38),(40,22)|(16,16),(17,23)|(19,19),(20,23)|(23,23),(29,23)|(32,32),(34,23)|(38,38),(40,23)|(7,7),(12,24)|(5,5),(7,25)|(34,34),(42,25)|(5,5),(7,26)|(40,40),(42,26)|(5,5),(7,27)|(40,40),(42,27)|(5,5),(7,28)|(40,40),(42,28)|(5,5),(7,29)|(40,40),(42,29)|(5,5),(7,30)|(40,40),(42,30)|(7,7),(16,31)|(20,20),(40,31)|(7,7),(8,57)|(9,9),(10,57)|(12,12),(16,57)|(20,20),(24,57)|(27,27),(38,57)|(11,11),(12,58)|(24,24),(25,58)|(27,27),(38,58)|(7,7),(8,59)|(25,25),(38,59)|(7,7),(9,60)|(38,38),(40,60)|(7,7),(10,61)|(38,38),(40,61)|(7,7),(11,62)|(38,38),(40,62)|(38,38),(40,63)|(5,5),(7,64)|(38,38),(40,64)|(5,5),(7,65)|(15,15),(21,65)|(25,25),(30,65)|(38,38),(40,65)|(7,7),(15,66)|(21,21),(25,66)|(30,30),(38,66)|


(16.5,23),(16.5,31)|(16.5,32),(16.5,65)|(19.5,23),(19.5,31)|(19.5,32),(19.5,65)|
(18,50.5),(18,51.5)|
end file : LF_B05