Pièce : LF_B04
taille : 105x35
#########################################################################################################
########################################.################################################################
####=.....#####.......##############.................####################################################
#########.#####.#####.##############+#######+#######+####################################################
#########+#####+#####+######=######.|.#####.|.#####.|.###################################################
########.|.###.|.###.|.#####.######.|.#####.|.#####.|.###################################################
########.|.###.|.###.|.#####.#####/.|./###/.|./###/.|./##################################################
########...###...###...#####.#####..|..###.....###..|..##################################################
########...###...###...#####.#####..|..###.....###..|..##################################################
########...###...###...#####.#####/.|./###/.../###/.|./##################################################
########...###...###...#####.######.|.#####.|.#####.|.###################################################
############################.######.|.#####.|.#####.|.###################################################
#########.#####.#####.######.######.|.#####.|.#####.|.###################################################
#########.......#####........#######H#######H#######H####################################################
############.#######################.#######=#######=####################################################
############.#######################.####################################################################
############.........................####################################################################
###################.######.######.#######################################################################
###################+######+######+#######################################################################
######.............|......|......|..#.......#.......#..........................................##########
####=.....................|.....................................................................=########
######.........................................................................................##########
####=...........................................................................................=########
######......................####...............................................................##########
####=..............####.....####..............#.................................................=########
######.............####.....####.........#.../#/...#...........................................##########
####=.......##.....####.....####......../#/.####../#/......#####................................=########
######....#####....####.....####.......##########.#####......#####.............................##########
################...####.....####.....####################################################################
################...####.....####.....####################################################################
################.....................####################################################################
################.....................####################################################################
#########################################################################################################
#########################################################################################################
#########################################################################################################
41,1|10,2|15,2|22,2|36,2|40,2|41,2|53,2|9,3|16,3|21,3|35,4|38,4|43,4|46,4|51,4|54,4|8,5|11,5|14,5|17,5|20,5|23,5|35,6|34,7|39,7|38,6|43,6|42,7|47,7|46,6|51,6|50,7|55,7|54,6|35,10|34,9|39,9|38,10|43,10|42,9|47,9|46,10|51,10|50,9|55,9|54,10|8,11|9,12|10,12|11,11|14,11|15,12|16,12|17,11|20,11|21,12|22,12|23,11|10,13|15,13|22,13|28,13|35,13|38,13|43,13|46,13|51,13|54,13|9,14|12,14|13,14|16,14|21,14|29,14|13,16|36,16|12,17|19,17|20,17|26,17|27,17|33,17|34,17|37,17|6,19|37,19|36,19|45,19|44,19|53,19|52,19|95,19|6,20|37,20|36,20|45,20|44,20|53,20|52,20|95,20|6,22|6,21|95,22|95,21|6,24|6,23|28,23|32,23|95,24|95,23|19,24|23,24|47,24|46,24|6,26|6,25|42,25|41,25|46,25|45,26|48,26|47,25|52,25|51,25|95,26|95,25|12,26|14,26|41,26|40,27|43,27|42,26|44,26|51,26|50,27|53,27|52,26|59,27|59,26|61,27|64,26|6,27|10,27|12,27|14,27|15,27|39,27|44,27|48,27|49,27|55,27|64,27|66,27|95,27|6,28|10,28|15,28|16,28|37,28|39,28|49,28|50,28|55,28|61,28|66,28|95,28|19,30|23,30|28,30|32,30|16,32|37,32|