HI_C01
54*121|-1|0
2.9301*8.5097|0|0
-161,41|-161,806|-161,1572
Border: Solid




20|6|15|0,6,0,0,1,-1 -1,-1 -1,567 128,104 35,112 40,453 73,-1 -1,-1 -1,567 128,104 35,112 40,453 73,-1 -1,-1 -1,1172 90,-1 -1,-1 -1,1199 54,-1 -1,105 54,231 106,61 32,71 37,155 72,-1 -1,109 57,229 113,63 35,72 39,165 81,-1 -1,-1 -1,567 128,104 35,112 40,453 73,-1 -1,1705 56,2888 58,1627 37,1849 42,2897 80,-1 -1,-1 -1,-1 -1,-1 -1,-1 -1,-1 -1,-1 -1,107 54,202 94,63 32,73 37,131 63,-1 -1,-1 -1,-1 -1,-1 -1,-1 -1,-1 -1,-1 -1,-1 -1,-1 -1,-1 -1,-1 -1,-1 -1,-1 -1,-1 -1,-1 -1,-1 -1,-1 -1,-1 -1,-1 -1,154 54,-1 -1,102 33,112 38,222 83,-1 -1,-1 -1,-1 -1,-1 -1,-1 -1,-1 -1,-1 -1,-1 -1,442 93,-1 -1,-1 -1,-1 -1,|0,4,0,1,1,1820 116,-1 -1,302 58,1751 91,1737 87,361 88,1687 128,-1 -1,302 58,1618 103,1604 99,361 88,2813 131,-1 -1,467 58,-1 -1,-1 -1,526 88,105 54,-1 -1,183 86,155 79,165 84,145 70,109 57,-1 -1,179 86,160 85,170 89,148 75,1687 128,-1 -1,302 58,1618 103,1604 99,361 88,1705 56,-1 -1,2621 37,2646 82,2465 34,2581 80,-1 -1,-1 -1,-1 -1,-1 -1,-1 -1,-1 -1,107 54,-1 -1,134 61,159 79,169 84,135 65,-1 -1,-1 -1,-1 -1,-1 -1,-1 -1,-1 -1,-1 -1,-1 -1,-1 -1,-1 -1,-1 -1,-1 -1,-1 -1,-1 -1,-1 -1,-1 -1,-1 -1,-1 -1,144 54,-1 -1,-1 -1,200 82,210 87,208 76,-1 -1,-1 -1,-1 -1,-1 -1,-1 -1,-1 -1,10656 112,-1 -1,265 58,-1 -1,-1 -1,-1 -1,|0,3,0,2,1,1645 189,-1 -1,-1 -1,1576 164,1561 160,121 60,1645 189,-1 -1,-1 -1,1576 164,1561 160,121 60,2686 170,-1 -1,-1 -1,-1 -1,-1 -1,144 60,236 111,182 85,-1 -1,286 136,296 141,118 57,229 113,178 85,-1 -1,281 141,290 145,115 57,1645 189,-1 -1,-1 -1,1576 164,1561 160,121 60,2888 58,2621 37,-1 -1,3131 34,2926 29,3227 77,-1 -1,-1 -1,-1 -1,-1 -1,-1 -1,-1 -1,202 94,134 61,-1 -1,253 119,263 124,110 54,-1 -1,-1 -1,-1 -1,-1 -1,-1 -1,-1 -1,-1 -1,-1 -1,-1 -1,-1 -1,-1 -1,-1 -1,-1 -1,-1 -1,-1 -1,-1 -1,-1 -1,-1 -1,-1 -1,-1 -1,-1 -1,-1 -1,-1 -1,-1 -1,-1 -1,-1 -1,-1 -1,-1 -1,-1 -1,-1 -1,10624 153,-1 -1,-1 -1,-1 -1,-1 -1,-1 -1,|1,6,0,0,1,104 35,-1 -1,659 156,-1 -1,43 15,545 101,104 35,-1 -1,659 156,-1 -1,43 15,545 101,1025 14,-1 -1,1950 77,-1 -1,-1 -1,2009 107,61 32,154 79,280 131,-1 -1,19 10,205 97,63 35,160 85,281 141,-1 -1,27 15,216 109,104 35,-1 -1,659 156,-1 -1,43 15,545 101,1627 37,2646 82,3131 34,-1 -1,677 12,3838 106,-1 -1,-1 -1,-1 -1,-1 -1,-1 -1,-1 -1,63 32,159 79,253 119,-1 -1,18 10,183 88,-1 -1,-1 -1,-1 -1,-1 -1,-1 -1,-1 -1,-1 -1,-1 -1,-1 -1,-1 -1,-1 -1,-1 -1,-1 -1,-1 -1,-1 -1,-1 -1,-1 -1,-1 -1,102 33,200 82,-1 -1,-1 -1,56 10,268 111,-1 -1,-1 -1,-1 -1,-1 -1,-1 -1,-1 -1,-1 -1,-1 -1,-1 -1,-1 -1,-1 -1,-1 -1,|1,6,0,0,1,112 40,-1 -1,667 161,43 15,-1 -1,554 106,112 40,-1 -1,667 161,43 15,-1 -1,554 106,997 20,-1 -1,1898 71,-1 -1,-1 -1,1957 101,71 37,165 84,291 136,19 10,-1 -1,215 102,72 39,170 89,290 145,27 15,-1 -1,225 113,112 40,-1 -1,667 161,43 15,-1 -1,554 106,1849 42,2465 34,2926 29,677 12,-1 -1,3833 71,-1 -1,-1 -1,-1 -1,-1 -1,-1 -1,-1 -1,73 37,169 84,263 124,18 10,-1 -1,193 93,-1 -1,-1 -1,-1 -1,-1 -1,-1 -1,-1 -1,-1 -1,-1 -1,-1 -1,-1 -1,-1 -1,-1 -1,-1 -1,-1 -1,-1 -1,-1 -1,-1 -1,-1 -1,112 38,210 87,-1 -1,56 10,-1 -1,278 116,-1 -1,-1 -1,-1 -1,-1 -1,-1 -1,-1 -1,-1 -1,-1 -1,-1 -1,-1 -1,-1 -1,-1 -1,|1,4,0,2,1,1531 134,-1 -1,121 60,1462 109,1448 105,-1 -1,1531 134,-1 -1,121 60,1462 109,1448 105,-1 -1,2746 200,-1 -1,144 60,-1 -1,-1 -1,-1 -1,161 77,144 69,118 57,210 102,221 107,-1 -1,165 81,147 74,115 57,216 109,225 113,-1 -1,1531 134,-1 -1,121 60,1462 109,1448 105,-1 -1,2897 80,2581 80,3227 77,3838 106,3833 71,-1 -1,-1 -1,-1 -1,-1 -1,-1 -1,-1 -1,-1 -1,131 63,135 65,110 54,183 88,193 93,-1 -1,-1 -1,-1 -1,-1 -1,-1 -1,-1 -1,-1 -1,-1 -1,-1 -1,-1 -1,-1 -1,-1 -1,-1 -1,-1 -1,-1 -1,-1 -1,-1 -1,-1 -1,-1 -1,254 85,240 78,-1 -1,310 113,320 118,-1 -1,-1 -1,-1 -1,-1 -1,-1 -1,-1 -1,-1 -1,-1 -1,-1 -1,-1 -1,-1 -1,-1 -1,-1 -1,|
1|1|1|1|1|1|1|1|1|1|1|1|1|1|1|1|1|1|1|1|1|1|1|1|1|1|1|1|1|1|1|1|1|1|1|1|1|1|1|1|1|1|1|1|1|1|1|1|1|1|1|1|1|1|1|1|1|1|1|1|1|1|1|1|1|1|1|1|1|1|1|1|1|1|1|1|1|1|1|1|1|1|1|1|1|1|1|1|1|1|1|1|1|1|1|1|1|1|1|1|1|1|1|1|1|1|1|1|1|1|1|1|1|1|1|1|1|1|1|1|1|1|1|1|1|1|1|1|1|1|1|1|1|1|1|1|1|1|1|1|1|1|1|1|1|1|1|1|1|1|1|1|1|1|1|1|1|1|1|1|1|1|1|1|1|1|1|1|1|1|1|1|1|1|1|1|1|1|1|1|1|1|1|1|1|1|1|1|1|1|1|1|1|1|1|1|1|1|1|1|1|1|1|1|1|1|1|1|1|1,5,3|1|1|1|1|1|1|1|1|1|1|1|1|1|1|1|1|1|1|1|1|1|1|1|1|1|1|1|1|1|1|1|1|1|1|1|1|1|1|1|1|1|1|1|1|1|1|1|1|1|1|1|1|1|1|1|1|1|1|1|1|1|1|1|1|1|1|1|1|1|1|1|1|1|1|1|1|1|1|1|1|1|1|1|1|1|1|1|1|1|1|1|1|1|1|1|1|1|1|1|1|1|1|1|1|1|1|1|1|1|1|1|1|1|1|1|1|1|1|1|1|1,3|1|1|1|1|1|1|1|1|1|1|1|1|1|1|1|1|1|1|1|1|1|1|1|1|1|1|1|1|1|1|1|1|1|1|1|1|1|1|1|1|1|1|1|1|1|1|1|1|1|1|1|1|1|1|1|1|1|1|1|1|1|1|1|1|1|1|1|1|1|1|1|1|1|1|1|1|1|1|1|1|1|1|1|1|1|1|1|1|1|1|1|1|1|1|1|1|1|1|1|1|1|1|1|1|1|1|1|1|1|1|1|1|1|1|1|1|1|1|1|1|1,3|1|1|1|1|1|1|1|1|1|1|1|1|1|1|1|1|1|1|1|1|1|1|1|1|1|1|1|1|1|1|1|1|1|1|1|1|1|1|1|1|1|1|1|1|1|1|1|1|1|1|1|1|1|1|1|1|1|1|1|1|1|1|1|1|1|1|1|1|1|1|1|1|1|1|1|1|1|1,3|1,3|1,3|1,3|1,3|1,3|1,3|1,3|1,3|1,3|1,3|1,3|1|1|1|1|1|1|1|1|1|1|1|1|1|1|1|1|1|1|1|1|1|1|1|1|1|1|1|1|1|1|1|1,3|1|1|1|1|1|0,6|0,6|0,6|0,6|0,6|0,6|0,6|0,6|0,6|0,6|0,6|0,6|0,6|0,6|1|1|1|1|1|1|1|1|1|1|1|1|1|1|1|1|1|1|1|1|1|1|1|1|1|1|1|1|1|1|1|1|1|1|1|1|1|1|1|1|1|1|1|1|1|1|1|1|1|1|1|1|1|1|1|1|1|1|1,3|1|1|1|1|1|1|1|1|1|1|1,3|1|1|1|1|1|1|1|1|1|1|1|1|1|1|1|1|1|1|1|1|1|1|1|1|1|1|1|1|1|1|1|4,3,6|1|1|1|1|1|0,6|1|1|1|1|1|1|1|1|1|1|1|1|0,6|1|1|1|1|1|1|1|1|1|1|1|1|1|1|1|1|1|1|1|1|1|1|1|1|1|1|1|1|1|1|1|1|1|1|1|1|1|1|1|1|1|1|1|1|1|1|1|1|1|1|1|1|1|1|1|1|1|1|1,3|1|1|1|0|0|0|0|1|1|1|1,3|1|0|0|0|0,6|3,6|0,6|0,6|0,6|0,6|0,6|0,6|0,6|0,6|0,6|0,6|0,6|0,6|1|1|1|1|1|1|1|1|1|1|1|1|1|0,6|1|1|1|1|1|0,6|1|1|1|1|1|1|1|1|1|1|1|1|0,6|1|1|1|1|1|1|1|1|1|1|1|1|1|1|1|1|1|1|1|1|1|1|1|1|1|1|1|1|1|1|1|1|1|1|1|1|1|1|1|1|1|1|1|1|1|1|1|1|1|1|1|1|1|1|1|1|1|1|1,3|1|1|1|0|0|0|0|0|1|1|1,3|1|0|0|0|0,6|1|1|1|1|1|1|1|1|1|1|1|1|0,6|1|1|1|1|1|1|1|1|1|1|2,6|0,6|0,6|0,6|3,6|0,6|0,6|0,6|0,6|0,6|1|1|1|1|1|1|1|1|1|1|1|1|0,6|0,6|0,6|0,6|0,6|0,6|0,6|0,6|0,6|0,6|4,3,6|1,3|1,3|1|1|1|1|1|1|1|1|1|1|1|1|1|1|1|1|1|1|1|1|1|1|1|1|1|1|1|1|1|1|1|1|1|1|1|1|1|1|1|1|1|1|1|1|1|1|4,3,6|1|1|1|0|0|0|0|0|0|1|1,3|1|0|0|0|0,6|1|1|1|0|0|0|0|0|0|0|0|1|0,6|1|1|1|1|1|1|1|1|2,6|0,6|0,6|0,6|0,6|0,6|1|1|1|1|1|0,6|1|1|1|1|1|1|1|1|1|1|1|1|0,6|1|1|1|1|1|1|1|0,6|1|1|1|1,3|1|1|1|1|1|1|1|1|1|1|1|1|1|1|1|1|1|1|1|1|1|1|1|1|1|1|1|1|1|1|1|1|1|1,4,3|1|1|1|1|1|1|1|1|1|1|1|1|0,6|1|1|1|0|0|0|0|0|0|1|1,3|1|0|0|0|1|1|1|1|0,1|0,1|0,1|0,1|0|0|0|0|1|0,6|1|1|1|1|1|1|2|0,6|0,6|0,6|0,6|0,6|0,6|0,6|1|1|1|1|1|0,6|1|1|1|1|1|1|1|1|1|1|1|1|0,6|1|1|1|1|1|1|1|0,6|1|1|1|1,3|1|1|1|1|1|1|1|1|1|1|1|1|1|1|1|1|1|1|1|1|1|1|1|1|1|1|1|1|1|1|1|1|1|1,3|1|1|1|1|1|1|1|1|1|1|1|2|0|1|1|1|0|0|0|0|0|0|0,6|0,3,6|0,6|0|0|0|1|1|1|1|0|0|0|0|0|0|0|0|0|0|1|1|1|1|2|0|0|0,6|0,6|0,6|0|0|0|0|1|1|1|2|0|0|0|0,6|0,6|0,6|0,6|0,6|0,6|0,6|0,6|0,6|0,6|0,6|0,6|0,6|0,6|0,6|0,6|0,6|0,6|0,6|0,6|1|1|1|1,3|1|1|1|1|1|1|1|1|1|1|1|1|1|1|1|1|1|1|1|1|1|1|1|1|1|1|1|1|1|1|1|1|1|1,3|1|1|1|1|1|1|1|1|1|2|0|0|0|1|1|2,6|0|0|0|0|0|0|0,6|0,3,6|0,6|0|0|0|1|1|1|1|0|0|0|0|0|0|0|0|0|0|1|1|2|0|0|0|0|0,6|0,6|0,6|0|0|0|0|1|1|1|0|0|0|1|1|1|1|1|1|1|1|1|1|1|1|1|1|1|1|1|1|1|1|1|1|1|1|1,3|1|1|1|1|1|1|1|1|1|1|1|1|1|1|1|1|1|1|1|1|1|1|1|1|1|1|1|1|1|1|1|1|1|1,3|1|1|1|1|1|1|1|2|0|0|0|0|0|1|2,6|0,6|0|0|0|0|0|0|0,6|0,3,6|0,6|0|0|0|0,6|1|1|1|0|0|0|0|0|0|0|0|0|0|0|0|0|0|0|0|0|0,6|0,6|0,6|0|0|0|0|3,6|0,6|0,6|0|0|0|1|1|1|1|1|1|1|1|1|1|1|1|1|1|1|1|1|1|1|1|1|1|1|1|1,3|1|1|1|1|1|1|1|1|1|1|1|1|1|1|1|1|1|1|1|1|1|1|1|1|1|1|1|1|1|1|1|1|1|1,3|1|1|1|1|1|2|0|0|0|0|0|0|0|3,6|0,6|0,6|0|0|0|1|1|1|0,6|0,3,6|0,6|0|0|0|0,6|1|1|1|0|0|0|0|0|1|1|1|0|0|0|0|0|0|0|0|0|0,6|0,6|0,6|0|0|0|0,6|1|1|1|0|0|0,6|1|1|1|1|1|1|1|1|1|1|1|1|1|1|1|1|1|1|1|1|1|1|1|1|1,3|1|1|1|1|1|1|1|1|1|1|1|1|1|1|1|1|1|1|1|1|1|1|1|1|1|1|1|1|1|1|1|1|1|1,3|1|1|1|1|0|0|0|0|0|0|0|0|0|3,6|0,6|0,6|0|0|0|3,6|4,3,6|1,3|0,1,3,6|0,1,3,6|0,1,6|0,1|0,1|0,1|0,1,6|3,1,6|4,3,6|1,3|0,1|0,1|0,1|0,1|0,1|1|1|1|0,1|0,1|0,1|0,1|0,1|0,1|0,1|0,1|0,1|0,1,6|0,1,6|0,6|0|0|0|1|1|1|1|0|0|0,6|1|1|1|1|1|1|1|1|1|1|1|1|1|1|1|1|1|1|1|1|1|1|1|1|1,3|1|1|1|1|1|1|1|1|1|1|1|1|1|1|1|1|1|1|1|1|1|1|1|1|1|1|1|1|1|1|1|1|1|4,3,6|1|1|1|1|0|0|0|0|0|0|0|0|0|3,6|0,6|0,6|0|0|0|1|1|1|0,6|0,6|0,6|0|0|0|0,6|1|1|1,3|0|0|0|0|0|1|1|1|0|0|0|0|0|0|0|0|0|0,6|0,6|0,6|0|0|0,6|1|1|1|1|0|0|0,6|1|1|1|1|0,6|0,6|0,6|0,6|0,6|0,6|0,6|0,6|0,6|0,6|0,6|0,6|0,6|0,6|0,6|0,6|1|1|1|1|1,3|1|1|1|1|1|1|1|1|1|1|1|1|1|1|1|1|1|1|1|1|1|1|1|1|1|1|1|1|1|1|1|1|1|0,6|1|1|1|1|0|0|0|0|0|0|0|0|0|3,6|0,6|0,6|0|0|0|1|1|1|0,6|0,6|0,6|0|0|0|0,6|0,6|0,6|0,3,6|0|0|0|0|0|3,6|4,3,6|1,3|0,1|0,1|0,1|0,1|0,1|0,1|0,1|0,1|0,1|0,1,6|0,1,6|0,1,6|0,1|0,1|1|1|3,6|0,6|0,6|0|0|0,6|1|1|1|1|0|0|0|0|0|0|0|0|0|0|0|0|0|0|0|0,6|1|1|1|1|1,3|1|1|1|1|1|1|1|1|1|1|1|1|1|0|0,6|0,6|0,6|0|0|0|0|0|0|0|0,6|0,6|0,6|0,6|0|0|0|0|0|0|0,6|1|1|1|0|0|0|0|0|0|0|0|0|3,6|0,6|0,6|0|0|0|1|1|1|0,6|0,6|0,6|0|0|0|0,6|0,6|0,6|0,3,6|0|0|0|0|0|1|1|1,3|0|0|0|0|0|0|0|0|0|0,6|0,6|0,6|0|0|0,6|1|1|1|1|0|0|0,6|1|1|1|1|0,6|0,6|0,6|0,6|0,6|0,6|0,6|0,6|0,6|0,6|0,6|0,6|0,6|0,6|0,6|1|1|1|1|1|1,3|1|1|1|1|1|1|1|1|1|1|1|1|1|0,1|0,1,6|0,1,6|0,1,6|0,1|0,1|0,1|0,1|0,1|0,1|0,1|0,1,6|0,1,6|0,1,6|0,1,6|0,1|0,1|0,1|0,1|0,1|0,1|0,1,6|1|1|1|0,1|0|0|0|0|0|0,1|0,1|0,1|3,1,6|0,1,6|0,1,6|0,1|0,1|0,1|1|1|1|0,1,6|0,1,6|0,1,6|0,1|0,1|0,1|0,1,6|0,1,6|0,1,6|0,1,3,6|0,1|0,1|0,1|0,1|0,1|1|1,3|1,3|0,1|0,1|0,1|0,1|0,1|0,1|0,1|0,1|0|0,6|0,6|0,6|0|0|0|1|1|1|1|0|0|0,6|1|1|1|1|1|1|1|1|1|1|1|1|1|1|1|1|1|1|1|1|1|1|1|1|1,3|1|1|1|1|1|1|1|1|1|1|1|1|2|0|0,6|0,6|0,6|0|0|0|0|0|0|0|0,6|0,6|0,6|0,6|0|0|0|0|0|0|0,6|1|1|1|0|0|0|0|0|0|0|0|0|3,6|0,6|0,6|0|0|0|1|1|1|0,6|0,6|0,6|0|0|0|0,6|0,6|0,6|0,3,6|0|0|0|0|0|1|1,3|1|0|0|0|0|0|0|0|0|0|0,6|0,6|0,6|0|0|0|0,6|1|1|1|0|0|0,6|1|1|1|1|1|1|1|1|1|1|1|1|1|1|1|1|1|1|1|1|1|1|1|1|1,3|1|1|1|1|1|1|1|1|1|1|1|2|0|0|0,6|1|1|0|0|0|0|0|0|0|0,6|0,6|0,6|0,6|0|0|0|0|0|0|0,6|0,6|0,6|0,6|0|0|0|0|0|0|0|0|0|3,6|0,6|0,6|0|0|0|2|1|1|0,6|0,6|0,6|0|0|0|0,6|0,6|0,6|0,3,6|0|0|0|0|0|0,6|0,3,6|0,6|0|0|0|0|0|0|0|0|0|0,6|0,6|0,6|0|0|0|0|3,6|0,6|0,6|0|0|0|1|1|1|1|1|1|1|1|1|1|1|1|1|1|1|1|1|1|1|1|1|1|1|1|1,3|1|1|1|1|1|1|1|1|1|1|2|0|0|0|0,6|1|1|0|0|0|0|0|0|0|0,6|0,6|0,6|0,6|0|0|0|0|0|0|0,6|0,6|0,6|0,6|0|0|0|0|0|0|0|0|0|3,6|0,6|0,6|0|0|0|0|2|1|0,6|0,6|0,6|0|0|0|0,6|0,6|0,6|0,3,6|0|0|0|0|0|0,6|0,3,6|0,6|0|0|0|0|0|0|0|0|0|0,6|0,6|0,6|0|0|0|0|1|1|1|0|0|0|1|1|1|1|1|1|1|1|1|1|1|1|1|1|1|1|1|1|1|1|1|1|1|1|1,3|1|1|1|1|1|1|1|1|1|1|0|0|0|0|0,6|1|1|0|0|0|0|0|0|0|0,6|0,6|0,6|0,6|0|0|0|0|0|0|0,6|0,6|0,6|0,6|0|0|0|0|0|0|0|0|0|1|1|1|0|0|0|0|0|0|0|0|0|0|0|0|0,6|1|1|1,3|0|0|0|0|0|0,6|0,3,6|0,6|0|0|0|1|1|1|0|0|0|1|1|0,6|0|0|0|1|1|1|1|2|0|0|0|0,6|0,6|0,6|0,6|0,6|0,6|0,6|0,6|0,6|0,6|0,6|0,6|0,6|0,6|0,6|0,6|0,6|0,6|1|1|1|1|1|1,3|1|1|1|1|1|1|1|1|1|1|0|0|0|0|0,6|1|1|0|0|0|0|0|0|0,6|0,6|1|1|0,6|0,6|0|0|0|0|0,6|0,6|0,6|0,6|0,6|0,6|0,6|0,6|0,6|0,6|0,6|0,6|0,6|0,6|1|1|1|0,6|0,6|0,6|0,6|0,6|0,6|0,6|0,6|0,6|0,6|0,6|0,6|0,6|1|1|1,3|0,6|0,6|0,6|0,6|0,6|0,6|0,3,6|0,6|0,6|0,6|0,6|1|1|1|0,6|0,6|0,6|1|1|1|1|1|1|1|1|1|1|1|1|0,6|1|1|1|1|1|1|1|1|1|1|1|1|1|1|1|1|1|0|0|0|1|1|1|1|1,3|1|1|1,5,3|1,3|1,3|1,3|1,3|1,3|4,3,6|0,1,6|0,1|0,1|0,1|0,1|0,1,6|1|1|0,1|0|0|0|0|0|0,6|0,1,6|1|1|0,1,6|0,1,6|0,1|0,1|0,1|0,1|0,1,6|0,1,6|0,1,6|3,1,6|0,1,6|0,1,6|0,1,6|0,1,6|0,1,6|0,1,6|0,1,6|0,1,6|0,1,6|0,1,6|3,6|4,3,6|1,3|0,1,3,6|0,1,3,6|0,1,3,6|0,1,3,6|0,1,3,6|0,1,3,6|0,1,3,6|0,1,3,6|0,1,3,6|0,1,3,6|0,1,3,6|0,1,3,6|1,3|1,3|1,3|1,3|0,1,6|0,1,6|0,1,6|0,1,6|0,1,6|0,1,6|0,1,3,6|0,1,6|0,1,6|0,1,6|0,1,6|3,6|4,3,6|1,3|0,6|0,6|0,6|1|1|1|1|1|1|1|1|1|1|1|1|0,6|1|1|1|1|1|1|1|1|1|1|1|1|1|1|1|1|1|0|0|0|0,6|1|1|1|1,3|1|1|1|1|1|1|1|1|1|1|0|0|0|0|0,6|1|1|0|0|0|0|0|0|0,6|0,6|1|1|0,6|0,6|0|0|0|0|0,6|0,6|0,6|3,6|0,6|0,6|0,6|0,6|0,6|0,6|0,6|0,6|0,6|0,6|1|1|1|0,6|0,6|0,6|0,6|0,6|0,6|0,6|0,6|0,6|0,6|0,6|0,6|1|1|1|1|0,6|0,6|0,6|0,6|0,6|0,6|0,3,6|0,6|0,6|0,6|0,6|1|1|1,3|0,6|0,6|0,6|3,6|0,6|0,6|0,6|0,6|0,6|0,6|0,6|0,6|1|1|1|0,6|0,6|0,6|0,6|0,6|0,6|0,6|0,6|0,6|0,6|0,6|0,6|0,6|0,6|0,6|0,6|0,6|0,2,1,6|0,1|0,1|0,1|0,1,6|3,1,6|4,3,6|1,3|1,3|1|1|1|1|1|1|1|1|1|1|0|0|0|0|0,6|1|1|0|0|0|0|0|0|0,6|0,6|1|1|0,6|0,6|0|0|0|0|0,6|0,6|0,6|3,6|0,3,6|0,3,6|0,3,6|0,3,6|0,3,6|0,3,6|0,3,6|0,3,6|0,3,6|0,3,6|1,3|1,3|1,3|0,6|0,6|0,6|0,6|0,6|0,6|0,6|0,6|0,6|0,6|0,6|0,6|0,6|1|1|1|0,6|0,6|0,6|0,6|0,6|0,6|0,3,6|0,6|0,6|0,6|0,6|1|1|1,3|0,6|0,6|0,6|1|1|1|1|1|1|1|1|0,6|1|1|1|1|1|1|1|1|1|1|1|0,6|1|1|1|1|1|1|1|1|1|0|0|0|0,6|1|1|1|1|1|1|1|1|1|1|1|1|1|1|0|0|0|0|1|1|1|0|0|0|0|0|0|0,6|0,6|1|1|0,6|0,6|0|0|0|0|0,6|0,6|0,6|3,6|0,3,6|0,6|0,6|0,6|0,6|0,6|0,6|0,6|0,6|0,6|1|1|1,3|0,6|0,6|0,6|0,6|0,6|0,6|0,6|0,6|0,6|0,6|0,6|0,6|0,6|1|1|1|0,6|0,6|0,6|0,6|0,6|0,6|0,3,6|0,6|0,6|0,6|1|1|1|1,3|0,6|0,6|0,6|1|1|1|1|1|1|1|1|0,6|1|1|1|1|1|1|1|1|1|1|1|0,6|1|1|1|1|1|1|1|1|1|0|0|0|0,6|1|1|1|1|1|1|1|1|1|1|1|1|1|1|0|0|0|0|1|1|1|0|0|0|0|0|0|0,6|0,6|1|1|0,6|0,6|0|0|0|0|0,6|0,6|0,6|3,6|0,3,6|0,6|0,6|0,6|0,6|0,6|0,6|0,6|0,6|0,6|1|1|1,3|0,6|0,6|0,6|0,6|0,6|0,6|0,6|0,6|0,6|0,6|0,6|0,6|0,6|1|1|1|0,6|0,6|0,6|0,6|0,6|0,6|0,3,6|0,6|0,6|0,6|1|1|1|1,3|0,6|0,6|0,6|1|1|0,6|0,6|0,6|0,6|0,6|0,6|0,6|0,6|0,6|0,6|0,6|0,6|0,6|0,6|0,6|0,6|0,6|0,6|0,6|0,6|0,6|0,6|0,6|0,6|0,6|0,6|0,6|0,2,1,6|0,1|0,1|0,1|0,1,6|3,6|4,3,6|1,3|1,9,3|1|1|1,5,3|1,3|1,3|1,3|1,3|1,3|4,3,6|0,1,6|0,1|0,1|0,1|0,1|1|1|1|0,1|0,1|0,1|0,1|0,1|0,1|0,1,6|0,1,6|1|1|0,1,6|0,1,6|0,1|0,1|0,1|0,1|0,1,6|0,1,6|0,1,6|3,1,6|0,1,3,6|0,1,6|0,1,6|0,1,6|0,1,6|0,1,6|0,1,6|0,1,6|0,1,6|0,1,6|3,6|4,3,6|1,3|0,1,6|0,1,6|0,1,6|0,1,6|0,1,6|0,1,6|0,1,6|0,1,6|0,1,6|0,1,6|0,1,6|0,1,6|0,1,6|3,6|4,3,6|1,3|0,1,3,6|0,1,3,6|0,1,3,6|0,1,3,6|0,1,3,6|0,1,3,6|0,1,3,6|0,1,3,6|0,1,3,6|1,3|1,3|1,3|1,3|1,3|0,6|0,6|0,6|1|1|0,6|1|1|1|1|1|1|1|1|1|1|1|1|1|1|1|1|1|0,6|1|1|1|1|0,6|1|1|1|1|0|0|0|0,6|1|1|1|1|1|1|1|1|1|1|1|1|1|1|0|0|0|0|1|1|1|0|0|0|0|0|0|0,6|0,6|1|1|0,6|0,6|0|0|0|0|0,6|0,6|0,6|0,6|0,3,6|0,6|0,6|0,6|0,6|0,6|0,6|0,6|0,6|0,6|1|1|1|0,6|0,6|0,6|0,6|0,6|0,6|0,6|0,6|0,6|0,6|0,6|0,6|0,6|1|1|1|0,6|0,6|0,6|0,6|0,6|0,6|0,3,6|0,6|0,6|0,6|1|1|1|1|0,6|0,6|0,6|1|1|0,6|1|1|1|1|1|1|1|1|1|1|1|1|1|1|1|1|1|0,6|1|1|1|1|0,6|1|1|1|1|0|0|0,6|0,6|1|1|1|1|1|1|1|1|1|1|1|1|1|1|2|0|0|0|1|1|1|0|0|0|0|0|0|0|0,6|0,6|0,6|0,6|0|0|0|0|0|0|0,6|0,6|0,6|0,3,6|0|0|0|0|0|0|0|0|0|1|1|1|0|0|0|0|0|0|0|0|0|0|0|0|0,6|1|1|1|0|0|0|0|0|0,6|0,3,6|0,6|0|0|0|1|1|1|0|0|0|1|1|0,6|0|0|0|0|1|1|1|2|0|0|1|1|1|2|0|0|0|0|1|1|1|2|0|0|3|0|0|0|0|0,6|0,6|1|1|1|1|1|1|1|1|1|1|1|1|1|1|1|2|0|0|1|1|1|0|0|0|0|0|0|0|0,6|0,6|0,6|0,6|0|0|0|0|0|0|0,6|0,6|0,6|0,3,6|0|0|0|0|0|0|0|0|0|3,6|0,6|0,6|0|0|0|0|2|1|0,6|0,6|0,6|0|0|0|0,6|0,6|0,6|0,6|0|0|0|0|0|0,6|0,3,6|0,6|0|0|0|0|0|0|0|0|0|0,6|0,6|0,6|0|0|0|0|1|1|1|0|0|0|1|1|1|0|0|0|0|0|1|1|1|0|0|0|3|0|0|0|0|0,6|0,6|1|1|1|1|1|1|1|1|1|1|1|1|1|1|1|1|2|0|1|1|1|0|0|0|0|0|0|0|0,6|0,6|0,6|0,6|0|0|0|0|0|0|0,6|0,6|0,6|0,3,6|0|0|0|0|0|0|0|0|0|3,6|0,6|0,6|0|0|0|2|1|1|0,6|0,6|0,6|0|0|0|0,6|0,6|0,6|0,6|0|0|0|0|0,6|0,6|0,3,6|0,6|0|0|0|0|0|0|0|0|0|0,6|0,6|0,6|0|0|0|0|1|1|1|0|0|0|1|1|1|0|0|0|0|0|1|1|1|0|0|0|3|0|0|0|0|0|2,6|1|1|1|1|1|1|1|1|1|1|1|1|1|1|1|1|1|0,6|1|1|1|0|0|0|0|0|0|0|0,6|0,6|0,6|0,6|0|0|0|0|0|0|0,6|1|1|1,3|0|0|0|0|0|0|0|0|0|3,6|0,6|0,6|0|0|0|1|1|1|0,6|0,6|0,6|0|0|0|0,6|0,6|0,6|0,6|0|0|0|0|0|1|1,3|1|0|0|0|0|0|0|0|0|0|0,6|0,6|0,6|0|0|0|0|0,6|0,6|0,6|0|0|0|1|1|1|0|0|0|0|0,6|1|1|1|0|0|0|1|1|1|0,6|0,6|0,6|1|1|1|1|1|1|1|1|1|1|1|1|1|1|1|1|1|1|0,6|1|1|1|0,1|0,1|0,1|0,1|0,1|0,1|0,1|0,1,6|0,1,6|0,1,6|0,6|0|0|0|0,1|0,1|0,1|0,1,6|1|1|1,3|0|0|0|0|0|0|0|0|0|1|0,1,6|0,1,6|0,1|0,1|0,1|3,1,6|4,3,6|1,9,3|0,1,6|0,1,6|0,1,6|0,1|0,1|0|0,6|0,6|0,6|0,6|0|0,1|0,1|0,1|0,1|1|1,3|1|0,1|0,1|0,1|0,1|0,1|0,1|0,1|0,1|0,1|0,1,6|0,6|0,6|0|0|0|0|0,6|0,6|0,6|0|0|0|1|1|1|0|0|0|0,6|0,6|1|1|1|0|0|0|1|1|1|0,6|0,6|0,6|1|1|1|1|1|1|1|1|1|1|1|1|1|1|1|1|1|1|4,3,6|1|1|1|0|0|0|0|0|0|0|0,6|0,6|0,6|0,6|0|0|0|0|0|0|0,6|1|1|1,3|0|0|0|0|0|0|0|0|0|3,6|0,6|0,6|0|0|0|1|1|1|0,6|0,6|0,6|0|0|0|0,6|0,6|0,6|0,6|0|0|0|0|0|1|1,3|1|0,6|0|0|0|0|0|0|0|0|0,6|0,6|0,6|0|0|0|0|0,6|0,6|0,6|0|0|1|1|1|1|0|0|0|0|0,6|1|1|1|0|0|1|1|1|1|0,6|0,6|0,6|3,6|4,3,6|1,3|1,3|1,4,3|1|1|1|1|1|1|1|1|1|1|1|1|1|1,3|1|1|1|1|1|1|1|1|1|1|1|1|1|1|1|1|1|1|1|0,6|1|1|1|1,3|0|0|0|0|0|0|0|0|0|3,6|0,6|0,6|0|0|0|1|1|1|0,6|0,6|0,6|0|0|0|0,6|0,6|0,6|0,6|0|0|0|0|0,6|1|1,3|1|0,1|0,1|0,1|0,1|0,1|0,1|0,1|0,1|0,1|0,1,6|0,1,6|0,1,6|0,1|0,1|0,1|0,1|0,1,6|0,1,6|0,1,6|0,1|0,1|3,1,6|4,3,1,6|1,3|1|0|0|0|0|0,6|1|1|1|0|0|3,6|4,3,6|1,3|1|0,6|0,6|0,6|1|1|1|1|1|1|1|1|1|1|1|1|1|1|1|1|1|1|1,3|1|1|1|1|1|1|1|1|1|1|1|1|1|1|1|1|1|1|1|4,3,6|1|1|1|1,3|0|0|0|0|0|0|0|0|0|3,6|0,6|0,6|0|0|0|1|1|1|0,6|0,6|0,6|0|0|0|0,6|1|1|1|0|0|0|0|0|1|1,3|1|0,6|0|0|0|0|0|0|0|0|0,6|0,6|0,6|0|0|0|0|0,6|0,6|0,6|0|0|1|1|1,3|1|0|0|0|0|0|1|1|1|0|0|1|1|1,3|1|0,6|0,6|0,6|3,6|4,3,6|1,3|1,3|1|1|1|1|1|1|1|1|1|1|1|1|1|1|1,3,9|1|1|1|1|1|1|1|1|1|1|1|1|1|1|1|1|1|1|1|1,3|1|1|1|1,3|0|0|0|0|0|0|0|0|0|1|0,1,6|0,1,6|0,1|0,1|0,1|3,1,6|4,3,6|1,3|0,1,3,6|0,1,3,6|0,1,6|0,1|0,1|0,1,6|0,6|1|1|1|0,1|0,1|0,1|0,1|0,1|1|4,3,6|1|0,1|0,1|0,1|0,1|0,1|0,1|0,1|0,1|0,1|0,1,6|0,1,6|0,1,6|0,1|0|0|0|0,6|0,6|0,6|0|0|0|1|1,3|1|0|0|0|0|0|1|1|1|0|0|0|1|1,3|1|0,6|0,6|0,6|1|1|1|1|1|1|1|1|1|1|1|1|1|1|1|1|1|1|1|1|1|1|1|1|1|1|1|1|1|1|1|1|1|1|1|1|1|1|1,3|1|1|1|1,3|1|2|0|0|0|0|0|0|0|3,6|0,6|0,6|0|0|0|1|1|1|0,6|0,3,6|0,6|0|0,6|0,6|0,6|1|1|1|0|0|0|0|0|1|0,6|1|0|0|0|0|0|0|0|0|0|0,6|0,6|0,6|0|0|0|0|0,6|0,6|0,6|0|0|0|1|1,3|1|0|0|0|0|0|1|1|1|0|0|0|1|1,3|1|0,6|0,6|0,6|1|1|1|1|1|1|1|1|1|1|1|1|1|1|1|1|1|1|1|1|1|1|1|1|1|1|1|1|1|1|1|1|1|1|1|1|1|1|1,3|1|1|1|1,3|1|1|1|2|0|0|0|0|0|1|2,6|0,6|0|0|0|0|0|0|0,6|0,3,6|0,6|0|0|0,6|0,6|1|1|1|0|0|0|0|0|0|0|0|0|0|0|0|0|0|0|0|0|0,6|0,6|0,6|0|0|0|0|1|1|1|0|0|0|1|1,3|1|0|0|0|0|0|1|1|1|0|0|0|3|0,3,6|0|0|0|0|2,6|1|1|1|1|1|1|1|1|1|1|1|1|1|1|1|1|1|1|1|1|1|1|1|1|1|1|1|1|1|1|1|1|1|1|1|1|1|1,3|1,3|1,3|1,3|1,3|1|1|1|1|1|2|0|0|0|1|1|2,6|0|0|0|0|0|0|0,6|0,3,6|0,6|0|0|0,6|0,6|1|1|1|0|0|0|0|0|0|0|0|0|0|1|1|2|0|0|0|0|0,6|0,6|0,6|0|0|0|0|1|1|1|0|0|0|1|1,3|1|0|0|0|0|0|1|1|1|0|0|0|3|0,3,6|0|0|0|0|0,6|1|1|1|1|1|1|1|1|1|1|1|1|1|1|1|1|1|1|1|1|1|1|1|1|1|1|1|1|1|1|1|1|1|1|1|1|1|1|1|1|1|1|1|1|1|1|1|1|1|2|0|1|1|1|0|0|0|0|0|0|0,6|0,3,6|0,6|0|0|0|0,6|1|1|1|0|0|0|0|0|0|0|0|0|0|1|1|1|1|2|0|0|0,6|0,6|0,6|0|0|0|0|1|1|1|2|0|0|1|1,3|1|2|0|0|0|0|1|1|1|2|0|0|3|0,3,6|0|0|0|0|0,6|1|1|1|1|1|1|1|1|1|1|1|1|1|1|1|1|1|1|1|1|1|1|1|1|1|1|1|1|1|1|1|1|1|1|1|1|1|1|1|1|1|1|1|1|1|1|1|1|1|1|0,6|1|1|1|0|0|0|0|0|0|1|1,3|1|0|0|0|0,6|3,6|4,3,6|1,3|0,1|0,1|0,1|0,1|0,1|0,1|0,1|1|1|0,6|1|1|1|1|1|1|2|0,6|0,6|0,6|0,6|0,6|0,6|0,6|1|1|1|1|1|0,6|1|1,3|1|1|1|1|1|0,6|1|1|1|1|1|0,6|1|1,3|1|1|1|1|0,6|1|1|1|1|1|1|1|1|1|1|1|1|1|1|1|1|1|1|1|1|1|1|1|1|1|1|1|1|1|1|1|1|1|1|1|1|1|1|1|1|1|1|1|1|1|1|1|1|1|1|4,3,6|1|1|1|0|0|0|0|0|0|1|1,3|1|0|0|0|0,6|1|1|1,3|0|0|0|0|0|0|0|1|1|0,6|1|1|1|1|1|1|1|1|2,6|0,6|0,6|0,6|0,6|0,6|1|1|1|1|1|0,6|1|1,3|1|1|1|1|1|0,6|1|1|1|1|1|0,6|1|1,3|1|1|1|1|0,6|1|1|1|1|1|1|1|1|1|1|1|1|1|1|1|1|1|1|1|1|1|1|1|1|1|1|1|1|1|1|1|1|1|1|1|1|1|1|1|1|1|1|1|1|1|1|1|1|1|1|1,3|1|1|1|0,6|0,6|0,6|0,6|0,6|0,6|1|1,3|1|0|0|0|0,6|1|1|1,3|1|1|1|1|1|1|1|1|1|0,6|1|1|1|1|1|1|1|1|1|1|2,6|0,6|0,6|0,6|0,6|0,6|0,6|0,6|0,6|0,6|1|1,3|1|1|1|1|1|0,6|0,6|0,6|0,6|0,6|0,6|0,6|0,6|0,3,6|0,6|0,6|0,6|0,6|0,6|1|1|1|1|1|1|1|1|1|1|1|1|1|1|1|1|1|1|1|1|1|1|1|1|1|1|1|1|1|1|1|1|1|1|1|1|1|1|1|1|1|1|1|1|1|1|1|1|1|1|1,3|1|1,3|1,3|0,3,6|0,3,6|0,3,6|0,3,6|0,3,6|0,3,6|1,3|1,3|1|0|0|0|0,6|3,6|0,6|0,3,6|0,6|0,6|0,6|0,6|0,6|0,6|0,6|0,6|0,6|0,6|1|1|1|1|1|1|1|1|1|1|1|1|1|0,6|1|1|1|1|1|0,6|1|1,3|1|1|1|1|1|0,6|1|1|1|1|1|1|1|1,3|1|1|1|1|1|1|1|1|1|1|1|1|1|1|1|1|1|1|1|1|1|1|1|1|1|1|1|1|1|1|1|1|1|1|1|1|1|1|1|1|1|1|1|1|1|1|1|1|1|1|1|1|1|1|1|1,3|1|1,3|1|1|1|1|1|0,6|1|1|1|1|1|1|1|1|1|1|1,3|1|1|1|1|1|1|1|1|1|1|1|1|1|1|1|1|1|1|1|1|1|1|1|4,3,6|1|1|1|1|1|0,6|0,6|0,3,6|0,6|0,6|0,6|0,6|0,6|0,6|1|1|1|1|1|1|1|1,3|1|1|1|1|1|1|1|1|1|1|1|1|1|1|1|1|1|1|1|1|1|1|1|1|1|1|1|1|1|1|1|1|1|1|1|1|1|1|1|1|1|1|1|1|1|1|1|1|1|1|1|1|1|1|1|1,3|1,3|1,3|1|1|1|1|1|4,3,2,6|1|1|1|1|1|1|1|1|1|1|1,3|1|1|1|1|1|1|1|1|1|1|1|1|1|1|1|1|1|1|1|1|1|1|1|1,3|1|1|1|1|1|1|1|1,3|1|1|1|1|1|1|1|1|1|1|1|1|1|1,3|1|1|1|1|1|1|1|1|1|1|1|1|1|1|1|1|1|1|1|1|1|1|1|1|1|1|1|1|1|1|1|1|1|1|1|1|1|1|1|1|1|1|1|1|1|1|1|1|1|1|1|1|1|1|1|1|1|1|1|1|1|1|1|1,3|1|1|1|1|1|1|1|1|1|1|1,3|1,3|1,3|1,3|1,3|1,3|1,3|1,3|1,3|1,3|1,3|1,3|1,3|1,3|1,3|1,3|1,3|1,3|1,3|1,3|1,3|1,3|1,3|1,3|1,3|1|1|1|1|1|1|1|1,3|1,3|1,3|1,3|1,3|1,3|1,3|1,3|1,3|1,3|1,3|1,3|1,3|1,3|1,3|1|1|1|1|1|1|1|1|1|1|1|1|1|1|1|1|1|1|1|1|1|1|1|1|1|1|1|1|1|1|1|1|1|1|1|1|1|1|1|1|1|1|1|1|1|1|1|1|1|1|1|1|1|1|1|1|1|1|1|1|1|1|1|1,3|1|1|1|1|1|1|1|1|1|1|1|1|1|1|1|1|1|1|1|1|1|1|1|1|1|1|1|1|1|1|1|1|1|1|1|1|1|1|1|1|1|1|1|1|1|1|1|1|1|1|1|1|1|1|1|1|1|1|1|1|1|1|1|1|1|1|1|1|1|1|1|1|1|1|1|1|1|1|1|1|1|1|1|1|1|1|1|1|1|1|1|1|1|1|1|1|1|1|1|1|1|1|1|1|1|1|1|1|1|1|1|1|1|1|1|1|1|1|1|1|1,3|1|1|1|1|1|1|1|1|1|1|1|1|1|1|1|1|1|1|1|1|1|1|1|1|1|1|1|1|1|1|1|1|1|1|1|1|1|1|1|1|1|1|1|1|1|1|1|1|1|1|1|1|1|1|1|1|1|1|1|1|1|1|1|1|1|1|1|1|1|1|1|1|1|1|1|1|1|1|1|1|1|1|1|1|1|1|1|1|1|1|1|1|1|1|1|1|1|1|1|1|1|1|1|1|1|1|1|1|1|1|1|1|1|1|1|1|1|1|1|1|1,4,3|1|1|1|1|1|1|1|1|1|1|1|1|1|1|1|1|1|1|1|1|1|1|1|1|1|1|1|1|1|1|1|1|1|1|1|1|1|1|1|1|1|1|1|1|1|1|1|1|1|1|1|1|1|1|1|1|1|1|1|1|1|1|1|1|1|1|1|
