HI_C11
54*120|-1|0
6.2172*5.0346|0|0
-156,-7|-157,760|-153,1527
Border: Passable




20|7|15|0,2,0,0,1,-1 -1,1100 88,1095 87,1907 139,1172 121,-1 -1,-1 -1,-1 -1,1100 88,1095 87,1907 139,1172 121,-1 -1,-1 -1,-1 -1,3457 44,3453 43,4712 60,4394 63,-1 -1,-1 -1,-1 -1,237 107,234 108,187 83,194 92,-1 -1,-1 -1,-1 -1,264 138,253 132,220 114,219 113,-1 -1,-1 -1,-1 -1,1100 88,1095 87,1907 139,1172 121,-1 -1,-1 -1,-1 -1,4801 128,4676 124,4082 97,4189 100,-1 -1,-1 -1,-1 -1,-1 -1,-1 -1,-1 -1,-1 -1,-1 -1,-1 -1,-1 -1,259 130,251 126,192 97,198 100,-1 -1,-1 -1,-1 -1,-1 -1,-1 -1,-1 -1,-1 -1,-1 -1,-1 -1,-1 -1,-1 -1,-1 -1,-1 -1,-1 -1,-1 -1,-1 -1,-1 -1,-1 -1,-1 -1,-1 -1,-1 -1,-1 -1,-1 -1,-1 -1,-1 -1,-1 -1,-1 -1,-1 -1,-1 -1,-1 -1,-1 -1,-1 -1,-1 -1,-1 -1,-1 -1,-1 -1,-1 -1,-1 -1,670 88,665 87,-1 -1,-1 -1,-1 -1,-1 -1,|0,4,0,2,1,-1 -1,-1 -1,99 46,911 98,176 80,-1 -1,-1 -1,-1 -1,-1 -1,99 46,911 98,176 80,-1 -1,-1 -1,-1 -1,-1 -1,100 46,1359 63,1041 66,-1 -1,-1 -1,257 130,-1 -1,91 47,107 54,137 71,-1 -1,-1 -1,264 138,-1 -1,91 47,107 54,136 71,-1 -1,-1 -1,-1 -1,-1 -1,99 46,911 98,176 80,-1 -1,-1 -1,4801 128,-1 -1,1623 53,2037 66,2228 77,-1 -1,-1 -1,-1 -1,-1 -1,-1 -1,-1 -1,-1 -1,-1 -1,-1 -1,259 130,-1 -1,92 47,107 54,141 71,-1 -1,-1 -1,-1 -1,-1 -1,-1 -1,-1 -1,-1 -1,-1 -1,-1 -1,-1 -1,-1 -1,-1 -1,-1 -1,-1 -1,-1 -1,-1 -1,-1 -1,-1 -1,-1 -1,-1 -1,-1 -1,-1 -1,-1 -1,-1 -1,-1 -1,130 47,148 56,182 73,-1 -1,-1 -1,-1 -1,-1 -1,-1 -1,-1 -1,-1 -1,-1 -1,-1 -1,-1 -1,-1 -1,99 46,-1 -1,-1 -1,-1 -1,-1 -1,|0,6,0,2,1,-1 -1,99 46,-1 -1,820 57,85 39,-1 -1,-1 -1,-1 -1,99 46,-1 -1,820 57,85 39,-1 -1,-1 -1,-1 -1,100 46,-1 -1,1269 22,951 25,-1 -1,-1 -1,248 126,91 47,-1 -1,125 66,78 39,-1 -1,-1 -1,253 132,91 47,-1 -1,125 66,74 39,-1 -1,-1 -1,-1 -1,99 46,-1 -1,820 57,85 39,-1 -1,-1 -1,4676 124,1623 53,-1 -1,1955 26,1980 31,-1 -1,-1 -1,-1 -1,-1 -1,-1 -1,-1 -1,-1 -1,-1 -1,-1 -1,251 126,92 47,-1 -1,131 66,76 39,-1 -1,-1 -1,-1 -1,-1 -1,-1 -1,-1 -1,-1 -1,-1 -1,-1 -1,-1 -1,-1 -1,-1 -1,-1 -1,-1 -1,-1 -1,-1 -1,-1 -1,-1 -1,-1 -1,-1 -1,-1 -1,-1 -1,-1 -1,-1 -1,140 47,-1 -1,178 66,160 57,-1 -1,-1 -1,-1 -1,-1 -1,-1 -1,-1 -1,-1 -1,-1 -1,-1 -1,-1 -1,99 46,-1 -1,-1 -1,-1 -1,-1 -1,-1 -1,|1,5,0,1,1,-1 -1,562 32,601 47,-1 -1,678 81,-1 -1,-1 -1,-1 -1,562 32,601 47,-1 -1,678 81,-1 -1,-1 -1,-1 -1,1062 32,1099 51,-1 -1,758 29,-1 -1,-1 -1,190 97,107 54,125 66,-1 -1,99 50,-1 -1,-1 -1,220 114,107 54,125 66,-1 -1,99 50,-1 -1,-1 -1,-1 -1,562 32,601 47,-1 -1,678 81,-1 -1,-1 -1,4082 97,2037 66,1955 26,-1 -1,1708 54,-1 -1,-1 -1,-1 -1,-1 -1,-1 -1,-1 -1,-1 -1,-1 -1,-1 -1,192 97,107 54,131 66,-1 -1,99 50,-1 -1,-1 -1,-1 -1,-1 -1,-1 -1,-1 -1,-1 -1,-1 -1,-1 -1,-1 -1,-1 -1,-1 -1,-1 -1,-1 -1,-1 -1,-1 -1,-1 -1,-1 -1,-1 -1,-1 -1,-1 -1,-1 -1,-1 -1,-1 -1,158 56,178 66,-1 -1,138 46,-1 -1,-1 -1,-1 -1,-1 -1,-1 -1,-1 -1,-1 -1,-1 -1,-1 -1,-1 -1,-1 -1,-1 -1,-1 -1,-1 -1,-1 -1,-1 -1,|1,2,0,2,1,-1 -1,176 80,85 39,755 29,-1 -1,-1 -1,-1 -1,-1 -1,176 80,85 39,755 29,-1 -1,-1 -1,-1 -1,-1 -1,453 74,363 33,758 29,-1 -1,-1 -1,-1 -1,196 100,137 71,78 39,99 50,-1 -1,-1 -1,-1 -1,219 113,136 71,74 39,99 50,-1 -1,-1 -1,-1 -1,-1 -1,176 80,85 39,755 29,-1 -1,-1 -1,-1 -1,4189 100,2228 77,1980 31,1708 54,-1 -1,-1 -1,-1 -1,-1 -1,-1 -1,-1 -1,-1 -1,-1 -1,-1 -1,-1 -1,198 100,141 71,76 39,99 50,-1 -1,-1 -1,-1 -1,-1 -1,-1 -1,-1 -1,-1 -1,-1 -1,-1 -1,-1 -1,-1 -1,-1 -1,-1 -1,-1 -1,-1 -1,-1 -1,-1 -1,-1 -1,-1 -1,-1 -1,-1 -1,-1 -1,-1 -1,-1 -1,-1 -1,182 73,150 57,128 46,-1 -1,-1 -1,-1 -1,-1 -1,-1 -1,-1 -1,-1 -1,-1 -1,-1 -1,-1 -1,-1 -1,-1 -1,-1 -1,-1 -1,-1 -1,-1 -1,-1 -1,|3,-1,0,-1,35,-1 -1,-1 -1,-1 -1,-1 -1,-1 -1,-1 -1,-1 -1,-1 -1,-1 -1,-1 -1,-1 -1,-1 -1,-1 -1,-1 -1,-1 -1,-1 -1,-1 -1,-1 -1,-1 -1,-1 -1,-1 -1,-1 -1,-1 -1,-1 -1,-1 -1,-1 -1,-1 -1,-1 -1,-1 -1,-1 -1,-1 -1,-1 -1,-1 -1,-1 -1,-1 -1,-1 -1,-1 -1,-1 -1,-1 -1,-1 -1,-1 -1,-1 -1,-1 -1,-1 -1,-1 -1,-1 -1,-1 -1,-1 -1,-1 -1,-1 -1,-1 -1,-1 -1,-1 -1,-1 -1,-1 -1,-1 -1,-1 -1,-1 -1,-1 -1,-1 -1,-1 -1,-1 -1,-1 -1,-1 -1,-1 -1,-1 -1,-1 -1,-1 -1,-1 -1,-1 -1,-1 -1,-1 -1,-1 -1,-1 -1,-1 -1,-1 -1,-1 -1,-1 -1,-1 -1,-1 -1,-1 -1,-1 -1,-1 -1,-1 -1,-1 -1,-1 -1,-1 -1,-1 -1,-1 -1,-1 -1,-1 -1,-1 -1,-1 -1,-1 -1,-1 -1,-1 -1,-1 -1,-1 -1,-1 -1,-1 -1,-1 -1,-1 -1,-1 -1,-1 -1,-1 -1,|3,-1,0,-1,39,-1 -1,-1 -1,-1 -1,-1 -1,-1 -1,-1 -1,-1 -1,-1 -1,-1 -1,-1 -1,-1 -1,-1 -1,-1 -1,-1 -1,-1 -1,-1 -1,-1 -1,-1 -1,-1 -1,-1 -1,-1 -1,-1 -1,-1 -1,-1 -1,-1 -1,-1 -1,-1 -1,-1 -1,-1 -1,-1 -1,-1 -1,-1 -1,-1 -1,-1 -1,-1 -1,-1 -1,-1 -1,-1 -1,-1 -1,-1 -1,-1 -1,-1 -1,-1 -1,-1 -1,-1 -1,-1 -1,-1 -1,-1 -1,-1 -1,-1 -1,-1 -1,-1 -1,-1 -1,-1 -1,-1 -1,-1 -1,-1 -1,-1 -1,-1 -1,-1 -1,-1 -1,-1 -1,-1 -1,-1 -1,-1 -1,-1 -1,-1 -1,-1 -1,-1 -1,-1 -1,-1 -1,-1 -1,-1 -1,-1 -1,-1 -1,-1 -1,-1 -1,-1 -1,-1 -1,-1 -1,-1 -1,-1 -1,-1 -1,-1 -1,-1 -1,-1 -1,-1 -1,-1 -1,-1 -1,-1 -1,-1 -1,-1 -1,-1 -1,-1 -1,-1 -1,-1 -1,-1 -1,-1 -1,-1 -1,-1 -1,-1 -1,-1 -1,-1 -1,-1 -1,-1 -1,|
1|1|1|1|1|1|1|1|1|1|1|1|1|1|1|1|0,1,6|0,1,6|0,1,6|0,1,6|0,1,6|0,1,6|0|0|0|0|0|0|0|0|0|0|0|0|0|0|0|0|0|0|0|0|0|0|0|0|0|0|0,6|0,6|2,6|1|1|1|1|1|1|1|1|1|1|1|1|1|1|1|1|1|1|1|1|1|1|1|1|1|1|1|1|1|1|1|1|1|1|1|1|1|1|1|1|1|1|1|1|1|1|1|1|1|1|1|1|1|1|1|1|1|1|1|1|1|1|1|1|1|1|1|1|1|1|1|1|1|1|1|1|1|1|1|1|1|1|1|1|1|0,6|0,6|0,6|0,6|0,6|0,6|0|0|0|0|0|0|0|0|0|0|0|0|0|0|0|0|0|0|0|0|0|0|0|0|0|0|0,6|0,6|0,6|0,6|0,6|1|1|1|1|1|1|1|1|1|1|1|1|1|1|1|1|1|1|1|1|1|1|1|1|1|1|1|1|1|1|1|1|1|1|1|1|1|1|1|1|1|1|1|1|1|1|1|1|1|1|1|1|1|1|1|1|1|1|1|1|1|1|1|1|1|1|1|1|1|1|1|1|1|1|1|1|1|1|1|1|1|1|2,6|0,6|0,6|0,6|0,6|0,6|0,6|0|0|0|0|0|0|0|0|0|0|0|0|0|0|0|0|0|0|0|0|0|0|0|0|0|0|0|0|0|0|0|1|1|1|1|1|1|1|1|1|1|1|1|1|1|1|1|1|1|1|1|1|1|1|1|1|1|1|1|1|1|1|1|1|1|1|1|1|1|1|1|1|1|1|1|1|1|1|1|1|1|1|1|1|1|1|1|1|1|1|1|1|1|1|1|1|1|1|1|1|1|1|1|1|1|1|1|1|0,6|0,6|0,6|0,6|0,6|0,6|0,6|0,6|0,6|0,6|0,6|0,6|0|0|0|0|0|0|0|0|0|0|0|0|0|0|0|0|0|0|0|0|0|0|0|0|0|0|0|0|0|0|0|0|0|0|0|1|1|1|1|1|1|1|1|1|1|1|2,6|0,6|0,6|0,6|0,6|0,6|1|1|1|1|1|1|0,6|0,6|0,6|0,6|0,6|0,6|0,6|0,6|0,6|1|1|1|1|1|0,6|0,6|0,6|0,6|1|1|1|1|1|1|1|1|1|1|1|1|1|1|1|1|1|1|1|1|1|1|1|1|1|1|1|1|0,6|0,6|0,6|0,6|0|0|0|0|0|0|0|0|0|0|0|0|0|0|0|0|0|0|0|0|0|0|0|0|0|0|0|0|0|0|0|0|0|0|0|0|0|0|0|0|0|0|0|0|0|0|0|1|1|1|1|1|1|1|1|1|1|2,6|0,6|0,6|0,6|0,6|0,6|0,6|3,6|4,3,6|1,3|1,5,3|1|1|0,6|1|1|1|1|1|1|1|0,6|1|1|1|1|1|0,6|0,6|0,6|0,6|0,6|0,6|1|1|1|1|1|1|1|1|1|1|1|1|1|1|1|1|1|1|1|1|1|1|1|1|1|1|0,6|0,6|0,6|0,6|0,6|0,6|0,6|0,6|0,6|0,6|0,6|0,6|0,6|0,6|0,6|0,6|0,6|0,6|0,6|0,6|0,6|0|0|0|0|0|0|0|0|0|0|0|0|0|0|0|0|0|0|0|0|0|0|0|0|0|0|0|0|0|1|1|1|1|1|1|1|1|1|1|1|0,6|0,6|0,6|0,6|0,6|0,6|0,6|1|1|1|1|1|1|0,6|1|1|1|1|1|1|1|0,6|1|1|1|1|1|0,6|0,6|0,6|0,6|0,6|0,6|0,6|1|1|1|1|1|1|1|1|1|1|1|1|1|1|1|1|1|1|1|1|1|1|1|1|1|1|1|1|1|1|1|1|1|1|1|1|1|1|1|1|1|1|1|1|1|1|1|1|0|0|0|0|0|0|0|0|0|0|0|0,6|0,6|0,6|0,6|0,6|0,6|0,6|0,6|0,6|0,6|0,6|0,6|0,6|0,6|0,6|0,6|1|1|1|1|1|1|1|1|1|1|1|0,6|0,6|0,6|0,6|0,6|0,6|0,6|1|1|1|1|1|1|0,6|1|1|1|1|1|1|1|0,6|1|1|1|1|1|0,6|0,6|0,6|0,6|0,6|0,6|0,6|1|1|1|1|1|1|1|1|1|1|1|1|1|1|1|1|1|1|1|1|1|1|1|1|1|1|1|1|1|1|1|1|1|1|1|1|1|1|1|1|1|1|1|1|1|1|1|1|0|0|0|0|0|0|0|0|0|1|1|1|1|1|1|1|1|1|1|1|1|1|1|1|1|1|1|1|1|1|1|1|1|1|1|1|1|1|0,6|0,6|0,6|0,6|0,6|0,6|0,6|3,6|0,6|0,6|0,6|0,6|0,6|0,6|0,6|0,6|0,6|0,6|1|1|1|0,6|0,6|0,6|0,6|0,6|0,2,1,6|0,1,6|0,1,6|0,1,6|0,1,6|0,1,6|0,1,6|0,1,6|3,6|4,3,6|1,3|1,3|1,3|1,3|1,3|1,9,3|1|1|1|1|1|1|1|1|1|1|1|1|1|1|1|1|1|1|1|1|1|1|1|1|1|1|1|1|1|1|1|1|1|1|1|1|1|1|1|1|0,6|0|0|0|0|0|0|0|0|1|1|1|1|1|1|1|1|1|1|1|1|1|1|1|1|1|1|1|1|1|1|1|1|1|1|1|1|1|0,6|0,6|0,6|0,6|0,6|0,6|0,6|1|1|1|1|1|1|1|1|1|1|0,6|1|1|1|1|1|1|1|1|1|0,6|0,6|0,6|0,6|0,6|0,6|0,6|1|1|1|1|1|1|1|1|1|1|1|1|1|1|1|1|1|1|1|1|1|1|1|1|1|1|1|1|1|1|1|1|1|1|1|1|1|1|1|1|1|1|1|1|1|1|1|1|0,6|0|0|0|0|0|0|0|0,6|1|1|1|1|1|1|1|1|1|1|1|1|1|1|1|1|1|1|1|1|1|1|1|1|1|1|1|1|1|0,6|0,6|0,6|0,6|0,6|0,6|0,6|1|1|1|1|1|1|1|1|1|1|0,6|1|1|1|1|1|1|1|1|1|0,6|0,6|0,6|0,6|0,6|0,6|0,6|1|1|1|1|1|1|1|1|1|1|1|1|1|1|1|1|1|1|1|1|1|1|1|1|1|0,6|0,6|0,6|0,6|0,6|0,6|0,6|0,6|0,6|0,6|0,6|0,6|0,6|0,6|0,6|0,6|0,6|0,6|0,6|1|1|1|1|0,6|0|0|0|0|0|0|0|0,6|1|1|1|1|1|1|1|1|1|1|1|1|1|1|1|1|1|1|1|1|1|1|1|1|1|1|1|1|1|0,6|0,6|0,6|0,6|0,6|0,6|0,6|1|1|1|1|1|1|1|1|1|1|0,6|1|1|1|1|1|1|1|1|1|0,6|0,6|0,6|0,6|0,6|0,6|0,6|1|1|1|1|1|1|1|1|1|1|1|1|1|1|1|1|1|1|1|1|1|1|1|1|1|0,6|0,6|0,6|0,6|0|0|0|0|0|0|0|0|0|0|0|0|0|0|0,6|1|1|1|1|0,6|0|0|0|0|0|0|0|0,6|1|1|1|1|0,6|0,6|0,6|0,6|0,6|0,6|0,6|0,6|0,6|0,6|0,6|0,6|0,6|1|1|1|1|1|1|1|1|1|1|1|1|0,6|0,6|0,6|0,6|0,6|0,6|0,6|3,6|0,6|0,6|0,6|0,6|0,6|0,6|1|1|1|0,6|0,6|0,6|0,6|0,6|0,6|0,6|0,6|0,6|0,2,1,6|0,1,6|0,1,6|0,1,6|0,1,6|0,1,6|0,1,6|0,1,6|3,1,6|4,3,6|1,3|1,3|1,3|1,3|1,3|1,4,3|1|1|1|1|1|1|1|1|1|1|1|1|1|1|1|1|1|1|1|1|1|1|1|1|1|1|1|1|1|1|1|1|1|1|1|1|1|1|1|1|1|1|1|0|0|0|0|1|1|1|1|1|1|1|1|0|0|0|0|0|0|0|0|0|0|1|1|1|1|1|1|1|1|1|1|1|1|1|0,6|0,6|0,6|0,6|0,6|0,6|0,6|1|1|1|1|1|1|0,6|1|1|1|0,6|1|1|1|1|1|1|1|1|1|0,6|0,6|0,6|0,6|0,6|0,6|0,6|1|1|1|1|1|1|1|1|1|1|1|1|1|1|1|1|1|1|1|1|1|1|1|1|1|1|1|1|1|1|1|1|1|1|1|1|1|1|1|1|1|1|1|1|1|1|1|1|1|1|1|1|1|1|1|1|1|1|1|1|1|1|1|1|1|1|1|1|1|1|1|1|1|1|1|1|1|1|1|1|1|1|1|1|1|1|1|1|0,6|0,6|0,6|0,6|0,6|1|1|1|1|1|1|0,6|1|1|1|0,6|1|1|1|1|1|1|1|1|1|0,6|0,6|0,6|0,6|0,6|0,6|0,6|1|1|1|1|1|1|1|1|1|1|1|1|1|1|1|1|1|1|1|1|1|1|1|1|1|1|1|1|1|1|1|1|1|1|1|1|1|1|1|1|1|1|1|1|1|1|1|1|1|1|1|1|1|1|1|1|1|1|1|1|1|1|1|1|1|1|1|1|1|1|1|1|1|1|1|1|1|1|1|1|1|1|1|1|1|1|1|1|0,6|0,6|0,6|0,6|0,6|1|1|1|1|1|1|0,6|1|1|1|0,6|1|1|1|1|1|1|1|1|1|0,6|0,6|0,6|0,6|0,6|0,6|0,6|1|1|1|1|1|1|1|1|1|1|1|1|1|1|1|1|1|1|1|1|1|1|1|1|1|1|1|1|1|1|1|1|1|1|1|1|1|1|1|1|1|1|1|1|1|1|1|1|1|1|1|1|1|1|1|1|1|1|1|1|1|1|1|1|1|1|1|1|1|1|1|1|1|1|1|1|1|1|1|1|1|1|1|1|1|1|0,6|0,6|0,6|0,6|0,6|0,6|0,6|3,6|4,3,6|1,3|1,9,3|1|1|0,6|0,6|0,6|0,6|0,6|0,6|0,6|0,6|0,6|0,6|0,6|0,6|0,6|0,2,1,6|0,1,6|0,1,6|0,6|0,6|0,6|0,1,6|0,1,6|3,6|4,3,6|1,3|1,3|1,3|1,3|1,3|1,3|1|1|1|1|1|1|1|1|1|1|1|1|1|1|1|1|1|1|1|1|1|1|1|1|1|1|1|1|1|1|1|1|1|1|1|1|1|1|1|1|1|1|1|1|1|1|1|1|1|1|1|1|1|1|1|1|1|1|1|1|1|1|1|1|1|1|1|1|1|1|1|1|1|1|1|1|1|1|0|0|0|0|0|0|0|1|1|1|1|1|1|1|1|1|1|1|1|1|1|1|1|1|1|1|1|0,6|0,6|0,6|0,6|0,6|0,6|0,6|1|1|1|1|1|1|1|1|1|1|1|1|1|1|1|1|1|1|1|1|1|1|1|1|1|1|1|1|1|1|1|1|1|1|1|1|1|1|1|1|1|1|1|1|1|1|1|1|1|1|1|1|1|1|1|1|1|1|1|1|1|1|1|1|1|1|1|1|1|1|1|1|1|1|1|1|1|1|1|1|1|1|1|1|1|1|0|0|0|0|0|0|0|2,6|1|1|1|1|1|1|1|1|1|1|1|1|1|1|1|1|1|1|1|0,6|0,6|0,6|0,6|0,6|0,6|0,6|1|1|1|1|1|1|1|1|1|1|1|1|1|1|1|1|1|1|1|1|1|1|1|1|1|1|1|1|1|1|1|1|1|1|1|1|1|1|1|1|1|1|1|1|1|1|1|1|1|1|1|1|1|1|1|1|1|1|1|1|1|1|1|1|1|1|1|1|1|1|1|1|1|1|1|1|1|1|1|1|1|1|1|1|1|1|0|0|0|0|0|0|0|0,6|2,6|1|1|1|1|1|1|1|1|1|1|1|1|1|1|1|1|1|1|0,6|0,6|0,6|0,6|0,6|0,6|0,6|1|1|1|1|1|1|1|1|1|1|1|1|1|1|1|1|1|1|1|1|1|1|1|0,6|0,6|0,6|0,6|0,6|0,6|1|1|1|1|1|1|1|1|1|1|1|1|1|1|1|1|1|1|1|0,6|0|0|0|0|0|0|0|0|0|0,6|0,6|0,6|0,6|0|0|0|0|0|0|0|0|0|0|0|0,6|0,6|0,6|0,6|0|0|0|0|0|0|0|0|0|0|0|0|0|0|0|0|0,6|0,6|0,6|0,6|0,6|0,6|0,6|0,6|0,6|0,6|0,6|0,6|0,6|0,6|0,6|0,6|0,6|0,6|0,6|0,6|0,6|0,6|0,6|0,6|0,6|0,6|0,6|1|1|1|1|1|1|1|1|1|1|1|1|1|1|1|1|1|1|1|1|1|1|1|0,6|0,6|0,6|0,6|0,6|0,6|1|1|1|1|1|1|1|1|1|1|1|1|1|1|1|1|1|1|1|0,6|0|0|0|0|0|0|0|0|0|0,6|0,6|0,6|0,6|0|0|0|0|0|0|0|0|0|0|0|0,6|0,6|0,6|0,6|0|0|0|0|0|0|0|0|0|0|0|0|0|0|0|0|0,6|0,6|0,6|0,6|0,6|0,6|0,6|0,6|0,6|0,6|0,6|0,6|0,6|0,6|0,6|0,6|0,6|0,6|0,6|0,6|0,6|0,6|0,6|0,6|0,6|0,6|0,6|1|1|1|1|1|1|1|1|1|1|1|1|1|1|1|1|1|1|1|1|1|1|1|0,6|0,6|0,6|0,6|0,6|1|1|1|1|1|1|1|1|1|1|1|1|1|1|1|1|1|1|1|1|0,6|0|0|0|0|0|0|0|0|0|0,6|0,6|0,6|0,6|0|0|0|0|0|0|0|0|0|0|0|0,6|0,6|0,6|0,6|0|0|0|0|0|0|0|0|0|0|0|0|0|0|0|0|0,6|0,6|0,6|0,6|0,6|0,6|0,6|0,6|0,6|0,6|0,6|0,6|0,6|0,6|0,6|0,6|0,6|0,6|0,6|0,6|0,6|0,6|0,6|0,6|0,6|0,6|0,6|1|1|1|1|1|1|1|1|1|1|1|1|1|1|1|1|1|1|1|1,4,3|1,3|4,3,6|0,1,6|0,1,6|0,1,6|0,1,6|0,1,6|0,1,6|1|1|1|1|1|1|1|1|1|1|1|1|1|1|1|1|1|1|1|1|0,6|0|0|0|0|0|0|0|0|0|0,6|0,6|0,6|0,6|0|0|0|0|0|0|0|0|0|0|0|0,6|0,6|0,6|0,6|0|0|0|0|0|0|0|0|0|0|0|0|0|0|0|0|0,6|0,6|0,6|0,6|0,6|0,6|0,6|0,6|0,6|0,6|0,6|0,6|0,6|0,6|0,6|0,6|0,6|0,6|0,6|0,6|0,6|0,6|0,6|0,6|0,6|0,6|1|1|1|1|1|1|1|1|1|1|1|1|1|1|1|1|1|1|1|1|1|1|1|1|0,6|0,6|0,6|0,6|0,6|1|1|1|1|1|1|1|1|1|1|1|1|1|1|1|1|1|1|1|1|0,6|0|0|0|0|0|0|0|0|0|0,6|0,6|0,6|0,6|0|0|0|0|0|0|0|0|0|0|0|0,6|0,6|0,6|0,6|0|0|0|0|0|0|0|0|0|0|0|0|0|0|0|0|0,6|0,6|0,6|0,6|0,6|0,6|0,6|0,6|0,6|0,6|0,6|0,6|0,6|0,6|0,6|0,6|0,6|0,6|0,6|0,6|0,6|0,6|0,6|0,6|0,6|1|1|1|1|1|1|1|1|1|1|1|1|1|1|1|1|1|1|1|1|1|1|1|1|1|0,6|0,6|0,6|0,6|0,6|0,6|1|1|1|1|1|1|1|1|1|1|1|1|1|1|1|1|1|1|0,6|0,6|0|0|0|0|0|0|0|0|0|0,6|0,6|0,6|0,6|0|0|0|0|0|0|0|0|0|0|0|1|1|1|1|0|0|0|0|0|0|0|0|0|0|0|0|0|0|0|0|1|1|1|1|0,6|0,6|0,6|0,6|0,6|0,6|0,6|0,6|0,6|0,6|0,6|0,6|0,6|0,6|0,6|0,6|0,6|0,6|0,6|1|1|1|1|1|1|1|1|1|1|1|1|1|1|1|1|1|1|1|1|1|1|1|1|1|1|1|0,6|0,6|0,6|0,6|0,6|0,6|1|1|1|1|1|1|1|1|1|1|1|1|1|1|1|1|1|0,1,6|0,1,6|0,1,6|0,1,6|0,2,1,6|0,1,6|0,6|0|0|0|0|0|0,6|0,6|0,6|0,1,6|0,1|0,1,2|0,1|0,1|0,1|0,1|0,1,2|0,1|0,1|0,1|0,1|3,1,2,6|0,6|1|1|1|0,1|0,1|0,1,2|0,1|0,1|0,1|0,1|0,1,2|0,1|0,1|0,1|0,1,2|0,1|0,1|0,1|3,2,1,6|0,6|0,6|0,2,1,6|0,1,6|0,1,6|0,1,6|0,1,2,6|0,1,6|0,1,6|0,1,6|0,1,2,6|0,6|0,6|0,6|0,6|0,6|0,6|0,1,6|0,1,2,6|0,1,6|0,1,6|0,1,6|1|1|1|1|1|1|1|1|1|1|1|1|1|1|1|1|1|1|1|1|1|1|1|1|1|1|1|0,6|0,6|0,6|0,6|0,6|0,6|3,2,6|0,6|0,6|0,6|0,2,6|0,6|0,6|0,6|0,2,6|0,6|0,6|0,6|0,2,6|0,6|0,6|0,6|0,2,6|0,6|0,6|0,6|0,6|0,2,6|0,6|0,6|0|0|0|0|0|0,6|0,6|0,6|0,6|0|0,2|0|0|0|0|0,2|0|0|0|0|1|1|1|1|0|0|0|0,2|0|0|0|0|0,2|0|0|0|0,2|0|0|0|1|1|1|1|0,6|0,6|0,6|0,2,6|0,6|0,6|0,6|0,2,6|0,6|0,6|0,6|0,6|0,6|0,6|0,6|0,2,6|0,6|0,6|0,6|1|1|1|1|1|1|1|1|1|1|1|1|1|1|1|1|1|1|1|1|1|1|1|1|1|1|1|0,6|0,6|0,6|0,6|0,6|0,6|3,2,6|0,6|0,6|0,6|0,2,6|0,6|0,6|0,6|0,2,6|0,6|0,6|0,6|0,2,6|0,6|0,6|0,6|0,2,6|0,6|0,6|0,6|0,6|0,2,6|0,6|0,6|0|0|0|0|0|0,6|0,6|0,6|0,6|0|0,2|0|0|0|0|0,2|0|0|0|0|1|1|1|1|0|0|0|0,2|0|0|0|0|0,2|0|0|0|0,2|0|0|0|1|1|1|1|0,6|0,6|0,6|0,2,6|0,6|0,6|0,6|0,2,6|0,6|0,6|0,6|0,2,6|0,6|0,6|0,6|0,2,6|0,6|0,6|0,6|1|1|1|1|1|1|1|1|1|1|1|1|1|1|1|1|1|1|1|1|1|1|1|1|1|1|1|0,6|0,6|0,6|0,6|0,6|0,6|1|1|1|1|1|1|1|1|1|1|1|1|1|1|1|1|1|1|1|0,1,6|0,1,6|0,2,1,6|0,1,6|0,1,6|0,1|0,1|0|0|0|0,6|0,1,6|0,1,6|0,1,6|0,1|0,1,2|0,1|0,1|0,1|0,1|0,1,2|0,1|0,1|0,1|0,1|3,1,2,6|0,6|0,6|0,2,1,6|0,1|0,1|0,1|0,1,2|0,1|0|0|0|0,1,2|0,1|0,1|0,1|0,1,2|0,1|0,1|0,1|3,1,2,6|0,6|0,6|0,2,1,6|0,1,6|0,1,6|0,1,6|0,1,2,6|0,1,6|0,1,6|0,1,6|0,1,2,6|0,1,6|0,1,6|0,1,6|0,1,2,6|0,1,6|0,1,6|0,1,6|0,1,2,6|0,1,6|0,1,6|0,1,6|1|1|1|1|1|1|1|1|1|1|1|1|1|1|1|1|1|1|1|1|1|1|1|1|1|1|1|0,6|0,6|0,6|0,6|0,6|0,6|1|1|1|1|1|1|1|1|1|1|1|1|1|1|1|1|1|1|1|0,6|0|0|0|0|0|0|0|0|0|0,6|0,6|0,6|0,6|0|0|0|0|0|0|0|0|0|0|0|1|1|1|1|0|0|0|0|0|0|0|0|0|0|0|0|0|0|0|0|1|1|1|1|0,6|0,6|0,6|0,6|0,6|0,6|0,6|0,6|0,6|0,6|0,6|0,6|0,6|0,6|0,6|0,6|0,6|0,6|0,6|1|1|1|1|1|1|1|1|1|1|1|1|1|1|1|1|1|1|1|1|1|1|1|1|1|1|1|0,6|0,6|0,6|0,6|0,6|0,6|1|1|1|1|1|1|1|1|1|1|1|1|1|1|1|1|1|1|1|0,6|0|0|0|0|0|0|0|0|0|0,6|0,6|0,6|0,6|0|0|0|0|0|0|0|0|0|0|0|0,6|0,6|0,6|0,6|0|0|0|0|0|0|0|0|0|0|0|0|0|0|0|0|0,6|0,6|0,6|0,6|0,6|0,6|0,6|0,6|0,6|0,6|0,6|0,6|0,6|0,6|0,6|0,6|0,6|0,6|0,6|0,6|0,6|0,6|0,6|0,6|0,6|1|1|1|1|1|1|1|1|1|1|1|1|1|1|1|1|1|1|1|1|1|1|1|1|1|0,6|0,6|0,6|0,6|0,6|0,6|1|1|1|1|1|1|1|1|1|1|1|1|1|1|1|1|1|1|1|0,6|0|0|0|0|0|0|0|0|0|0,6|0,6|0,6|0,6|0|0|0|0|0|0|0|0|0|0|0|0,6|0,6|0,6|0,6|0|0|0|0|0|0|0|0|0|0|0|0|0|0|0|0|0,6|0,6|0,6|0,6|0,6|0,6|0,6|0,6|0,6|0,6|0,6|0,6|0,6|0,6|0,6|0,6|0,6|0,6|0,6|0,6|0,6|0,6|0,6|0,6|0,6|0,6|0,6|1|1|1|1|1|1|1|1|1|1|1|1|1|1|1|1|1|1|1|1|1|1|1|0,6|0,6|0,6|0,6|0,6|0,6|1|1|1|1|1|1|1|1|1|1|1|1|1|1|1|1|1|1|1|0,6|0|0|0|0|0|0|0|0|0|0,6|0,6|0,6|0,6|0|0|0|0|0|0|0|0|0|0|0|0,6|0,6|0,6|0,6|0|0|0|0|0|0|0|0|0|0|0|0|0|0|0|0|0,6|0,6|0,6|0,6|0,6|0,6|0,6|0,6|0,6|0,6|0,6|0,6|0,6|0,6|0,6|0,6|0,6|0,6|0,6|0,6|0,6|0,6|0,6|0,6|0,6|0,6|0,6|1|1|1|1|1|1|1|1|1|1|1|1|1|1|1|1|1|1|1|1|1|1|1|0,6|0,6|0,6|0,6|0,6|0,6|1|1|1|1|1|1|1|1|1|1|1|1|1|1|1|1|1|1|1|0,6|0|0|0|0|0|0|0|0|0|0,6|0,6|0,6|0,6|0|0|0|0|0|0|0|0|0|0|0|0,6|0,6|0,6|0,6|0|0|0|0|0|0|0|0|0|0|0|0|0|0|0|0|0,6|0,6|0,6|0,6|0,6|0,6|0,6|0,6|0,6|0,6|0,6|0,6|0,6|0,6|0,6|0,6|0,6|0,6|0,6|0,6|0,6|0,6|0,6|0,6|0,6|0,6|0,6|1|1|1|1|1|1|1|1|1|1|1|1|1|1|1|1|1|1|1|1|1|1|1|0,6|0,6|0,6|0,6|0,6|0,6|1|1|1|1|1|1|1|1|1|1|1|1|1|1|1|1|1|1|1|0,6|0|0|0|0|0|0|0|0|0|0,6|0,6|0,6|0,6|0|0|0|0|0|0|0|0|0|0|0|0,6|0,6|0,6|0,6|0|0|0|0|0|0|0|0|0|0|0|0|0|0|0|0|0,6|0,6|0,6|0,6|0,6|0,6|0,6|0,6|0,6|0,6|0,6|0,6|0,6|0,6|0,6|0,6|0,6|0,6|0,6|0,6|0,6|0,6|0,6|0,6|0,6|0,6|0,6|1|1|1|1|1|1|1|1|1|1|1|1|1|1|1|1|1|1|1|1|1|1|1|1|1|0,6|1|0,6|1|1|1|1|1|1|1|1|1|1|1|1|1|1|1|1|1|1|1|1|1|1|1|1|1|1|1|1|1|1|1|1|1|1|1|1|1|1|1|1|1|1|1|1|1|1|1|1|1|1|1|1|1|1|1|1|1|1|0|0|0|0|0|0|0|0,6|2,6|1|1|1|1|1|1|0,6|0,6|1|1|1|1|1|1|1|1|1|0,6|0,6|0,6|0,6|0,6|0,6|0,6|0,6|1|1|1|1|1|1|1|1|1|1|1|1|1|1|1|1|1|1|1|1|1|1|1|1|1|4,3,6|1|4,3,6|1|1|1|1|1|1|1|1|1|1|1|1|1|1|1|1|1|1|1|1|1|1|1|1|1|1|1|1|1|1|1|1|1|1|1|1|1|1|1|1|1|1|1|1|1|1|1|1|1|1|1|1|1|1|1|1|1|1|0|0|0|0|0|0|0|2,6|1|1|1|1|1|1|1|1|1|1|1|1|1|1|1|1|1|1|1|0,6|0,6|0,6|0,6|0,6|0,6|0,6|1|1|1|1|1|1|1|1|1|1|1|1|1|1|1|1|1|1|1|1|1|1|1|1|1|1,3|1|1,3|1|1|1|1|1|1|1|1|1|1|1|1|1|1|1|1|1|1|1|1|1|1|1|1|1|1|1|1|1|1|1|1|1|1|1|1|1|1|1|1|1|1|1|1|1|1|1|1|1|1|1|1|1|1|1|1|1|1|0|0|0|0|0|0|0|1|1|1|1|1|1|1|1|1|1|1|1|1|1|1|1|1|1|1|1|0,6|0,6|0,6|0,6|0,6|0,6|0,6|1|1|1|1|1|1|1|1|1|1|1|1|1|1|1|1|1|1|1|1|1|1|1|1|1|1|1|1|1|1|1|1|1|1|1|1|1|1|1|1|1|1|1|1|1|1|1|1|1|1|1|1|1|1|1|1|1|1|1|1|1|1|1|1|1|1|1|1|1|1|1|1|1|1|1|1|1|1|1|1|1|1|1|1|1|1|0,6|0,6|0,6|0,6|0,6|0,6|0,6|1|1|1|1|1|1|1|1|1|1|1|1|1|1|1|1|1|1|1|1|0,6|0,6|0,6|0,6|0,6|0,6|0,6|1|1|1|1|1|1|1|1|1|1|1|1|1|1|1|1|1|1|1|1|1|1|1|1|1|1|1|1|1|1|1|1|1|1|1|1|1|1|1|1|1|1|1|1|1|1|1|1|1|1|1|1|1|1|1|1|1|1|1|1|1|1|1|1|1|1|1|1|1|1|1|1|1|1|1|1|1|1|1|1|1|1|1|1|1|1|1|0,6|0,6|0,6|0,6|0,6|0,6|3,6|4,3,6|1,3|1,9,3|1|1|1|1|1|1|1|1|1|1|1|1|1|1|1|1|0,6|0,6|0,6|0,6|0,6|0,6|0,6|1|1|1|1|1|1|1|1|1|1|1|1|1|1|1|1|1|1|1|1|1|1|1|1|1|1|1|1|1|1|1|1|1|1|1|1|1|1|1|1|1|1|1|1|1|1|1|1|1|1|1|1|1|1|1|1|1|1|1|1|1|1|1|1|1|1|1|1|1|1|1|1|1|1|1|1|1|1|1|1|1|1|1|1|1|1|1|0,6|0,6|0,6|0,6|0,6|0,6|1|1|1|1|1|1|1|1|1|1|1|1|1|1|1|1|1|1|1|1|0,6|0,6|0,6|0,6|0,6|0,6|0,6|1|1|1|1|1|1|1|1|1|1|1|1|1|1|1|1|1|1|1|1|1|1|1|1|1|1|1|1|1|1|1|1|1|1|1|1|1|1|1|1|1|1|1|1|1|1|1|1|1|1|1|0|0|0|0|0|1|1|1|1|1|1|1|1|0|0|0|0|0|0|0|0|0|1|1|1|1|1|1|1|1|1|1|1|1|1|1|0,6|0,6|0,6|0,6|0,6|0,6|1|1|1|1|1|1|1|1|1|1|1|1|1|1|1|1|1|1|1|1|0,6|0,6|0,6|0,6|0,6|0,6|0,6|1|1|1|1|1|1|1|1|1|1|1|1|1|1|1|1|1|1|1|1|1|1|1|1|1|0,6|0,6|0,6|0,6|0|0|0|0|0|0|0|0|0|0|0|0|0|0|0,6|1|1|1|1|0,6|0|0|0|0|0|0|0|0|0,6|1|1|1|1|0,6|0,6|0,6|0,6|0,6|0,6|0,6|0,6|0,6|0,6|0,6|0,6|1|1|1|1|1|1|1|1|1|1|1|1|1|0,6|0,6|0,6|0,6|0,6|0,6|1|1|1|1|1|1|1|1|1|1|1|1|1|1|1|1|1|1|1|1|0,6|0,6|0,6|0,6|0,6|0,6|0,6|1|1|1|1|1|1|1|1|1|1|1|1|1|1|1|1|1|1|1|1|1|1|1|1|1|0,6|0,6|0,6|0,6|0,6|0,6|0,6|0,6|0,6|0,6|0,6|0,6|0,6|0,6|0,6|0,6|0,6|0,6|0,6|1|1|1|1|0,6|0|0|0|0|0|0|0|0|0,6|1|1|1|1|1|1|1|1|1|1|1|1|1|1|1|1|1|1|1|1|1|1|1|1|1|1|1|1|1|0,6|0,6|0,6|0,6|0,6|0,6|1|1|1|1|1|1|1|1|1|1|1|1|1|1|1|1|1|1|1|1|0,6|0,6|0,6|0,6|0,6|0,6|0,6|1|1|1|1|1|1|1|1|1|1|1|1|1|1|1|1|1|1|1|1|1|1|1|1|1|1|1|1|1|1|1|1|1|1|1|1|1|1|1|1|1|1|1|1|1|1|1|1|0,6|0|0|0|0|0|0|0|0|0,6|1|1|1|1|1|1|1|1|1|1|1|1|1|1|1|1|1|1|1|1|1|1|1|1|1|1|1|1|1|0,6|0,6|0,6|0,6|0,6|0,6|1|1|1|1|1|1|1|1|1|1|1|1|1|1|1|1|1|1|1|1|0,6|0,6|0,6|0,6|0,6|0,6|0,6|1|1|1|1|1|1|1|1|1|1|1|1|1|1|1|1|1|1|1|1|1|1|1|1|1|1|1|1|1|1|1|1|1|1|1|1|1|1|1|1|1|1|1|1|1|1|1|1|0,6|0|0|0|0|0|0|0|0|0|1|1|1|1|1|1|1|1|1|1|1|1|1|1|1|1|1|1|1|1|1|1|1|1|1|1|1|1|1|0,6|0,6|0,6|0,6|0,6|0,6|1|1|1|1|1|1|1|1|1|1|1|1|1|1|1|1|1|1|1|1|0,6|0,6|0,6|0,6|0,6|0,6|0,6|1|1|1|1|1|1|1|1|1|1|1|1|1|1|1|1|1|1|1|1|1|1|1|1|1|1|1|1|1|1|1|1|1|1|1|1|1|1|1|1|1|1|1|1|1|1|1|1|0|0|0|0|0|0|0|0|0|0|1|1|1|1|1|1|1|1|1|1|1|1|1|1|1|1|1|1|1|1|1|1|1|1|1|1|1|1|0,6|0,6|0,6|0,6|0,6|0,6|0,6|1|1|1|1|1|1|1|1|1|1|1|1|1|1|1|1|1|1|1|1|0,6|0,6|0,6|0,6|0,6|0,6|0,6|1|1|1|1|1|1|1|1|1|1|1|1|1|1|1|1|1|1|1|1|1|1|1|1|1|1|1|1|1|1|1|1|1|1|1|1|1|1|1|1|1|1|1|1|1|1|1|1|0|0|0|0|0|0|0|0|0|0|0|0|0,6|0,6|0,6|0,6|0,6|0,6|0,6|0,6|0,6|0,6|0,6|0,6|0,6|0,6|0,6|1|1|1|1|1|1|1|1|1|1|1|1|0,6|1|0,6|1|0,6|1|1|1|1|1|1|1|1|1|1|1|1|1|1|1|1|1|1|1|1|1|1|0,6|1|0,6|1|0,6|1|1|1|1|1|1|1|1|1|1|1|1|1|1|1|1|1|1|1|1|1|1|1|1|1|1|0,6|0,6|0,6|0,6|0,6|0,6|0,6|0,6|0,6|0,6|0,6|0,6|0,6|0,6|0,6|0,6|0,6|0,6|0,6|0,6|0,6|0|0|0|0|0|0|0|0|0|0|0|0|0|0|0|0|0|0|0|0|0|0|0|0|0|0|0|0|0|0|1|1|1|1|1|1|1|1|1|1|1|4,3,6|1|4,3,6|1|4,3,6|1|1|1|1|1|1|1|1|1|1|1|1|1|1|1|1|1|1|1|1|1|1|4,3,6|1|4,3,6|1|4,3,6|1|1|1|1|1|1|1|1|1|1|1|1|1|1|1|1|1|1|1|1|1|1|1|1|1|1|1|1|1|1|1|1|0|0|0|0|0|0|0|0|0|0|0|0|0|0|0|0|0|0|0|0|0|0|0|0|0|0|0|0|0|0|0|0|0|0|0|0|0|0|0|0|0|0|0|0|0|1|1|1|1|1|1|1|1|1|1|1|1,3|1|1,3|1|1,3|1|1|1|1|1|1|1|1|1|1|1|1|1|1|1|1|1|1|1|1|1|1|1,3|1|1,3|1|1,3|1|1|1|1|1|1|1|1|1|1|1|1|1|1|1|1|1|1|1|1|1|1|1|1|1|1|1|1|1|1|1|1|0,6|0,6|0,6|0,6|0,6|0,6|0,6|0,6|0,6|0|0|0|0|0|0|0|0|0|0|0|0|0|0|0|0|0|0|0|0|0|0|0|0|0|0|0|0|0|1|1|1|1|1|1|1|1|1|1|1|1|1|1|1|1|1|1|1,3|1|1,3|1|1,3|1|1|1|1|1|1|1|1|1|1|1|1|1|1|1|1|1|1|1|1|1|1|1,3|1|1,3|1|1,3|1|1|1|1|1|1|1|1|1|1|1|1|1|1|1|1|1|1|1|1|1|1|1|1|1|1|1|1|1|1|1|1|1|1|1|1|2,6|0,6|0,6|0,6|0,6|0|0|0|0|0|0|0|0|0|0|0|0|0|0|0|0|0|0|0|0|0|0|0|0|0|0|0|0|0|1|1|1|1|1|1|1|1|1|1|1|1|1|1|1|1|1|1|1,3|1|1,3|1|1,3|1|1|1|1|1|1|1|1|1|1|1|1|1|1|1|1|1|1|1|1|1|1|1,3|1|1,3|1|1,3|1|1|1|1|1|1|1|1|1|1|1|1|1|1|1|1|1|1|1|1|1|1|1|1|1|1|1|1|1|1|1|1|1|1|1|1|1|0,1,6|0,1,6|0,1,6|0,1,6|0|0|0|0|0|0|0|0|0|0|0|0|0|0|0|0|0|0|0|0|0|0|0|0|0|0|0,6|0,6|0,6|0,6|0,6|0,6|0,6|0,6|0,6|0,6|1|1|1|1|1|1|1|1|1|1|1|1,3|1|1,3|1|1,3|1|1|1|1|1|1|1|1|1|1|1|1|1|1|1|1|1|1|1|1|1|1|1,3|1|1,3|1|1,4,3|1|1|1|1|1|1|1|1|1|1|1|1|1|1|1|1|1|1|1|1|1|1|1|1|1|1|1|1|1|1|1|1|1|1|1|1|1|0,6|0,6|0,6|0,6|0|0|0|0|0|0|0|0|0|0|0|0|0|0|0|0|0|0|0|0|0|0|0|0|0|0|0,6|0,6|0,6|0,6|0,6|0,6|0,6|0,6|0,6|1|1|1|1|1|1|1|1|1|1|1|1|1|1|1|1|1,5,3|1|1|1|1|1|1|1|1|1|1|1|1|1|1|1|1|1|1|1|1|1|1|1|1|1|1|1|1|1|1|1|1|1|1|1|1|1|1|1|1|1|1|1|1|1|1|1|
