Pièce : UW_C07
taille : 152x35
########################################################################################################################################################
########################################################################################################################################################
########################################################################################################################################################
########################################################################################################################################################
########################################################################################################################################################
########################################################################################################################################################
########################################################################################################################################################
########################################################################################################################################################
########################################################################################################################################################
########################################################################################################################################################
########################################################################################################################################################
########################################################################################################################################################
########################################################################################################################################################
########################################################################################################################################################
########################################################################################################################################################
########################################################################################################################################################
########################################################################################################################################################
########################################################################################################################################################
########################################################################################################################################################
#############################################################...######...######...######...######...######...######...######...#########################
#############################################################...######...######...######...######...######...######...######...#########################
########################################################################################################################################################
####################################################/.../##/...../##/...../##/...../##/...../##/...../##/...../##/...../##/...../##/...../##############
###################...............................#..............................................................................................#######
######............................................................................................................................................=#####
######...........................................................................................................................................#######
######............................................................................................................................................=#####
####=............................................................................................................................................#######
######............................................................................................................................................=#####
####=............................................................................................................................................#######
######........###.................................................................................................................................=#####
##################/..........................###.................................................................................................#######
###################################################/..../##/...../##/...../##/...../##/...../##/...../##/...../##/...../##/...../##/...../##############
########################################################################################################################################################
#############################################################...######...######...######...######...######...######...######...#########################
(4,27),(4,28)|(4,29),(4,30)|(6,24),(6,27)|(6,28),(6,29)|(6,30),(6,31)|(14,30),(14,31)|(17,30),(17,31)|(19,23),(19,24)|(45,31),(45,32)|(48,31),(48,32)|(50,23),(50,24)|(51,23),(51,24)|(61,19),(61,21)|(61,34),(61,35)|(64,19),(64,21)|(64,34),(64,35)|(70,19),(70,21)|(70,34),(70,35)|(73,19),(73,21)|(73,34),(73,35)|(79,19),(79,21)|(79,34),(79,35)|(82,19),(82,21)|(82,34),(82,35)|(88,19),(88,21)|(88,34),(88,35)|(91,19),(91,21)|(91,34),(91,35)|(97,19),(97,21)|(97,34),(97,35)|(100,19),(100,21)|(100,34),(100,35)|(106,19),(106,21)|(106,34),(106,35)|(109,19),(109,21)|(109,34),(109,35)|(115,19),(115,21)|(115,34),(115,35)|(118,19),(118,21)|(118,34),(118,35)|(124,19),(124,21)|(124,34),(124,35)|(127,19),(127,21)|(127,34),(127,35)|(145,23),(145,24)|(145,25),(145,26)|(145,27),(145,28)|(145,29),(145,30)|(145,31),(145,32)|(147,24),(147,25)|(147,26),(147,27)|(147,28),(147,29)|(147,30),(147,31)|
(61,19),(64,19)|(70,19),(73,19)|(79,19),(82,19)|(88,19),(91,19)|(97,19),(100,19)|(106,19),(109,19)|(115,19),(118,19)|(124,19),(127,19)|(61,21),(64,21)|(70,21),(73,21)|(79,21),(82,21)|(88,21),(91,21)|(97,21),(100,21)|(106,21),(109,21)|(115,21),(118,21)|(124,21),(127,21)|(19,23),(50,23)|(51,23),(145,23)|(6,24),(19,24)|(50,24),(51,24)|(145,24),(147,24)|(145,25),(147,25)|(145,26),(147,26)|(4,27),(6,27)|(145,27),(147,27)|(4,28),(6,28)|(145,28),(147,28)|(4,29),(6,29)|(145,29),(147,29)|(4,30),(6,30)|(14,30),(17,30)|(145,30),(147,30)|(6,31),(14,31)|(17,31),(45,31)|(48,31),(145,31)|(45,32),(48,32)|(61,34),(64,34)|(70,34),(73,34)|(79,34),(82,34)|(88,34),(91,34)|(97,34),(100,34)|(106,34),(109,34)|(115,34),(118,34)|(124,34),(127,34)|(61,35),(64,35)|(70,35),(73,35)|(79,35),(82,35)|(88,35),(91,35)|(97,35),(100,35)|(106,35),(109,35)|(115,35),(118,35)|(124,35),(127,35)|
(18,31),(19,32)|(51,32),(52,33)|(56,22),(57,23)|(59,32),(60,33)|(65,22),(66,23)|(68,32),(69,33)|(74,22),(75,23)|(77,32),(78,33)|(83,22),(84,23)|(86,32),(87,33)|(92,22),(93,23)|(95,32),(96,33)|(101,22),(102,23)|(104,32),(105,33)|(110,22),(111,23)|(113,32),(114,33)|(119,22),(120,23)|(122,32),(123,33)|(128,22),(129,23)|(131,32),(132,33)|(137,22),(138,23)|
(52,23),(53,22)|(56,33),(57,32)|(59,23),(60,22)|(65,33),(66,32)|(68,23),(69,22)|(74,33),(75,32)|(77,23),(78,22)|(83,33),(84,32)|(86,23),(87,22)|(92,33),(93,32)|(95,23),(96,22)|(101,33),(102,32)|(104,23),(105,22)|(110,33),(111,32)|(113,23),(114,22)|(119,33),(120,32)|(122,23),(123,22)|(128,33),(129,32)|(131,23),(132,22)|(137,33),(138,32)|


end file : UW_C07