Pièce : SB_A09
taille : 48x35
################################################
################################################
################################################
################################################
################################################
################################################
################################################
################################################
################################################
################################################
################################################
################################################
##########.....#################################
########............############################
#######..............###########################
#####..................................#########
####.....................................#######
##..........................................####
#...................##########...............=##
#.............##################............####
#............###################################
##..........####################################
###........#####################################
###.......######################################
###......#######################################
###......#######################################
####....########################################
####....########################################
#####...########################################
#####...########################################
######.#########################################
######=#########################################
################################################
################################################
################################################
15,12|8,13|10,13|15,13|20,13|7,14|8,14|20,14|21,14|5,15|7,15|21,15|39,15|4,16|5,16|39,16|41,16|2,17|4,17|41,17|44,17|1,18|2,18|44,18|20,18|30,18|14,19|20,19|30,19|32,19|44,19|13,20|14,20|32,20|44,20|1,21|2,21|12,21|13,21|2,22|3,22|11,22|12,22|10,23|11,23|9,24|10,24|3,26|4,26|8,26|9,26|4,28|5,28|5,30|6,30|7,30|8,30|