Pièce : SB_A06
taille : 48x35
###...................................##########
###########################################=####
###########################################|####
######................................###..|...#
####=.................................###......#
######................................###......#
##################################....###...####
##################################....###...####
###...................................###......#
###...................................###......#
###...######################################...#
###...######################################...#
###............................................#
###............................................#
################################################
################################################
####...........................############...##
###............................./########/.....#
###............................../######/......#
###................................|..|........#
###................................#..|........#
###................................|..|........#
###................................|..|........#
###...................................|........#
###............................................#
###............................................#
###............................................#
###............................................#
####.................####....................###
#####............#############.............#####
######.........#################.........#######
########....######################....##########
################################################
################################################
################################################
38,1|6,3|38,3|41,3|47,3|6,4|6,5|6,6|34,6|44,6|47,6|3,8|34,8|44,8|47,8|6,10|38,10|41,10|44,10|6,12|44,12|3,14|47,14|4,16|31,16|43,16|46,16|3,17|4,17|31,17|43,17|46,17|47,17|32,17|42,17|34,19|40,19|3,28|4,28|21,28|25,28|45,28|47,28|4,29|5,29|17,29|21,29|25,29|30,29|43,29|45,29|5,30|6,30|15,30|17,30|30,30|32,30|41,30|43,30|6,31|8,31|12,31|15,31|32,31|34,31|38,31|41,31|8,32|12,32|34,32|38,32|