Pièce : SB_A12
taille : 48x35
################################################
################################################
###################################..###########
##################################....##########
##################################......########
################################=........=######
##################################......########
###################################....#########
###################################...##########
###################################...##########
####################################..##########
####################################...#########
####################################...#########
####################################...#########
#####################################...########
#####################################...########
######################################...#######
######################################...#######
#######################################..#######
#######################################...######
########################################...#####
########################################....####
########################################....####
#######......################.###########...####
#####..........#########...........######...####
###=.......................................#####
#####.....................................######
#############.........###.#........##..#########
################################################
##################.#############.###############
##################...............###############
################################################
################################################
################################################
################################################
37,2|34,3|35,3|37,3|38,3|38,4|40,4|34,5|40,5|34,6|40,6|34,7|35,7|39,7|40,7|38,8|39,8|35,10|36,10|38,11|39,11|39,14|40,14|36,14|37,14|40,16|41,16|37,16|38,16|38,18|39,18|41,19|42,19|42,20|43,20|39,20|40,20|43,21|44,21|7,23|13,23|29,23|30,23|5,24|7,24|13,24|15,24|24,24|29,24|30,24|35,24|40,23|41,23|5,25|15,25|24,25|35,25|41,25|43,25|44,25|5,26|42,26|43,26|5,27|13,27|22,27|25,27|27,27|26,27|35,27|37,27|39,27|42,27|13,28|18,29|19,29|22,28|25,28|27,28|26,28|32,29|33,29|35,28|37,28|39,28|19,30|32,30|18,31|33,31|