Pièce : SB_A13
taille : 48x35
################################################
#################..........#####################
########...........................#############
######...............................###########
#####..................................#########
#####..................................#########
#####......................................#####
###=.......................................#####
#####.......................................####
######.......................................=##
############..................########.....#####
################################################
################################################
################################################
################################################
################################################
################################################
################################################
################################################
################################################
################################################
################################################
################################################
################################################
################################################
################################################
################################################
################################################
################################################
################################################
################################################
################################################
################################################
################################################
################################################
(3,7),(3,8)|(5,4),(5,7)|(5,8),(5,9)|(6,3),(6,4)|(6,9),(6,10)|(8,2),(8,3)|(12,10),(12,11)|(17,1),(17,2)|(27,1),(27,2)|(30,10),(30,11)|(35,2),(35,3)|(37,3),(37,4)|(38,10),(38,11)|(39,4),(39,6)|(43,6),(43,8)|(43,10),(43,11)|(44,8),(44,9)|(46,9),(46,10)|
(17,17),(27,1)|(8,8),(17,2)|(27,27),(35,2)|(6,6),(8,3)|(35,35),(37,3)|(5,5),(6,4)|(37,37),(39,4)|(39,39),(43,6)|(3,3),(5,7)|(3,3),(5,8)|(43,43),(44,8)|(5,5),(6,9)|(44,44),(46,9)|(6,6),(12,10)|(30,30),(38,10)|(43,43),(46,10)|(12,12),(30,11)|(38,38),(43,11)|




end file : SB_A13