Pièce : SB_A02
taille : 48x35
################################################
################################################
################################################
################################################
#############.......................############
####..................................##########
#####..................................#########
#############............................#######
###.......................................######
##........................................######
##.........................................#####
##..........................................####
##...........................................###
##...........................................###
##............................................##
##............................................##
##....................|.......................##
##....................|................|.....###
##....................|................|......=#
##....................|................|.....###
##....................|................|....####
##....................|................|....####
##....................|................|...#####
####/.................|.../######/.....|..######
#####/................|../########/....|..######
######/...............|./##########/...|.#######
#########.............################.|########
################################################
###########=####################################
################################################
################################################
################################################
################################################
################################################
################################################
(2,9),(2,23)|(3,8),(3,9)|(4,5),(4,6)|(5,6),(5,7)|(9,26),(9,27)|(11,28),(11,29)|(12,28),(12,29)|(13,4),(13,5)|(13,7),(13,8)|(22,26),(22,27)|(36,4),(36,5)|(38,5),(38,6)|(38,26),(38,27)|(39,6),(39,7)|(40,26),(40,27)|(41,7),(41,8)|(41,25),(41,26)|(42,8),(42,10)|(42,23),(42,25)|(43,10),(43,11)|(43,22),(43,23)|(44,11),(44,12)|(44,20),(44,22)|(45,12),(45,14)|(45,17),(45,18)|(45,19),(45,20)|(46,14),(46,17)|(47,18),(47,19)|
(13,13),(36,4)|(4,4),(13,5)|(36,36),(38,5)|(4,4),(5,6)|(38,38),(39,6)|(5,5),(13,7)|(39,39),(41,7)|(3,3),(13,8)|(41,41),(42,8)|(2,2),(3,9)|(42,42),(43,10)|(43,43),(44,11)|(44,44),(45,12)|(45,45),(46,14)|(45,45),(46,17)|(45,45),(47,18)|(45,45),(47,19)|(44,44),(45,20)|(43,43),(44,22)|(2,2),(42,23)|(41,41),(42,25)|(9,9),(22,26)|(38,38),(40,26)|(9,9),(22,27)|(38,38),(40,27)|(11,11),(12,28)|(11,11),(12,29)|
(4,23),(7,26)|(33,23),(36,26)|
(24,26),(27,23)|
(22.5,16),(22.5,26)|(39.5,17),(39.5,27)|

end file : SB_A02