Pièce : SB_A14
taille : 54x35
######################################################
######################################################
######################################################
#######/....................................##########
######/......................................#########
#####/.........................................#######
#####..........................................#######
#####...........................................######
#####...........................................######
#####...........................................######
###=............................................######
#####...........................................######
#####...........................................######
#######.........................................######
#################..............................#######
#################...|..........................#######
#################...|...........................=#####
################....|..........................#######
#########.######....|..........................#######
#######...######....|........................#########
#######...######....|.......................##########
#######...######....|.......................##########
########.########..###......................##########
######################/................../############
#######################/................/#############
######################################################
######################################################
######################################################
######################################################
######################################################
######################################################
######################################################
######################################################
######################################################
######################################################
(3,10),(3,11)|(5,10),(5,11)|(7,13),(7,14)|(7,19),(7,22)|(8,22),(8,23)|(9,18),(9,19)|(9,22),(9,23)|(10,18),(10,22)|(16,17),(16,22)|(17,14),(17,17)|(17,22),(17,23)|(19,22),(19,23)|(44,3),(44,4)|(44,20),(44,23)|(45,4),(45,5)|(45,19),(45,20)|(47,5),(47,7)|(47,14),(47,16)|(47,17),(47,19)|(48,7),(48,14)|(49,16),(49,17)|
(44,44),(45,4)|(45,45),(47,5)|(47,47),(48,7)|(3,3),(5,10)|(3,3),(5,11)|(5,5),(7,13)|(7,7),(17,14)|(47,47),(48,14)|(47,47),(49,16)|(16,16),(17,17)|(47,47),(49,17)|(9,9),(10,18)|(7,7),(9,19)|(45,45),(47,19)|(44,44),(45,20)|(7,7),(8,22)|(9,9),(10,22)|(16,16),(17,22)|(19,19),(22,22)|(8,8),(9,23)|(17,17),(19,23)|
(22,23),(24,25)|
(5,6),(8,3)|(40,25),(42,23)|
(20.5,15),(20.5,22)|

end file : SB_A14