Pièce : SB_B02
taille : 113x35
##########################################################################......................##########.##....
##########################################################################......................##########.##....
#########################################################.###############.......................##########.##....
######################################################......#####=#####.........................##########.##....
#################################################..............##.##............................##########.##....
###.......######......########=###########......................................................##########.##....
##.........####............###.#######..........................................................#############....
##.........####.................................................................................#############....
#..........####.................................................................................##########.......
#..........####.................................................................................##########.......
#..........####................................................................................###########.......
#..........####................................................................................##################
#...........###.................................................................................#################
#............#..................................................................................#################
#.......................|.......................................................................#################
#.......................|................####...................................................##########....###
#.......................|................####..............|...................................############...###
#...........#...........|...............|####...|..........|....................####...........############...###
##..........##..........|.......|.......|####...|..........|..........|.........####.............|......|.....###
##..........##..........|......#|.......|####...|.........##......####|.###.....####.............|......|.....###
###........###........#############.....#####...|........#############H####.....####|............|......|.....###
###........####......##############.....|#####..|........#############|#####....####|............|......|.....###
####.......####......###############....|######.|.......##############|#####....#####............|......|.....###
####......######........|.......|.......|######.|..........|..........|........#####|............|......|.....###
#####.....#######.......|.......|......##############......|..........|.........####|..........#########H##...###
######...##########.....|.......|......###############.....|..........|.........####|...........#=######=#....###
#####################################..##############....####################.......|../##/.....###########.#####
#######=################=#######=#####.############....####=##########=#######......|..####....##################
######################################..##########..#################################../##/.#####################
#######################################...######...##############################################################
#########################################........################################################################
#################################################################################################################
#################################################################################################################
#################################################################################################################
#################################################################################################################
(1,8),(1,18)|(2,6),(2,8)|(2,18),(2,20)|(3,5),(3,6)|(3,20),(3,22)|(4,22),(4,24)|(5,24),(5,25)|(6,25),(6,26)|(7,27),(7,28)|(8,27),(8,28)|(9,25),(9,26)|(10,5),(10,6)|(10,23),(10,25)|(11,6),(11,12)|(11,20),(11,23)|(12,12),(12,13)|(12,17),(12,20)|(13,13),(13,14)|(13,17),(13,18)|(14,13),(14,14)|(14,18),(14,21)|(15,6),(15,13)|(15,21),(15,23)|(16,5),(16,6)|(16,23),(16,24)|(17,24),(17,25)|(19,25),(19,26)|(21,21),(21,23)|(22,5),(22,6)|(22,20),(22,21)|(24,27),(24,28)|(25,27),(25,28)|(27,6),(27,7)|(30,5),(30,7)|(31,5),(31,7)|(31,19),(31,20)|(32,19),(32,20)|(32,27),(32,28)|(33,27),(33,28)|(35,20),(35,22)|(36,22),(36,23)|(37,26),(37,27)|(38,6),(38,7)|(38,27),(38,29)|(39,24),(39,28)|(39,29),(39,30)|(40,20),(40,21)|(40,28),(40,29)|(41,15),(41,20)|(41,21),(41,24)|(41,30),(41,31)|(42,5),(42,6)|(42,29),(42,30)|(45,15),(45,21)|(46,21),(46,22)|(47,22),(47,24)|(48,29),(48,30)|(49,4),(49,5)|(49,30),(49,31)|(50,28),(50,29)|(51,27),(51,28)|(51,29),(51,30)|(52,28),(52,29)|(53,24),(53,25)|(53,26),(53,27)|(54,3),(54,4)|(54,25),(54,26)|(55,27),(55,28)|(56,22),(56,23)|(57,2),(57,3)|(57,20),(57,22)|(57,26),(57,27)|(58,2),(58,3)|(58,19),(58,20)|(59,27),(59,28)|(60,3),(60,4)|(60,19),(60,20)|(60,27),(60,28)|(63,4),(63,5)|(65,3),(65,5)|(66,3),(66,5)|(66,19),(66,20)|(68,4),(68,5)|(70,19),(70,23)|(70,27),(70,28)|(71,3),(71,4)|(71,20),(71,23)|(71,27),(71,28)|(72,19),(72,20)|(73,2),(73,3)|(74,0),(74,2)|(75,19),(75,21)|(76,21),(76,23)|(77,26),(77,27)|(78,27),(78,28)|(79,23),(79,24)|(80,17),(80,23)|(80,24),(80,26)|(84,17),(84,22)|(84,23),(84,26)|(85,22),(85,23)|(85,28),(85,29)|(92,28),(92,29)|(95,10),(95,12)|(95,16),(95,18)|(95,24),(95,25)|(95,27),(95,28)|(96,0),(96,10)|(96,12),(96,16)|(96,25),(96,27)|(97,25),(97,26)|(98,25),(98,26)|(104,24),(104,26)|(105,24),(105,26)|(106,0),(106,6)|(106,8),(106,11)|(106,15),(106,16)|(106,25),(106,26)|(107,0),(107,6)|(107,16),(107,18)|(107,24),(107,25)|(107,26),(107,27)|(108,26),(108,27)|(109,0),(109,8)|(110,15),(110,26)|
(74,74),(96,0)|(106,106),(107,0)|(57,57),(58,2)|(73,73),(74,2)|(54,54),(57,3)|(58,58),(60,3)|(65,65),(66,3)|(71,71),(73,3)|(49,49),(54,4)|(60,60),(63,4)|(68,68),(71,4)|(3,3),(10,5)|(16,16),(22,5)|(30,30),(31,5)|(42,42),(49,5)|(63,63),(65,5)|(66,66),(68,5)|(2,2),(3,6)|(10,10),(11,6)|(15,15),(16,6)|(22,22),(27,6)|(38,38),(42,6)|(106,106),(107,6)|(27,27),(30,7)|(31,31),(38,7)|(1,1),(2,8)|(106,106),(109,8)|(95,95),(96,10)|(106,106),(113,11)|(11,11),(12,12)|(95,95),(96,12)|(12,12),(13,13)|(14,14),(15,13)|(13,13),(14,14)|(41,41),(45,15)|(106,106),(110,15)|(95,95),(96,16)|(106,106),(107,16)|(12,12),(13,17)|(80,80),(84,17)|(1,1),(2,18)|(13,13),(14,18)|(95,95),(107,18)|(31,31),(32,19)|(58,58),(60,19)|(66,66),(70,19)|(72,72),(75,19)|(2,2),(3,20)|(11,11),(12,20)|(22,22),(31,20)|(32,32),(35,20)|(40,40),(41,20)|(57,57),(58,20)|(60,60),(66,20)|(71,71),(72,20)|(14,14),(15,21)|(21,21),(22,21)|(40,40),(41,21)|(45,45),(46,21)|(75,75),(76,21)|(3,3),(4,22)|(35,35),(36,22)|(46,46),(47,22)|(56,56),(57,22)|(84,84),(85,22)|(10,10),(11,23)|(15,15),(16,23)|(21,21),(36,23)|(56,56),(70,23)|(71,71),(76,23)|(79,79),(80,23)|(84,84),(85,23)|(4,4),(5,24)|(16,16),(17,24)|(39,39),(41,24)|(47,47),(53,24)|(79,79),(80,24)|(95,95),(104,24)|(105,105),(107,24)|(5,5),(6,25)|(9,9),(10,25)|(17,17),(19,25)|(53,53),(54,25)|(95,95),(96,25)|(97,97),(98,25)|(106,106),(107,25)|(6,6),(9,26)|(19,19),(37,26)|(53,53),(54,26)|(57,57),(77,26)|(80,80),(84,26)|(97,97),(98,26)|(104,104),(105,26)|(106,106),(107,26)|(108,108),(110,26)|(7,7),(8,27)|(24,24),(25,27)|(32,32),(33,27)|(37,37),(38,27)|(51,51),(53,27)|(55,55),(57,27)|(59,59),(60,27)|(70,70),(71,27)|(77,77),(78,27)|(95,95),(96,27)|(107,107),(108,27)|(7,7),(8,28)|(24,24),(25,28)|(32,32),(33,28)|(39,39),(40,28)|(50,50),(51,28)|(52,52),(55,28)|(59,59),(60,28)|(70,70),(71,28)|(78,78),(85,28)|(92,92),(95,28)|(38,38),(39,29)|(40,40),(42,29)|(48,48),(50,29)|(51,51),(52,29)|(85,85),(92,29)|(39,39),(41,30)|(42,42),(48,30)|(49,49),(51,30)|(41,41),(49,31)|
(90,26),(91,27)|
(87,27),(88,26)|
(24.5,14),(24.5,20)|(24.5,23),(24.5,26)|(32.5,18),(32.5,20)|(32.5,23),(32.5,26)|(40.5,17),(40.5,20)|(40.5,21),(40.5,24)|(48.5,17),(48.5,24)|(59.5,16),(59.5,19)|(59.5,23),(59.5,26)|(70.5,18),(70.5,20)|(70.5,21),(70.5,26)|(84.5,20),(84.5,22)|(84.5,23),(84.5,28)|(97.5,18),(97.5,24)|(104.5,18),(104.5,24)|

end file : SB_B02