Pièce : SB_C01
taille : 148x35
##############################...###############################...............########################.#####.....#####....#########################
#############################......###..#######################..................#####################..#####.....#####.....########################
#############################...............################......................###################...#####....#######.....#######################
#############################................################......................########.#######....#######.../#####/......#######.##############
########################.###.................###############........................######..#####....../#####/....#####........#####..##############
####################......##..................###.####.....#........................####................#####.....#####........###.....#############
################...........#..................##.....................................##.................#####.....#####.........#.......############
#############.................................#......................................#..................#####......###....................##########
############.............................................................................................###.......###.....................#########
#########................................................................................................###.......###........................######
########.............................................................../##/..............................###.......###.........................#####
#######..........................|..................................../####/.............................###.......###..........................####
#######..........................|....................................######.............................###.......###..........................####
#######..........................|.......|............................######.............................###......./#/...........................###
######...........................|.......|............................######.............................###.....................................###
#####................|........##########.|...........................|######............................./#/.....................................###
####.................|.....################..........................|######............|........................................................###
####.................|...####################........................|######....####....|........................................................###
####.................|..........#######..|......./##/........####....|######....####....|.......................................................####
####.................|...........|.......|.......####........####....|######...|####....|.......................................................####
#####...............###..........|.......|......./##/........####....|.####....|####....####...|...............................................#####
#######......##################..|.....##H##############....|####....|.####....|####....########..............................................######
#######....##############################################...|####....######....|####|...#########............................................#######
#######...################################################..#####....|.#####...#####|...|..######.......................................############
######...##################################################.|####....|.####....|#####...|......|......................................##############
######...#########################################################...|.####....|####|...|......|.....................................###############
#####...#########################################################....|######...################|...................................#################
####....#########################################################....|........########.###########..............................####################
####...###########################################################...|.......########..#################........########.....#######################
#####.#############################################################################...##############################################################
##################################################################.###############..################################################################
##################################################################..############...#################################################################
###################################################################..............###################################################################
####################################################################################################################################################
####################################################################################################################################################
30,1|33,1|35,1|38,1|40,1|63,1|64,1|79,1|81,1|102,1|103,1|123,1|124,1|35,2|38,2|40,2|44,2|60,2|63,2|81,2|82,2|101,2|102,2|124,2|125,2|44,3|45,3|82,3|83,3|91,3|92,3|99,3|101,3|113,2|114,2|119,2|120,2|125,3|126,3|133,3|134,3|24,4|25,4|28,4|29,4|60,4|60,3|61,4|61,3|83,4|84,4|90,4|91,4|97,4|99,4|103,3|104,3|109,3|110,3|114,4|113,3|120,3|119,4|126,4|127,4|132,4|133,4|20,5|24,5|25,5|26,5|45,5|46,5|49,5|50,5|54,5|59,5|88,5|90,5|92,5|97,5|104,5|103,4|110,4|109,5|130,5|132,5|134,5|135,5|16,6|20,6|26,6|27,6|48,6|49,6|50,6|54,6|60,6|59,6|84,6|85,6|87,6|88,6|127,6|129,6|128,6|130,6|135,6|136,6|13,7|16,7|28,7|27,7|47,7|48,7|86,7|87,7|114,7|115,7|118,7|119,7|129,7|128,7|136,7|138,7|12,8|13,8|47,8|46,8|86,8|85,8|104,8|105,8|108,8|109,8|138,8|139,8|9,9|12,9|139,9|142,9|8,10|9,10|142,10|143,10|7,11|8,11|72,10|74,10|143,11|144,11|70,12|76,12|144,13|145,13|6,14|7,14|116,14|115,13|118,13|117,14|5,15|6,15|4,16|5,16|30,15|40,15|106,16|105,15|108,15|107,16|27,16|30,16|40,16|43,16|25,18|25,17|27,17|32,18|39,18|43,17|45,18|45,17|80,17|84,17|32,19|39,19|50,18|49,19|53,19|52,18|61,18|65,18|144,18|145,18|71,20|75,20|76,20|4,20|5,20|20,20|23,20|50,20|49,21|53,21|52,20|92,20|143,20|144,20|5,21|7,21|13,21|20,21|23,21|31,21|39,21|56,21|92,21|142,21|143,21|11,22|13,22|31,22|39,22|56,22|57,22|71,23|71,22|91,23|96,22|97,22|141,22|142,22|6,24|7,24|10,23|11,23|57,23|58,23|75,24|75,23|76,24|76,23|91,24|97,24|136,23|141,23|9,24|10,24|58,24|59,24|134,24|136,24|5,26|6,26|59,25|65,26|65,25|66,26|66,25|133,25|134,25|4,27|5,27|8,26|9,26|71,26|75,26|76,27|76,26|86,27|87,27|131,26|133,26|78,27|79,27|85,28|86,28|98,27|128,27|131,27|7,28|8,28|65,28|66,28|77,28|78,28|83,29|85,29|98,28|104,28|112,28|120,28|125,28|128,28|4,29|5,29|6,29|7,29|66,30|66,29|67,30|77,29|82,30|83,30|86,29|87,29|104,29|112,29|120,29|125,29|5,30|6,30|67,31|68,31|80,31|82,31|84,30|86,30|68,32|80,32|83,31|84,31|66,32|67,32|81,32|83,32|67,33|81,33|