Pièce : SB_C08
taille : 152x35
########################################################################################################################################################
########################################################################################################################################################
########################################################################################################################################################
########################################################################################################################################################
########################################################################################################################################################
###########################################################################...##########################################################################
##################################################################.....###....##################.............###########################################
##############################################...################.......#......###############................##########################################
#############################################......##############.......#.......####..#######...................########################################
##############################################..........########................###.....####......................######################################
################################################............###.................##.......###..........####...........###################################
#################################################...............................#........##..........#########........##################################
########################################################........................#........#........##############.......#################################
###########################################################......................................#################.....#################################
############################################################...................................###################......################################
#############################################################.................................#####################......###############################
#############################################################.....###........................#######################......#####.....####################
#############################################################....########...................########################......####.......###################
############################################################.....##########.................########################.......##..........#################
###########################################################.....############................#########################......#...........#################
##########################################################......###############............##########################..................#################
#########################################################......###################.........##########################.................##################
########################################################.......####################/##/.......#######################.................##################
###############.....##################################.........#########################.........####################..................#################
############...........#############################.........######################/##/###...........#################...................###############
##########................########################.........##################################...............##########......####............############
##########.....................#################..........######################################...................##......######................#######
########........................##############..........###########################################......................###########...............#####
######.......####..................######..............##########################################################.....#################.............####
###=........##########............................#######################################################################################............=##
######....#################......................############################################################################################......#####
###################################..........##################################################################################################...######
########################################################################################################################################################
########################################################################################################################################################
########################################################################################################################################################
78,5|66,6|71,6|74,6|75,6|96,6|109,6|46,7|49,7|65,7|66,7|71,7|73,7|72,7|74,7|78,7|79,7|94,7|96,7|109,7|110,7|45,8|46,8|49,8|51,8|79,8|80,8|84,8|86,8|93,8|94,8|110,8|112,8|51,9|56,9|64,9|65,9|73,9|72,9|83,9|84,9|86,9|88,9|92,9|93,9|112,9|114,9|45,9|46,9|56,10|60,10|63,10|64,10|82,10|83,10|88,10|89,10|114,10|117,10|46,10|48,10|60,11|63,11|81,11|82,11|91,11|92,11|102,10|106,10|117,11|118,11|48,11|49,11|90,12|91,12|101,11|102,11|106,11|110,11|118,12|119,12|49,12|56,12|81,13|80,13|90,13|89,13|98,12|101,12|110,12|112,12|56,13|59,13|97,13|98,13|112,13|114,13|119,14|120,14|59,14|60,14|95,14|97,14|120,15|121,15|60,15|61,15|94,15|95,15|114,15|115,15|121,16|122,16|127,16|132,16|66,16|69,16|93,16|94,16|115,16|116,16|126,17|127,17|132,17|133,17|60,18|61,18|65,17|66,17|69,17|73,17|92,17|93,17|122,18|123,18|125,18|126,18|133,18|135,18|59,19|60,19|73,18|75,18|124,19|125,19|58,20|59,20|64,19|65,19|75,19|76,19|116,19|117,19|124,20|123,20|57,21|58,21|76,20|79,20|91,20|92,20|56,22|57,22|63,21|64,21|79,21|82,21|91,22|94,22|134,21|135,21|15,23|20,23|54,23|56,23|82,22|84,22|83,23|87,23|86,22|94,23|97,23|134,23|135,23|12,24|15,24|20,24|23,24|52,24|54,24|88,23|97,24|101,24|135,24|137,24|10,25|12,25|23,25|26,25|50,25|52,25|61,24|63,24|84,24|83,25|87,24|86,25|88,24|90,24|101,25|108,25|117,24|118,24|137,25|140,25|26,26|31,26|48,26|50,26|59,25|61,25|90,25|93,25|108,26|115,26|117,26|118,26|124,25|128,25|140,26|145,26|8,27|10,27|31,27|32,27|46,27|48,27|58,26|59,26|93,26|96,26|115,27|117,27|123,26|124,26|128,26|129,26|145,27|147,27|6,28|8,28|32,28|35,28|41,28|46,28|56,27|58,27|96,27|99,27|121,27|123,27|129,27|132,27|147,28|148,28|6,29|13,28|17,28|35,29|41,29|55,28|56,28|99,28|113,28|118,28|121,28|132,28|135,28|148,29|12,29|13,29|17,29|22,29|50,29|55,29|113,29|118,29|135,29|137,29|6,30|10,30|12,30|22,30|27,30|49,30|50,30|137,30|141,30|147,30|6,31|10,31|27,31|35,31|45,31|49,31|141,31|143,31|146,31|147,31|35,32|45,32|143,32|146,32|