Piece : DS_A23
48x35
-406x202
################################################
##########################..................####
################################################
################################################
####................####....................####
########################.....................=##
####................####......#####.........####
########################....####################
########################....########=###########
########################...#####################
########################....####################
########################....####################
########################....####################
####...............######...####################
##=................#####....####################
####...............#####....####################
################...#####....####################
####..........##...#####...#####################
################...#####....#########.##.#######
#################..#####....#########.##.#######
################...#####...........##.##.#######
################...######..........##.##.#######
################...########........##.##.#######
################..##############...##.##.#######
################...#############...##.##.#######
################...#############...##.##.#######
################...#############...##.##.#######
#################..................##.##.#######
##################.................##.##.#######
################################################
#################################=##############
################################################
################################################
################################################
################################################
(2,14),(2,15)|(4,4),(4,5)|(4,6),(4,7)|(4,13),(4,14)|(4,15),(4,16)|(4,17),(4,18)|(14,17),(14,18)|(16,16),(16,19)|(16,20),(16,27)|(17,19),(17,20)|(17,27),(17,28)|(18,23),(18,24)|(18,28),(18,29)|(19,13),(19,23)|(19,24),(19,27)|(20,4),(20,5)|(20,6),(20,7)|(24,4),(24,13)|(24,14),(24,21)|(25,13),(25,14)|(25,21),(25,22)|(26,1),(26,2)|(27,9),(27,10)|(27,17),(27,18)|(27,22),(27,23)|(28,7),(28,9)|(28,10),(28,17)|(28,18),(28,20)|(30,6),(30,7)|(32,23),(32,27)|(33,30),(33,31)|(34,30),(34,31)|(35,6),(35,7)|(35,20),(35,29)|(36,8),(36,9)|(37,8),(37,9)|(37,18),(37,29)|(38,18),(38,29)|(40,18),(40,29)|(41,18),(41,29)|(44,1),(44,2)|(44,4),(44,5)|(44,6),(44,7)|(46,5),(46,6)|
(26,1),(44,1)|(26,2),(44,2)|(4,4),(20,4)|(24,4),(44,4)|(4,5),(20,5)|(44,5),(46,5)|(4,6),(20,6)|(30,6),(35,6)|(44,6),(46,6)|(4,7),(20,7)|(28,7),(30,7)|(35,7),(44,7)|(36,8),(37,8)|(27,9),(28,9)|(36,9),(37,9)|(27,10),(28,10)|(4,13),(19,13)|(24,13),(25,13)|(2,14),(4,14)|(24,14),(25,14)|(2,15),(4,15)|(4,16),(16,16)|(4,17),(14,17)|(27,17),(28,17)|(4,18),(14,18)|(27,18),(28,18)|(37,18),(38,18)|(40,18),(41,18)|(16,19),(17,19)|(16,20),(17,20)|(28,20),(35,20)|(24,21),(25,21)|(25,22),(27,22)|(18,23),(19,23)|(27,23),(32,23)|(18,24),(19,24)|(16,27),(17,27)|(19,27),(32,27)|(17,28),(18,28)|(18,29),(35,29)|(37,29),(38,29)|(40,29),(41,29)|(33,30),(34,30)|(33,31),(34,31)|
None|
None|
None|
None|
end file : DS_A23