GATE_UW_SS: 478,10,48,35
GATE_SS_UW: 330,4089,48,35
RM_D08: 379,4088,107,78
RM_S04: 381,4052,48,35
RM_E08: 446,3935,48,189
RM_D07: 444,3903,204,35
RM_AI: 540,2429,151,112
RM_E06: 488,766,252,35
RM_C08: 607,682,152,35
RM_A14: 921,849,48,35
RM_LAB13: 977,2240,70,78
RM_A01: 1054,849,48,35
RM_D02: 744,754,104,78
RM_LAB8: 851,2171,176,56
RM_LAB6: 1054,796,48,35
RM_A17: 762,696,48,35
RM_E03: 760,495,48,188
RM_LAB7: 851,745,48,35
RM_LAB3: 989,2136,118,35
RM_LAB11: 851,692,48,35
RM_LAB5: 988,692,48,35
RM_E05: 1038,1811,48,188
RM_I03: 331,728,155,120
RM_C07: 63,774,152,35
RM_C03: 10,685,48,120
RM_B02: 174,629,48,78
RM_S05: 226,672,48,35
RM_A16: 10,653,48,35
RM_A03: 12,617,48,35
RM_A15: 22,581,48,35
RM_E02: 72,579,255,35
RM_A04: 209,492,48,35
RM_B06: 263,475,104,35
RM_A11: 375,677,48,35
RM_D03: 342,584,104,76
RM_D04: 368,417,104,78
RM_C04: 645,445,152,35
RM_C06: 25,460,48,120
RM_H01: 54,385,202,78
RM_F02: 219,263,104,120
RM_S02: 215,1779,48,35
RM_B03: 434,343,48,78
RM_E01: 329,307,255,35
RM_F01: 348,74,48,228
RM_C02: 431,76,48,121
RM_I02: 401,182,152,121
RM_A09: 500,121,48,35
RM_B01: 550,78,48,78
RM_A08: 553,44,48,35
RM_A19: 505,44,48,35
RM_S01: 584,53,48,35
RM_B04: 862,1646,96,78
RM_S03: 911,3119,48,35
RM_A13: 906,1727,48,35
RM_E04: 599,304,255,35
RM_LC01: 468,1516,48,78
RM_LC02: 484,1613,48,35
RM_LC03: 504,1664,48,35
RM_LC04: 561,1649,48,112
RM_LC05: 501,1728,48,35
RM_LCHUNT: 393,1722,96,35
RM_LC06: 456,1799,70,127
RM_LCTANK: 526,1772,48,35
RM_LCSWAP: 550,1809,48,112
RM_LCS2: 507,1888,48,35
RM_LCCACHE: 596,1767,48,35
RM_LCFILTERS: 612,1649,246,38
RM_LSENTRANCE: 464,1945,96,35
RM_LS1: 594,2003,48,35
RM_LS2: 384,1873,48,35
RM_LSVALVES: 336,1796,48,112
RM_LSROOT: 238,1877,96,35
RM_LCHEADER: 653,2011,48,110
RM_LCBLOCKAGE: 324,1683,96,35
RM_LCAMBUSH: 333,1753,48,35
RM_LCS1: 383,1760,48,35
RM_LCEDGE: 411,2073,48,35
RM_LCMANUFOLD: 483,2084,149,35
RM_LCLPIPE: 472,2004,48,78
RM_LCRPIPE: 541,2038,96,35
RM_LCTUBE: 527,2006,48,35
RM_LSSECRET: 369,1946,96,72
RM_LSCOREACCESS: 181,1933,146,72
RM_LSLOCKDOWN: 576,1939,127,63
RM_CORE: 177,3343,48,35
RM_ROT01: 714,1945,96,35
RM_ROT02: 838,1767,123,70
RM_LCTPIPE: 820,1827,48,78
RM_CONVERGENCE: 821,1888,106,92
RM_DEAD01: 922,1935,106,78
RM_DEAD02: 828,1977,59,127
RM_SDEAD: 779,2018,48,35
RM_DEAD03: 879,2053,120,42
RM_LCMEMEXIT: 702,2108,48,110
RM_LCUPSIDE: 859,2304,146,35
RM_CONSTRUCT: 850,2244,53,62
RM_ASSEMBLY: 714,2239,118,42
RM_LCFINAL: 543,2172,146,35
RM_LCEXTRA: 443,2120,120,35
RM_SFINAL: 590,2124,48,35
RM_TERROR: 983,1697,104,78
RM_GSB1: 540,2213,150,76
RM_GSB2: 568,2283,96,149
