Pièce : SS_A19
48x35
-220x-1601
################################################
################################################
################################################
################################################
################################################
################################################
#####..#####......#...............|....#########
#####..#####......................|....#########
####/..#####......................|....#########
###/...#####.....................###...#########
###......|....................##################
###......|....................##################
####.....#.............................=########
###......|....................##################
###......|....................##################
####.....#.............................=########
###......|....................##################
###......|....................##################
####.....#.............................=########
###......|....................##################
###......|....................##################
####.....|.............................=########
###......|....................##################
###/.....|.....####...####....##################
####/....|....#####...####.......###...#########
#####....|.....####...#####.......|....#########
#####..##H##...####...####........|...##########
#####..##=##...####...####........|....#########
################################################
################################################
################################################
################################################
################################################
################################################
################################################
(3,12),(3,13)|(3,15),(3,16)|(3,18),(3,19)|(3,21),(3,22)|(4,12),(4,13)|(4,15),(4,16)|(4,18),(4,19)|(4,21),(4,22)|(5,6),(5,8)|(5,25),(5,28)|(7,6),(7,10)|(7,26),(7,28)|(9,12),(9,13)|(9,15),(9,16)|(9,18),(9,19)|(9,26),(9,28)|(10,12),(10,13)|(10,15),(10,16)|(10,18),(10,19)|(10,26),(10,28)|(12,6),(12,10)|(12,26),(12,28)|(14,24),(14,25)|(15,23),(15,24)|(15,25),(15,28)|(18,6),(18,7)|(19,6),(19,7)|(19,23),(19,28)|(22,23),(22,28)|(26,23),(26,25)|(26,26),(26,28)|(27,25),(27,26)|(30,10),(30,12)|(30,13),(30,15)|(30,16),(30,18)|(30,19),(30,21)|(30,22),(30,24)|(33,9),(33,10)|(33,24),(33,25)|(36,9),(36,10)|(36,24),(36,25)|(38,26),(38,27)|(39,6),(39,10)|(39,24),(39,26)|(39,27),(39,28)|(40,12),(40,13)|(40,15),(40,16)|(40,18),(40,19)|(40,21),(40,22)|
(5,6),(7,6)|(12,6),(18,6)|(19,6),(39,6)|(18,7),(19,7)|(33,9),(36,9)|(7,10),(12,10)|(30,10),(33,10)|(36,10),(39,10)|(3,12),(4,12)|(9,12),(10,12)|(30,12),(40,12)|(3,13),(4,13)|(9,13),(10,13)|(30,13),(40,13)|(3,15),(4,15)|(9,15),(10,15)|(30,15),(40,15)|(3,16),(4,16)|(9,16),(10,16)|(30,16),(40,16)|(3,18),(4,18)|(9,18),(10,18)|(30,18),(40,18)|(3,19),(4,19)|(9,19),(10,19)|(30,19),(40,19)|(3,21),(4,21)|(30,21),(40,21)|(3,22),(4,22)|(30,22),(40,22)|(15,23),(19,23)|(22,23),(26,23)|(14,24),(15,24)|(30,24),(33,24)|(36,24),(39,24)|(14,25),(15,25)|(26,25),(27,25)|(33,25),(36,25)|(7,26),(9,26)|(10,26),(12,26)|(26,26),(27,26)|(38,26),(39,26)|(38,27),(39,27)|(5,28),(7,28)|(9,28),(10,28)|(12,28),(15,28)|(19,28),(22,28)|(26,28),(39,28)|
(3,23),(5,25)|
(3,10),(5,8)|
(9.5,10),(9.5,12)|(9.5,13),(9.5,15)|(9.5,16),(9.5,18)|(9.5,19),(9.5,26)|(34.5,6),(34.5,9)|(34.5,25),(34.5,28)|

end file : SS_A19