Pièce : SS_A01
48x35
1316x711
################################################
################################################
######################......................####
##=...##=#############--##-----#---.........####
#####.##.####...............................####
#####.##.####...............................####
#####+##+####...............................####
####.|..|.....................................##
####.|..|.....................................##
####.|..|.....................................##
####.|..|.....................................##
####.|..|.....................................##
####.|..|.....................................##
####.|..|...................................####
####.|..|...................................####
####.|..|...................................####
####.|..|...................................####
####.|..|...................................####
####.|..|...................................####
####.|..|...................................####
####.####...................................####
####.####...................................####
####.####...................................####
####.####...................................####
####.####...................................####
####.####...................................####
####.####................|..................####
####.####................|..................####
####.####................|...............#######
####.|..|................|..|............#######
####.|..|................|..|............#######
##########--------#######|##|#####.......#######
##########........#######=##=#####.......#######
################################################
################################################
(2,3),(2,4)|(4,7),(4,31)|(5,4),(5,7)|(5,20),(5,29)|(6,3),(6,7)|(8,3),(8,7)|(9,3),(9,7)|(9,20),(9,29)|(10,31),(10,33)|(13,4),(13,7)|(18,31),(18,33)|(22,2),(22,4)|(24,3),(24,4)|(25,31),(25,33)|(26,3),(26,4)|(26,31),(26,33)|(28,31),(28,33)|(29,31),(29,33)|(31,3),(31,4)|(32,3),(32,4)|(34,31),(34,33)|(41,28),(41,33)|(44,2),(44,7)|(44,13),(44,28)|(46,7),(46,13)|
(22,2),(44,2)|(2,3),(6,3)|(8,3),(9,3)|(24,3),(26,3)|(31,3),(32,3)|(2,4),(5,4)|(13,4),(22,4)|(24,4),(26,4)|(31,4),(32,4)|(4,7),(5,7)|(6,7),(8,7)|(9,7),(13,7)|(44,7),(46,7)|(44,13),(46,13)|(5,20),(9,20)|(41,28),(44,28)|(5,29),(9,29)|(4,31),(10,31)|(18,31),(25,31)|(26,31),(28,31)|(29,31),(34,31)|(10,33),(18,33)|(25,33),(26,33)|(28,33),(29,33)|(34,33),(41,33)|


(5.5,6),(5.5,20)|(5.5,29),(5.5,31)|(8.5,6),(8.5,20)|(8.5,29),(8.5,31)|(25.5,26),(25.5,32)|(28.5,29),(28.5,32)|
(22,3.5),(24,3.5)|(26,3.5),(31,3.5)|(32,3.5),(35,3.5)|(5,6.5),(6,6.5)|(8,6.5),(9,6.5)|(10,31.5),(18,31.5)|
end file : SS_A01