Pièce : SS_LAB11
taille : 48x35
################################################
################################################
###########........############...........######
#########=---------########=#=#.........---=####
###########........########|#|#...........######
####.|..|..................|.|............######
####.|..|..................|..............######
####.|..|.................................|..|.#
####.|..|.................................|..|.#
####.|..|.................................|..|.#
####.|..|.................................|..|.#
####.|..|.................................|..|.#
####.####.................................####.#
####.####.................................####.#
####.####.................................####.#
####.####.................................####.#
####.####.................................####.#
####.####.................................####.#
####.####.................................####.#
####.|..|.................................####.#
####.|..|.................................####.#
####.|..|.................................|..|.#
####.|..|....................................|.#
####.|..|....................................|.#
####.|..|....................................|.#
####.|..|....................................|##
####.|..|....................................|##
####.|..|....................................|##
####.|..|.................|...............|..###
##########................|...............######
##########.........##...|.|.##............######
########=--.......######|#|####........----=####
##########.......#######=#=######.........######
################################################
################################################
(4,5),(4,29)|(5,12),(5,19)|(8,31),(8,32)|(9,3),(9,4)|(9,12),(9,19)|(10,29),(10,31)|(10,32),(10,33)|(11,2),(11,3)|(11,4),(11,5)|(17,32),(17,33)|(18,31),(18,32)|(19,2),(19,5)|(19,30),(19,31)|(21,30),(21,31)|(24,31),(24,33)|(25,31),(25,33)|(26,31),(26,33)|(27,3),(27,5)|(27,31),(27,33)|(28,3),(28,5)|(28,30),(28,31)|(29,3),(29,5)|(30,3),(30,5)|(30,30),(30,31)|(31,2),(31,5)|(31,31),(31,32)|(33,32),(33,33)|(42,2),(42,3)|(42,4),(42,7)|(42,12),(42,21)|(42,29),(42,31)|(42,32),(42,33)|(44,3),(44,4)|(44,31),(44,32)|(45,28),(45,29)|(46,12),(46,21)|(46,25),(46,28)|(47,7),(47,25)|
(11,2),(19,2)|(31,2),(42,2)|(9,3),(11,3)|(27,3),(28,3)|(29,3),(30,3)|(42,3),(44,3)|(9,4),(11,4)|(42,4),(44,4)|(4,5),(11,5)|(19,5),(27,5)|(28,5),(29,5)|(30,5),(31,5)|(42,7),(47,7)|(5,12),(9,12)|(42,12),(46,12)|(5,19),(9,19)|(42,21),(46,21)|(46,25),(47,25)|(45,28),(46,28)|(4,29),(10,29)|(42,29),(45,29)|(19,30),(21,30)|(28,30),(30,30)|(8,31),(10,31)|(18,31),(19,31)|(21,31),(24,31)|(25,31),(26,31)|(27,31),(28,31)|(30,31),(31,31)|(42,31),(44,31)|(8,32),(10,32)|(17,32),(18,32)|(31,32),(33,32)|(42,32),(44,32)|(10,33),(17,33)|(24,33),(25,33)|(26,33),(27,33)|(33,33),(42,33)|


(5.5,5),(5.5,12)|(5.5,19),(5.5,29)|(8.5,5),(8.5,12)|(8.5,19),(8.5,29)|(24.5,30),(24.5,32)|(26.5,28),(26.5,32)|(27.5,4),(27.5,7)|(29.5,4),(29.5,6)|(42.5,7),(42.5,12)|(42.5,21),(42.5,22)|(42.5,28),(42.5,29)|(45.5,7),(45.5,12)|(45.5,21),(45.5,28)|
(9,31.5),(10,3.5)|(11,31.5),(19,3.5)|(39,31.5),(40,3.5)|(43,3.5),(43,31.5)|
