Piece : SS_LAB7
48x35
829x469
################################################
################################################
###########...........##########..........######
#########=------#--...#######=##----------######
###########...........#######|##..........######
####.|..|....................|............######
####.####....................|............######
####.####.................................|..|.#
####.####.................................|..|.#
####.####.................................|..|.#
####.####.................................|..|.#
####.|..|.................................|..|.#
####.|..|.................................|..|.#
####.|..|.................................|..|.#
####.|..|.................................####.#
####.|..|.................................####.#
####.|..|.................................####.#
####.|..|.................................####.#
####.|..|.................................####.#
####.|..|.................................|..|.#
####.|..|.................................|..|.#
####.####.................................|..|.#
####.####.................................|..|.#
####.####.................................|..|.#
####.####.................................|..|.#
####.####.................................|..|.#
####.|..|.................................|..|.#
####.|..|.................................|..|.#
####.|..|...............|.................|..|.#
##########..............|.................######
##########............##|#######..........######
##########------------##|#######-----------=####
##########............##=#######..........######
################################################
################################################
(4,5),(4,29)|(5,6),(5,11)|(5,21),(5,26)|(9,3),(9,4)|(9,6),(9,11)|(9,21),(9,26)|(10,29),(10,33)|(11,2),(11,3)|(11,4),(11,5)|(16,3),(16,4)|(17,3),(17,4)|(22,2),(22,5)|(22,30),(22,33)|(24,30),(24,33)|(25,30),(25,33)|(29,3),(29,5)|(30,3),(30,5)|(32,2),(32,5)|(32,30),(32,33)|(42,2),(42,7)|(42,14),(42,19)|(42,29),(42,31)|(42,32),(42,33)|(44,31),(44,32)|(46,14),(46,19)|(47,7),(47,29)|
(11,2),(22,2)|(32,2),(42,2)|(9,3),(11,3)|(16,3),(17,3)|(29,3),(30,3)|(9,4),(11,4)|(16,4),(17,4)|(4,5),(11,5)|(22,5),(29,5)|(30,5),(32,5)|(5,6),(9,6)|(42,7),(47,7)|(5,11),(9,11)|(42,14),(46,14)|(42,19),(46,19)|(5,21),(9,21)|(5,26),(9,26)|(4,29),(10,29)|(42,29),(47,29)|(22,30),(24,30)|(25,30),(32,30)|(42,31),(44,31)|(42,32),(44,32)|(10,33),(22,33)|(24,33),(25,33)|(32,33),(42,33)|
None|
None|
(5.5,5),(5.5,6)|(5.5,11),(5.5,21)|(5.5,26),(5.5,29)|(8.5,5),(8.5,6)|(8.5,11),(8.5,21)|(8.5,26),(8.5,29)|(24.5,28),(24.5,32)|(29.5,4),(29.5,7)|(42.5,7),(42.5,14)|(42.5,19),(42.5,29)|(45.5,7),(45.5,14)|(45.5,19),(45.5,29)|
(10,3.5),(16,3.5)|(17,3.5),(19,3.5)|(32,3.5),(42,3.5)|(10,31.5),(22,31.5)|(32,31.5),(43,31.5)|
end file : SS_LAB7