Pièce : SS_LAB12
taille : 48x35
################################################
################################################
###########.........############..........######
###########........-#######=#=##----------######
###########.........#######|#|##..........######
####.......................|.|............######
####.......................|.|............######
####........................................####
####.........................................###
####..........................................##
####..........................................##
####...........................................#
####...........................................#
####...........................................#
####...........................................#
####...........................................#
####...........................................#
####...........................................#
####...........................................#
####...........................................#
####...........................................#
####...........................................#
####...........................................#
####...........................................#
####...........................................#
####...........................................#
####..........................................##
####.........................................###
####........................................####
##########................|...............######
##########..........####.#|#####..........######
########=-----------####.#|######........#######
##########..........####=#=#######.....#########
################################################
################################################
(4,5),(4,29)|(8,31),(8,32)|(10,29),(10,31)|(10,32),(10,33)|(11,2),(11,5)|(20,2),(20,5)|(20,30),(20,33)|(24,30),(24,33)|(25,30),(25,33)|(26,30),(26,33)|(27,3),(27,5)|(27,30),(27,33)|(28,3),(28,5)|(29,3),(29,5)|(30,3),(30,5)|(32,2),(32,5)|(32,30),(32,31)|(33,31),(33,32)|(34,32),(34,33)|(39,32),(39,33)|(41,31),(41,32)|(42,2),(42,7)|(42,29),(42,31)|(44,7),(44,8)|(44,28),(44,29)|(45,8),(45,9)|(45,27),(45,28)|(46,9),(46,11)|(46,26),(46,27)|(47,11),(47,26)|
(11,2),(20,2)|(32,2),(42,2)|(27,3),(28,3)|(29,3),(30,3)|(4,5),(11,5)|(20,5),(27,5)|(28,5),(29,5)|(30,5),(32,5)|(42,7),(44,7)|(44,8),(45,8)|(45,9),(46,9)|(46,11),(47,11)|(46,26),(47,26)|(45,27),(46,27)|(44,28),(45,28)|(4,29),(10,29)|(42,29),(44,29)|(20,30),(24,30)|(25,30),(26,30)|(27,30),(32,30)|(8,31),(10,31)|(32,31),(33,31)|(41,31),(42,31)|(8,32),(10,32)|(33,32),(34,32)|(39,32),(41,32)|(10,33),(20,33)|(24,33),(25,33)|(26,33),(27,33)|(34,33),(39,33)|


(26.5,29),(26.5,32)|(27.5,4),(27.5,7)|(29.5,4),(29.5,7)|
(19,3.5),(20,3.5)|(32,3.5),(42,3.5)|(9,31.5),(20,31.5)|
end file : SS_LAB12