Pièce : SH_A10
taille : 48x35
................................................
.................|..............................
.................|..|...........................
.................####...........................
................./##/...........................
.................|##|..........|................
.................|..|..........|................
.................|..|..........|....####........
.................|..|.......|..|..../##/........
.................|..|.......|..|....|##|........
.................|..|.......|..|....|..|........
..........|......|..|.......|..|....|..|........
.......|..|......|..|.......####....|..|........
.......|..|......####......./##/....|..|........
.......|..|....../##/.......|##|....|..|........
.......####......|##|.......|..|....|..|........
......./##/......|..|.......|..|....####........
.......|##|......|..|.......|..|..../##/........
.......|..|......|..|.......|..|....|##|........
.......|..|......|####......|..|....|..|........
.......|..|......###############....|..|........
.......|..|......###########=####...|..|........
.############################################...
.####.########################################..
.####.#########################################.
..###.######################=##################.
..###.######################.##################.
..###.#######......................############.
...##.....................................####..
...##########......................######.####..
..#######################################.####..
..##############=#=######################=####..
.##############################################.
.##############################################.
.##############################################.
(1,22),(1,25)|(1,32),(1,35)|(2,25),(2,28)|(2,30),(2,32)|(3,28),(3,30)|(5,23),(5,29)|(6,23),(6,28)|(7,15),(7,16)|(11,15),(11,16)|(13,27),(13,28)|(13,29),(13,30)|(16,31),(16,32)|(17,3),(17,4)|(17,13),(17,14)|(17,20),(17,22)|(17,31),(17,32)|(18,6),(18,16)|(18,19),(18,20)|(18,31),(18,32)|(19,31),(19,32)|(20,6),(20,16)|(21,3),(21,4)|(21,13),(21,14)|(22,19),(22,20)|(28,12),(28,13)|(28,21),(28,22)|(28,25),(28,27)|(29,15),(29,21)|(29,22),(29,25)|(32,12),(32,13)|(32,20),(32,21)|(33,21),(33,22)|(35,27),(35,28)|(35,29),(35,30)|(36,7),(36,8)|(36,16),(36,17)|(37,10),(37,19)|(39,10),(39,19)|(40,7),(40,8)|(40,16),(40,17)|(41,29),(41,32)|(42,28),(42,32)|(45,22),(45,23)|(46,23),(46,24)|(46,28),(46,32)|(47,24),(47,28)|(47,32),(47,35)|
(17,3),(21,3)|(17,4),(21,4)|(18,6),(20,6)|(36,7),(40,7)|(36,8),(40,8)|(37,10),(39,10)|(28,12),(32,12)|(17,13),(21,13)|(28,13),(32,13)|(17,14),(21,14)|(7,15),(11,15)|(29,15),(31,15)|(7,16),(11,16)|(18,16),(20,16)|(36,16),(40,16)|(36,17),(40,17)|(8,18),(10,18)|(18,19),(22,19)|(37,19),(39,19)|(17,20),(18,20)|(22,20),(32,20)|(28,21),(29,21)|(32,21),(33,21)|(1,22),(17,22)|(28,22),(29,22)|(33,22),(45,22)|(5,23),(6,23)|(45,23),(46,23)|(46,24),(47,24)|(1,25),(2,25)|(28,25),(29,25)|(13,27),(28,27)|(29,27),(35,27)|(2,28),(3,28)|(6,28),(13,28)|(35,28),(42,28)|(46,28),(47,28)|(5,29),(13,29)|(35,29),(41,29)|(2,30),(3,30)|(13,30),(35,30)|(16,31),(17,31)|(18,31),(19,31)|(1,32),(2,32)|(16,32),(17,32)|(18,32),(19,32)|(41,32),(42,32)|(46,32),(47,32)|(1,35),(47,35)|
(7,16),(8,17)|(17,4),(18,5)|(17,14),(18,15)|(28,13),(29,14)|(36,8),(37,9)|(36,17),(37,18)|
(10,17),(11,16)|(20,5),(21,4)|(20,15),(21,14)|(31,14),(32,13)|(39,9),(40,8)|(39,18),(40,17)|
(7.5,12),(7.5,15)|(7.5,17),(7.5,22)|(10.5,11),(10.5,15)|(10.5,17),(10.5,22)|(17.5,1),(17.5,3)|(17.5,5),(17.5,13)|(17.5,15),(17.5,20)|(20.5,2),(20.5,3)|(20.5,5),(20.5,13)|(20.5,15),(20.5,19)|(28.5,8),(28.5,12)|(28.5,14),(28.5,20)|(31.5,5),(31.5,12)|(31.5,14),(31.5,20)|(36.5,9),(36.5,16)|(36.5,18),(36.5,22)|(39.5,9),(39.5,16)|(39.5,18),(39.5,22)|

end file : SH_A10