Pièce : SL_A06
taille : 48x35
################################################
################################################
################################################
################################################
##################/.#......#./##################
#################/..#......#../#################
################/...#......#.../################
###############/....#......#..../###############
##############/............#...../##############
#############/.............#....../#############
############/....................../############
###########/......................../###########
####........................................####
##=..........................................=##
####.......................#................####
##=.................#......#.................=##
####............../##########/..............####
##=............../####=##=####/..............=##
####............/##############/............####
##=............/################/...#........=##
####........../##################/.####.....####
################################################
################################################
################################################
################################################
################################################
################################################
################################################
################################################
################################################
################################################
################################################
################################################
################################################
################################################
(2,13),(2,14)|(2,15),(2,16)|(2,17),(2,18)|(2,19),(2,20)|(4,12),(4,13)|(4,14),(4,15)|(4,16),(4,17)|(4,18),(4,19)|(4,20),(4,21)|(20,4),(20,8)|(20,15),(20,16)|(21,4),(21,8)|(21,15),(21,16)|(22,17),(22,18)|(23,17),(23,18)|(25,17),(25,18)|(26,17),(26,18)|(27,4),(27,10)|(27,14),(27,16)|(28,4),(28,10)|(28,14),(28,16)|(35,20),(35,21)|(36,19),(36,20)|(37,19),(37,20)|(39,20),(39,21)|(44,12),(44,13)|(44,14),(44,15)|(44,16),(44,17)|(44,18),(44,19)|(44,20),(44,21)|(46,13),(46,14)|(46,15),(46,16)|(46,17),(46,18)|(46,19),(46,20)|
(20,4),(21,4)|(27,4),(28,4)|(20,8),(21,8)|(27,10),(28,10)|(4,12),(44,12)|(2,13),(4,13)|(44,13),(46,13)|(2,14),(4,14)|(27,14),(28,14)|(44,14),(46,14)|(2,15),(4,15)|(20,15),(21,15)|(44,15),(46,15)|(2,16),(4,16)|(20,16),(21,16)|(27,16),(28,16)|(44,16),(46,16)|(2,17),(4,17)|(22,17),(23,17)|(25,17),(26,17)|(44,17),(46,17)|(2,18),(4,18)|(22,18),(23,18)|(25,18),(26,18)|(44,18),(46,18)|(2,19),(4,19)|(36,19),(37,19)|(44,19),(46,19)|(2,20),(4,20)|(35,20),(36,20)|(37,20),(39,20)|(44,20),(46,20)|(4,21),(35,21)|(39,21),(44,21)|
(29,4),(37,12)|(29,16),(34,21)|
(11,12),(19,4)|(14,21),(19,16)|


end file : SL_A06