Pièce : SL_A03
taille : 48x35
################################################
################################################
################################################
#####..#..####...#....####....#...####..########
###=...#...###...#....###.....#....##...########
#####..#.........#......#.....#.........########
#####--#......................#.........#..#####
###.|..|......................#.........#...=###
###.|..|................................#..#####
###.+--+................................#--#####
###.|..|................................#..#####
###.|..|......................#.........#..#####
###.+-.|.........#............#.........#--#.###
###.|..|.........#............#.........#..#.###
###.|..|......#######......#######......#..#.###
####+..|......#######......#######......#--#.###
#####..|......#######......#######......#..#.###
########......#######......#######......#..|.###
########......#######......#######......#--+.###
########......#######......#######......#....###
###..............#............#.........|....###
##...............#............#...............##
#................#............#................#
##...............#............#...............##
#................#.............................#
##...............#............................##
#..............................................#
##/...........................#............../##
###/..........................#.......###.../###
####/............#............#.....#######/####
#####/...........#............#....#############
########.#.#.#.#####.#.#.#.#####################
########=#=#=#=#####=#=#=#=#####################
################################################
################################################
(1,22),(1,23)|(1,24),(1,25)|(1,26),(1,27)|(2,21),(2,22)|(2,23),(2,24)|(2,25),(2,26)|(3,4),(3,5)|(3,7),(3,15)|(3,20),(3,21)|(4,15),(4,16)|(5,3),(5,4)|(5,5),(5,7)|(5,16),(5,17)|(7,3),(7,7)|(8,3),(8,7)|(8,17),(8,20)|(8,31),(8,33)|(9,31),(9,33)|(10,3),(10,4)|(10,31),(10,33)|(11,4),(11,5)|(11,31),(11,33)|(12,31),(12,33)|(13,31),(13,33)|(14,3),(14,5)|(14,14),(14,20)|(14,31),(14,33)|(15,31),(15,33)|(17,3),(17,6)|(17,12),(17,14)|(17,20),(17,26)|(17,29),(17,31)|(18,3),(18,6)|(18,12),(18,14)|(18,20),(18,26)|(18,29),(18,31)|(20,31),(20,33)|(21,14),(21,20)|(21,31),(21,33)|(22,3),(22,5)|(22,31),(22,33)|(23,31),(23,33)|(24,5),(24,6)|(24,31),(24,33)|(25,4),(25,6)|(25,31),(25,33)|(26,3),(26,4)|(26,31),(26,33)|(27,14),(27,20)|(27,31),(27,33)|(30,3),(30,8)|(30,11),(30,14)|(30,20),(30,24)|(30,27),(30,31)|(31,3),(31,8)|(31,11),(31,14)|(31,20),(31,24)|(31,27),(31,31)|(34,3),(34,4)|(34,14),(34,20)|(35,4),(35,5)|(35,30),(35,31)|(36,29),(36,30)|(37,4),(37,5)|(38,3),(38,4)|(38,28),(38,29)|(40,3),(40,20)|(41,6),(41,20)|(41,28),(41,29)|(43,6),(43,7)|(43,8),(43,17)|(44,12),(44,17)|(45,7),(45,8)|(45,12),(45,21)|(46,21),(46,22)|(46,23),(46,24)|(46,25),(46,26)|(47,22),(47,23)|(47,24),(47,25)|(47,26),(47,27)|
(5,3),(7,3)|(8,3),(10,3)|(14,3),(17,3)|(18,3),(22,3)|(26,3),(30,3)|(31,3),(34,3)|(38,3),(40,3)|(3,4),(5,4)|(10,4),(11,4)|(25,4),(26,4)|(34,4),(35,4)|(37,4),(38,4)|(3,5),(5,5)|(11,5),(14,5)|(22,5),(24,5)|(35,5),(37,5)|(17,6),(18,6)|(24,6),(25,6)|(41,6),(43,6)|(3,7),(5,7)|(7,7),(8,7)|(43,7),(45,7)|(30,8),(31,8)|(43,8),(45,8)|(30,11),(31,11)|(17,12),(18,12)|(44,12),(45,12)|(14,14),(17,14)|(18,14),(21,14)|(27,14),(30,14)|(31,14),(34,14)|(3,15),(4,15)|(4,16),(5,16)|(5,17),(8,17)|(43,17),(44,17)|(3,20),(8,20)|(14,20),(17,20)|(18,20),(21,20)|(27,20),(30,20)|(31,20),(34,20)|(40,20),(41,20)|(2,21),(3,21)|(45,21),(46,21)|(1,22),(2,22)|(46,22),(47,22)|(1,23),(2,23)|(46,23),(47,23)|(1,24),(2,24)|(30,24),(31,24)|(46,24),(47,24)|(1,25),(2,25)|(46,25),(47,25)|(1,26),(2,26)|(17,26),(18,26)|(46,26),(47,26)|(1,27),(30,27)|(31,27),(47,27)|(38,28),(41,28)|(17,29),(18,29)|(36,29),(38,29)|(35,30),(36,30)|(8,31),(9,31)|(10,31),(11,31)|(12,31),(13,31)|(14,31),(15,31)|(17,31),(18,31)|(20,31),(21,31)|(22,31),(23,31)|(24,31),(25,31)|(26,31),(27,31)|(30,31),(31,31)|(8,33),(9,33)|(10,33),(11,33)|(12,33),(13,33)|(14,33),(15,33)|(20,33),(21,33)|(22,33),(23,33)|(24,33),(25,33)|(26,33),(27,33)|
(2,27),(6,31)|

(4.5,7),(7.5,7)|(7.5,17),(40.5,20)|(40.5,21),(43.5,17)|
(5,6.5),(6,12.5)|(7,6.5),(41,9.5)|(41,12.5),(41,15.5)|(41,18.5),(43,9.5)|(43,12.5),(43,15.5)|
end file : SL_A03