Piece : HI_A04
54x35
58x-225
......................................................
......................................................
......................................................
....................................................|.
....................................................|.
....................................................|.
....................................................|.
....................................................##
...................................................###
..................................................####
..................................................####
..................................................####
..|....................#..........................####
..|....................#..........................####
##|.................####..........................####
####................####..........................####
####...............##########.###.##..............####
####...............##########=###=######..........####
####..........###########################........#####
####....|.....##########################..........####
####....|.....###########################........#####
####....|.....##########################..........####
####....|.....####.######################........#####
####....|.....####.#####################..........####
####....|.....####.#####################..........####
####....|.....####.#####################..........####
####....|.....####................................####
####...###....####................................####
####...###...#####.#####################..........####
#####..###...#####.#######################........####
######################################################
#####=#####.######.##########################=##=#####
###########.######.###################################
###########........###################################
######################################################
(2,14),(2,15)|(4,15),(4,29)|(5,29),(5,30)|(5,31),(5,32)|(6,31),(6,32)|(7,27),(7,30)|(10,27),(10,30)|(11,31),(11,34)|(12,31),(12,33)|(13,28),(13,30)|(14,18),(14,28)|(18,22),(18,30)|(18,31),(18,33)|(19,16),(19,18)|(19,22),(19,26)|(19,28),(19,30)|(19,31),(19,34)|(20,14),(20,16)|(23,12),(23,14)|(24,12),(24,16)|(29,16),(29,18)|(30,16),(30,18)|(33,16),(33,18)|(34,16),(34,18)|(36,16),(36,17)|(40,17),(40,18)|(40,19),(40,20)|(40,21),(40,22)|(40,23),(40,26)|(40,28),(40,29)|(41,18),(41,19)|(41,20),(41,21)|(41,22),(41,23)|(42,29),(42,30)|(45,31),(45,32)|(46,31),(46,32)|(48,31),(48,32)|(49,18),(49,19)|(49,20),(49,21)|(49,22),(49,23)|(49,31),(49,32)|(50,9),(50,18)|(50,19),(50,20)|(50,21),(50,22)|(50,23),(50,30)|(51,8),(51,9)|(52,7),(52,8)|
(52,7),(54,7)|(51,8),(52,8)|(50,9),(51,9)|(23,12),(24,12)|(0,14),(2,14)|(20,14),(23,14)|(2,15),(4,15)|(19,16),(20,16)|(24,16),(29,16)|(30,16),(33,16)|(34,16),(36,16)|(36,17),(40,17)|(14,18),(19,18)|(29,18),(30,18)|(33,18),(34,18)|(40,18),(41,18)|(49,18),(50,18)|(40,19),(41,19)|(49,19),(50,19)|(40,20),(41,20)|(49,20),(50,20)|(40,21),(41,21)|(49,21),(50,21)|(18,22),(19,22)|(40,22),(41,22)|(49,22),(50,22)|(40,23),(41,23)|(49,23),(50,23)|(19,26),(40,26)|(7,27),(10,27)|(13,28),(14,28)|(19,28),(40,28)|(4,29),(5,29)|(40,29),(42,29)|(5,30),(7,30)|(10,30),(13,30)|(18,30),(19,30)|(42,30),(50,30)|(5,31),(6,31)|(11,31),(12,31)|(18,31),(19,31)|(45,31),(46,31)|(48,31),(49,31)|(5,32),(6,32)|(45,32),(46,32)|(48,32),(49,32)|(12,33),(18,33)|(11,34),(19,34)|
None|
None|
(2.5,12),(2.5,15)|(8.5,19),(8.5,27)|(52.5,3),(52.5,7)|
None|
end file : HI_A04