Piece : HI_B06
100x37
155x42
####################################################################################################
############################################=##=##=##=##=###########################################
############################################.##.##.##.##.#########=#################################
#########################################...................######.#################################
######........................................................####...............................=##
####..........................................................######################################
####..........................................................######################################
####..........................................................######################################
####..........................................................######################################
####............................................................................................####
####.............................................................................................=##
####............................................................................................####
####...........................................................................................#####
#####........................................................................................#######
##################..................................................................################
##################.............................|....................................################
######.........................................|................................................####
####=..........................................|.................................................=##
##################.............................|.....|............####..............################
##################.......###...................|.....|............####.......###....################
####.....................###...................|.....|............####.......###................####
####.....................###......##...........|.....|..........######.......###................####
####...../###############################/.....|.....|...../###############################/....####
####.....#################################.....|..|..|.....#################################...#####
#####..../###############################/.....|..|..|...../###############################/...#####
#########################################......|..|..|......########################################
#####=#=#################################......|..|..|......#################################=######
#########################################......|..|..|..|...########################################
#########################################...|..|..|..|..|...########################################
#########################################...|..|###..|..|...########################################
#######################################=....|.#######|..|..#########################################
#########################################...|##########.|.##########################################
############################################H##H##H##H##H###########################################
############################################=##=####################################################
####################################################################################################
####################################################################################################
####################################################################################################
(4,5),(4,13)|(4,17),(4,18)|(4,20),(4,24)|(5,13),(5,14)|(5,24),(5,25)|(5,26),(5,27)|(6,4),(6,5)|(6,16),(6,17)|(6,26),(6,27)|(7,26),(7,27)|(8,26),(8,27)|(9,23),(9,24)|(18,14),(18,16)|(18,18),(18,20)|(25,19),(25,22)|(28,19),(28,22)|(34,21),(34,22)|(36,21),(36,22)|(39,30),(39,31)|(41,3),(41,4)|(41,25),(41,30)|(41,31),(41,32)|(42,23),(42,24)|(44,1),(44,3)|(44,32),(44,34)|(45,1),(45,3)|(45,31),(45,34)|(46,30),(46,31)|(47,1),(47,3)|(47,32),(47,34)|(48,1),(48,3)|(48,29),(48,30)|(48,32),(48,34)|(50,1),(50,3)|(50,32),(50,33)|(51,1),(51,3)|(51,29),(51,30)|(51,32),(51,33)|(53,1),(53,3)|(53,30),(53,31)|(53,32),(53,33)|(54,1),(54,3)|(54,32),(54,33)|(55,31),(55,32)|(56,1),(56,3)|(56,32),(56,33)|(57,1),(57,3)|(57,32),(57,33)|(58,31),(58,32)|(59,23),(59,24)|(59,30),(59,31)|(60,3),(60,4)|(60,25),(60,30)|(62,4),(62,9)|(64,21),(64,22)|(66,2),(66,5)|(66,18),(66,21)|(67,2),(67,4)|(70,18),(70,22)|(77,19),(77,22)|(80,19),(80,22)|(84,14),(84,16)|(84,18),(84,20)|(92,23),(92,24)|(93,13),(93,14)|(93,26),(93,27)|(94,26),(94,27)|(95,12),(95,13)|(95,23),(95,25)|(96,9),(96,10)|(96,11),(96,12)|(96,16),(96,17)|(96,20),(96,23)|(98,4),(98,5)|(98,10),(98,11)|(98,17),(98,18)|
(44,1),(45,1)|(47,1),(48,1)|(50,1),(51,1)|(53,1),(54,1)|(56,1),(57,1)|(66,2),(67,2)|(41,3),(44,3)|(45,3),(47,3)|(48,3),(50,3)|(51,3),(53,3)|(54,3),(56,3)|(57,3),(60,3)|(6,4),(41,4)|(60,4),(62,4)|(67,4),(98,4)|(4,5),(6,5)|(66,5),(98,5)|(62,9),(96,9)|(96,10),(98,10)|(96,11),(98,11)|(95,12),(96,12)|(4,13),(5,13)|(93,13),(95,13)|(5,14),(18,14)|(84,14),(93,14)|(6,16),(18,16)|(84,16),(96,16)|(4,17),(6,17)|(96,17),(98,17)|(4,18),(18,18)|(66,18),(70,18)|(84,18),(98,18)|(25,19),(28,19)|(77,19),(80,19)|(4,20),(18,20)|(84,20),(96,20)|(34,21),(36,21)|(64,21),(66,21)|(10,22),(25,22)|(28,22),(34,22)|(36,22),(41,22)|(60,22),(64,22)|(70,22),(77,22)|(80,22),(91,22)|(95,23),(96,23)|(4,24),(5,24)|(5,25),(9,25)|(92,25),(95,25)|(5,26),(6,26)|(7,26),(8,26)|(93,26),(94,26)|(5,27),(6,27)|(7,27),(8,27)|(93,27),(94,27)|(48,29),(51,29)|(39,30),(41,30)|(46,30),(48,30)|(51,30),(53,30)|(59,30),(60,30)|(39,31),(41,31)|(45,31),(46,31)|(53,31),(55,31)|(58,31),(59,31)|(41,32),(44,32)|(47,32),(48,32)|(50,32),(51,32)|(53,32),(54,32)|(55,32),(56,32)|(57,32),(58,32)|(50,33),(51,33)|(53,33),(54,33)|(56,33),(57,33)|(44,34),(45,34)|(47,34),(48,34)|
(41,22),(42,23)|(59,24),(60,25)|(91,22),(92,23)|
(9,23),(10,22)|(41,25),(42,24)|(59,23),(60,22)|
(44.5,28),(44.5,32)|(47.5,15),(47.5,30)|(50.5,23),(50.5,29)|(53.5,18),(53.5,31)|(56.5,27),(56.5,32)|
None|
end file : HI_B06