Piece : DS_A14
54x35
4x-140
######################################################
####################............######################
###########=########.##########.#########.......=#####
###########+########+##########.#########+############
###########|######/.|./##.......#######/.|./##########
##########.|######..|..##.#############..|..##########
##########.|.#####..|..##.#############..|..##########
##########.|.#####.....##.......#######..|..##########
##########.|.#####.....########.#######..|..##########
##########.|.#####.....########.#######..|..##########
##########.|.#####.....##.......#######..|..##########
##########.|.#####.....##.#############..|..##########
##########.|.#####/.../##....##########/.|./##########
##########.|.#######.#######.############+############
##########.|.#######.#######.############.############
##########.|.#######+#######+############+############
######/....|........|...#...|...#........|...../######
######.....|............#.......#...............######
###........|............#.......#..................###
###.##/....|............#.......#............../##.###
###.########################.#####################.###
###.########################.#####################.###
###.########################.#####################.###
###.########################.#####################.###
###.##/.................#.......#............../##.###
###.##..........................................##.###
###.##..........................................##.###
###.............................#..................###
######..................#.......#...............######
######..................#.......#..............#######
######/.####............#.....######.........#########
#####################.#################.##############
#####################=#################=##############
######################################################
######################################################
(3,18),(3,28)|(4,19),(4,27)|(6,17),(6,18)|(6,25),(6,27)|(6,28),(6,30)|(7,16),(7,20)|(7,24),(7,31)|(8,30),(8,31)|(10,5),(10,16)|(11,2),(11,5)|(12,2),(12,6)|(12,30),(12,31)|(13,6),(13,16)|(18,5),(18,12)|(19,4),(19,13)|(20,1),(20,4)|(20,13),(20,16)|(21,2),(21,4)|(21,13),(21,16)|(21,31),(21,33)|(22,4),(22,13)|(22,31),(22,33)|(23,4.5),(23,5)|(24,16),(24,20)|(24,24),(24,25)|(24,28),(24,31)|(25,4),(25,8)|(25,10),(25,13)|(25,16),(25,20)|(25,24),(25,25)|(25,28),(25,31)|(26,5),(26,7)|(26,11),(26,12)|(28,13),(28,16)|(28,20),(28,24)|(29,12),(29,16)|(29,20),(29,24)|(30,30),(30,31)|(31,2),(31,4)|(31,8),(31,10)|(32,1),(32,5)|(32,7),(32,11)|(32,16),(32,20)|(32,24),(32,25)|(32,27),(32,30)|(33,16),(33,20)|(33,24),(33,25)|(33,27),(33,30)|(36,30),(36,31)|(39,5),(39,12)|(39,31),(39,33)|(40,4),(40,13)|(40,31),(40,33)|(41,2),(41,4)|(41,13),(41,16)|(42,3),(42,4)|(42,13),(42,16)|(43,4),(43,13)|(44,4.5),(44,5)|(45,30),(45,31)|(47,16),(47,20)|(47,24),(47,29)|(48,16.5),(48,17)|(48,18),(48,19)|(48,25),(48,27)|(48,28),(48,29)|(49,2),(49,3)|(50,19),(50,27)|(51,18),(51,28)|
(20,1),(32,1)|(11,2),(12,2)|(21,2),(31,2)|(41,2),(49,2)|(40.5,3),(42,3)|(44.5,3),(49,3)|(19,4),(20,4)|(21,4),(22,4)|(25,4),(31,4)|(40,4),(41,4)|(42,4),(43,4)|(10,5),(11,5)|(18,5),(23,5)|(26,5),(32,5)|(39,5),(44,5)|(12,6),(13,6)|(26,7),(32,7)|(25,8),(31,8)|(25,10),(31,10)|(26,11),(32,11)|(18,12),(23,12)|(26,12),(29,12)|(39,12),(44,12)|(18.5,13),(19,13)|(20,13),(21,13)|(25,13),(28,13)|(39.5,13),(40,13)|(41,13),(42,13)|(7,16),(10,16)|(13,16),(20,16)|(21,16),(24,16)|(25,16),(28,16)|(29,16),(32,16)|(33,16),(41,16)|(42,16),(47,16)|(6,17),(48,17)|(3,18),(6,18)|(48,18),(51,18)|(4,19),(6,19)|(48,19),(50,19)|(6.5,20),(7,20)|(24,20),(25,20)|(28,20),(29,20)|(32,20),(33,20)|(7,24),(24,24)|(25,24),(28,24)|(29,24),(32,24)|(33,24),(47,24)|(6,25),(24,25)|(25,25),(32,25)|(33,25),(48,25)|(4,27),(6,27)|(32,27),(33,27)|(48,27),(50,27)|(3,28),(6,28)|(24,28),(25,28)|(48,28),(51,28)|(47,29),(48,29)|(6,30),(8,30)|(12,30),(30,30)|(32,30),(33,30)|(36,30),(45,30)|(6.5,31),(7,31)|(8,31),(12,31)|(21,31),(22,31)|(24,31),(25,31)|(30,31),(36,31)|(39,31),(40,31)|(21,33),(22,33)|(39,33),(40,33)|
(6,19),(7,20)|(6,30),(7,31)|(18,12),(19,13)|(22,4),(23,5)|(39,12),(40,13)|(43,4),(44,5)|(47,16),(48,17)|(47,24),(48,25)|
(6,17),(7,16)|(6,17),(18,5)|(6,17),(19,4)|(6,25),(7,24)|(22,13),(23,12)|(39,5),(40,4)|(43,13),(44,12)|(47,20),(48,19)|
(11.5,3),(11.5,20)|(20.5,3),(20.5,7)|(20.5,15),(20.5,17)|(28.5,15),(28.5,17)|(41.5,3),(41.5,14)|(41.5,15),(41.5,17)|
(11,3.5),(12,3.5)|(20,3.5),(21,3.5)|(41,3.5),(42,3.5)|(41,13.5),(42,13.5)|(20,15.5),(21,15.5)|(28,15.5),(29,15.5)|(41,15.5),(42,15.5)|
end file : DS_A14