Pièce : DS_A08
54x37
238x204
######################################################
######################################################
#############/.....##..#....|...|........=############
############/......##..###############################
#####################.......|...|.#......./###########
#####################.......|...|.####################
##########..................|...|.........../#########
#########...................|...#............/########
######################################.......|/#######
######################################.....##H########
########.........|....#.....#...|..|.........|.#######
#######..........|....|.....|...|..|.........|.#######
#######..........|....|.....|...|..|.........|.#######
#######..........|....|.....|...|..|.........|.#######
#######..........|....|.....|......|.........|.#######
########H##...........|.....|......|.......##H########
#######.|...................|................|.#######
#######.|....................................|.#######
#######.|....................................|.#######
#######.|....................................|.#######
#####=..|....................................|.#######
#######.|....................................|.#######
###########................................##H########
########.##..................................|..######
########.##..............#......................######
########.##..............#......................######
########.##..............#-....................#######
########.................#.....................#######
############.............#........#........##.########
############/.....##.....#-.......#....../############
#############/.....#.....#........#...../####=########
##############/....#.....#........#..../##############
###############/...#.....#........#.../###############
######################################################
#################=####=#######=#####=#################
######################################################
######################################################
(5,20),(5,21)|(7,11),(7,15)|(7,16),(7,20)|(7,21),(7,22)|(8,10),(8,11)|(8,15),(8,16)|(8,23),(8,28)|(9,7),(9,8)|(9,15),(9,16)|(9,23),(9,27)|(10,6),(10,7)|(11,15),(11,16)|(11,22),(11,27)|(17,34),(17,35)|(18,29),(18,30)|(18,34),(18,35)|(19,2),(19,4)|(19,30),(19,33)|(20,29),(20,33)|(21,2),(21,6)|(22,10),(22,11)|(22,34),(22,35)|(23,2),(23,4)|(23,10),(23,11)|(23,34),(23,35)|(24,2),(24,3)|(25,24),(25,33)|(26,24),(26,33)|(28,10),(28,11)|(29,10),(29,11)|(30,34),(30,35)|(31,34),(31,35)|(32,7),(32,8)|(33,7),(33,8)|(34,4),(34,6)|(34,28),(34,33)|(35,4),(35,5)|(35,28),(35,33)|(36,34),(36,35)|(37,34),(37,35)|(38,8),(38,10)|(42,2),(42,3)|(43,9),(43,10)|(43,15),(43,16)|(43,22),(43,23)|(43,28),(43,29)|(45,9),(45,10)|(45,15),(45,16)|(45,22),(45,23)|(45,28),(45,29)|(45,30),(45,31)|(46,9),(46,10)|(46,15),(46,16)|(46,22),(46,23)|(46,28),(46,29)|(46,30),(46,31)|(47,10),(47,15)|(47,16),(47,22)|(47,26),(47,28)|(48,23),(48,26)|
(19,2),(21,2)|(23,2),(24,2)|(24,3),(42,3)|(19,4),(23,4)|(34,4),(35,4)|(10,6),(21,6)|(9,7),(10,7)|(32,7),(33,7)|(9,8),(32,8)|(33,8),(38,8)|(43,9),(45,9)|(8,10),(22,10)|(23,10),(28,10)|(29,10),(38,10)|(43,10),(45,10)|(46,10),(47,10)|(7,11),(8,11)|(22,11),(23,11)|(28,11),(29,11)|(7,15),(8,15)|(9,15),(11,15)|(43,15),(45,15)|(46,15),(47,15)|(7,16),(8,16)|(9,16),(11,16)|(43,16),(45,16)|(46,16),(47,16)|(5,20),(7,20)|(5,21),(7,21)|(7,22),(11,22)|(43,22),(45,22)|(46,22),(47,22)|(8,23),(9,23)|(43,23),(45,23)|(46,23),(48,23)|(25,24),(26,24)|(47,26),(48,26)|(9,27),(11,27)|(8,28),(12,28)|(34,28),(35,28)|(43,28),(45,28)|(46,28),(47,28)|(18,29),(20,29)|(42,29),(43,29)|(45,29),(46,29)|(18,30),(19,30)|(45,30),(46,30)|(45,31),(46,31)|(19,33),(20,33)|(25,33),(26,33)|(34,33),(35,33)|(17,34),(18,34)|(22,34),(23,34)|(30,34),(31,34)|(36,34),(37,34)|(17,35),(18,35)|(22,35),(23,35)|(30,35),(31,35)|(36,35),(37,35)|
(12,29),(16,33)|
(38,33),(42,29)|
(8.5,16),(8.5,22)|(17.5,10),(17.5,15)|(22.5,11),(22.5,16)|(28.5,2),(28.5,3)|(28.5,4),(28.5,8)|(28.5,11),(28.5,17)|(32.5,2),(32.5,3)|(32.5,4),(32.5,7)|(32.5,10),(32.5,14)|(35.5,10),(35.5,16)|(45.5,8),(45.5,9)|(45.5,10),(45.5,15)|(45.5,16),(45.5,22)|(45.5,23),(45.5,24)|
(26,26.5),(27,26.5)|(26,29.5),(27,29.5)|
end file : DS_A08