Pièce : DS_B04
taille : 110x35
##############################################################################################################
##############################################################################################################
##############################################################################################################
##############################################################################################################
###########.......##..........###........###.........###..........###...........|.....##....|.....##..########
###########.......##...........|..........|...........|............|............|...........|.........########
#########=#....................|..........|...........|............|............|...........|.........########
#########|#....................|..........|...........|....####....|....####....|...........|.........########
########.|.....................|..........|...........|....####....|....####....|...........|..........=######
########.|.....................|..........|...........|....####....|....####....|...........|.........########
########.|.....................|..........|...........|....####....|....####....|....####...|....####..#######
########.|.....................|..........|...........|............|............|...........|..........#######
########.|.....................|..........|...........|............|............|......................#######
########.|.....................|..........|...........|............|............|......................#######
########.|.....................|..........|...........|............|............|......................#######
###########.......##..........###........###.........###..........###...........|......................#######
###########################################################################.....|......................#######
###########################################################################............................#######
###########################################################################.............................=#####
###########################################################################..........####........####..#######
###########################################################################.............................=#####
############/../#######/../########/../#######/../#######/../#######/..................................#######
###########/..../#####/..../######/..../#####/..../#####/..../#####/.............................#############
###########......#####......######......#####......#####......#####..............................###.#########
###########......#####......######......#####......#####......#####..............................###.#########
###########......#####......######......#####......#####......#####..............................###.#########
###########......#####......######......#####......#####......#####..............................###.#########
###########......#####......######......#####......#####......#####..............................###.#########
###########......#####......######......#####......#####......#####..............................###.#########
###########......#####......######......#####......#####......#####..................................#########
###########......#####......######......#####......#####......#####..............................#############
###########......#####......######......#####......#####......#####..............................#############
##############################################################################################################
##############################################################################################################
##############################################################################################################
(8,8),(8,15)|(9,6),(9,8)|(10,6),(10,8)|(11,4),(11,8)|(11,15),(11,16)|(11,32),(17,32)|(18,4),(18,6)|(18,15),(18,16)|(20,4),(20,6)|(20,15),(20,16)|(22,32),(28,32)|(30,4),(30,5)|(30,15),(30,16)|(33,4),(33,5)|(33,15),(33,16)|(34,32),(40,32)|(41,4),(41,5)|(41,15),(41,16)|(44,4),(44,5)|(44,15),(44,16)|(45,32),(51,32)|(53,4),(53,5)|(53,15),(53,16)|(56,4),(56,5)|(56,15),(56,16)|(56,32),(59,7)|(59,11),(62,32)|(63,7),(63,11)|(66,4),(66,5)|(66,15),(66,16)|(67,32),(69,4)|(69,5),(69,15)|(69,16),(72,7)|(72,11),(75,16)|(75,21),(76,7)|(76,11),(85,10)|(85,11),(85,19)|(85,20),(86,4)|(86,5),(88,4)|(88,5),(89,10)|(89,11),(89,19)|(89,20),(97,10)|(97,11),(97,19)|(97,20),(97,22)|(97,29),(97,30)|(97,32),(98,4)|(98,5),(100,4)|(100,5),(100,23)|(100,29),(101,10)|(101,11),(101,19)|(101,20),(101,23)|(101,30),(102,4)|(102,8),(102,9)|(102,10),(103,10)|(103,18),(103,19)|(103,20),(103,21)|(103,22),(104,8)|(104,9),(105,18)|(105,19),(105,20)|
(11,4),(18,4)|(20,4),(30,4)|(33,4),(41,4)|(44,4),(53,4)|(56,4),(66,4)|(69,4),(86,4)|(88,4),(98,4)|(100,4),(102,4)|(30,5),(33,5)|(41,5),(44,5)|(53,5),(56,5)|(66,5),(69,5)|(86,5),(88,5)|(98,5),(100,5)|(9,6),(10,6)|(18,6),(20,6)|(59,7),(63,7)|(72,7),(76,7)|(8,8),(9,8)|(10,8),(11,8)|(102,8),(104,8)|(102,9),(104,9)|(85,10),(89,10)|(97,10),(101,10)|(102,10),(103,10)|(59,11),(63,11)|(72,11),(76,11)|(85,11),(89,11)|(97,11),(101,11)|(8,15),(11,15)|(18,15),(20,15)|(30,15),(33,15)|(41,15),(44,15)|(53,15),(56,15)|(66,15),(69,15)|(11,16),(18,16)|(20,16),(30,16)|(33,16),(41,16)|(44,16),(53,16)|(56,16),(66,16)|(69,16),(75,16)|(103,18),(105,18)|(85,19),(89,19)|(97,19),(101,19)|(103,19),(105,19)|(85,20),(89,20)|(97,20),(101,20)|(103,20),(105,20)|(75,21),(103,21)|(105,21),(97,22)|(103,22),(100,23)|(101,23),(97,29)|(100,29),(97,30)|(101,30),(11,32)|(17,32),(22,32)|(28,32),(34,32)|(40,32),(45,32)|(51,32),(56,32)|(62,32),(67,32)|
(15,21),(17,23)|(26,21),(28,23)|(38,21),(40,23)|(49,21),(51,23)|(60,21),(62,23)|
(11,23),(13,21)|(22,23),(24,21)|(34,23),(36,21)|(45,23),(47,21)|(56,23),(58,21)|(67,23),(69,21)|
(9.5,7),(9.5,15)|(31.5,5),(31.5,15)|(42.5,5),(42.5,15)|(54.5,5),(54.5,15)|(67.5,5),(67.5,15)|(80.5,4),(80.5,17)|(92.5,4),(92.5,12)|

