Pièce : SI_A28
taille : 48x35
################################################
################################################
################################################
################################################
################################################
################################################
################################################
######=##################################=######
######|##################################|######
####..|..##############################..|..####
####..|..##############################..|..####
####..|..##############################..|..####
####..|..##############################..|..####
####..|..##############################..|..####
####..|..##############################..|..####
####..|..##############################..|..####
####..|..##############################..|..####
####..|..##############################..|..####
####..|..##############################..|..####
####..|..##############################..|..####
####..|..##############################..|..####
####..|..##############################..|..####
####.......#.....#.......#...............|.....#
####.....................................|..##.#
####...........................###############.#
####...........................###############.#
####........................................##.#
#####...#...........#.................#.....##.#
##############################################.#
######.#########.########################.####.#
######....................................####.#
###########################.##################.#
###########################.##################.#
###########################....................#
################################################
(4,9),(4,27)|(5,27),(5,28)|(6,7),(6,9)|(6,29),(6,31)|(7,7),(7,9)|(7,29),(7,30)|(8,27),(8,28)|(9,9),(9,22)|(9,27),(9,28)|(11,22),(11,23)|(12,22),(12,23)|(16,29),(16,30)|(17,22),(17,23)|(17,29),(17,30)|(18,22),(18,23)|(20,27),(20,28)|(21,27),(21,28)|(25,22),(25,23)|(26,22),(26,23)|(27,31),(27,34)|(28,31),(28,33)|(31,24),(31,26)|(38,27),(38,28)|(39,9),(39,22)|(39,27),(39,28)|(41,7),(41,9)|(41,29),(41,30)|(42,7),(42,9)|(42,29),(42,31)|(44,9),(44,22)|(44,23),(44,24)|(44,26),(44,28)|(46,23),(46,33)|(47,22),(47,34)|
(6,7),(7,7)|(41,7),(42,7)|(4,9),(6,9)|(7,9),(9,9)|(39,9),(41,9)|(42,9),(44,9)|(9,22),(11,22)|(12,22),(17,22)|(18,22),(25,22)|(26,22),(39,22)|(44,22),(47,22)|(11,23),(12,23)|(17,23),(18,23)|(25,23),(26,23)|(44,23),(46,23)|(31,24),(44,24)|(31,26),(44,26)|(4,27),(5,27)|(8,27),(9,27)|(20,27),(21,27)|(38,27),(39,27)|(5,28),(8,28)|(9,28),(20,28)|(21,28),(38,28)|(39,28),(44,28)|(6,29),(7,29)|(16,29),(17,29)|(41,29),(42,29)|(7,30),(16,30)|(17,30),(41,30)|(6,31),(27,31)|(28,31),(42,31)|(28,33),(46,33)|(27,34),(47,34)|


(6.5,8),(6.5,22)|(41.5,8),(41.5,24)|

end file : SI_A28