Pièce : SH_A08
48x35
973x-8
................................................
................................................
................................................
................................................
................................................
................................................
................................................
................................................
................................................
................................................
................................................
................................................
................................................
................................................
................................................
...............................................#
.............................................###
#...........................................####
##.........................................#####
###.........................................####
###..........................................###
###.........................................####
###...........................#####..........###
####.....|....................#####.........####
####.....|..............|.....######........####
###......|..............|.....######.........=##
######...|..............|.....#####....|...#####
####=....|.......#####..|....######....|..######
########.|....############...######....|########
################################################
################################################
################################################
################################################
################################################
################################################
(1,17),(1,18)|(2,18),(2,19)|(3,19),(3,23)|(3,25),(3,26)|(4,23),(4,25)|(4,27),(4,28)|(6,26),(6,27)|(8,28),(8,29)|(14,28),(14,29)|(17,27),(17,28)|(22,27),(22,28)|(26,28),(26,29)|(29,27),(29,29)|(30,22),(30,27)|(35,22),(35,24)|(35,26),(35,29)|(36,24),(36,26)|(40,28),(40,29)|(42,27),(42,28)|(43,18),(43,19)|(43,26),(43,27)|(44,17),(44,18)|(44,19),(44,20)|(44,21),(44,22)|(44,23),(44,25)|(45,16),(45,17)|(45,20),(45,21)|(45,22),(45,23)|(46,25),(46,26)|(47,15),(47,16)|
(47,15),(48,15)|(45,16),(47,16)|(0,17),(1,17)|(44,17),(45,17)|(1,18),(2,18)|(43,18),(44,18)|(2,19),(3,19)|(43,19),(44,19)|(44,20),(45,20)|(44,21),(45,21)|(30,22),(35,22)|(44,22),(45,22)|(3,23),(4,23)|(44,23),(45,23)|(35,24),(36,24)|(3,25),(4,25)|(44,25),(46,25)|(3,26),(6,26)|(35,26),(36,26)|(43,26),(46,26)|(4,27),(6,27)|(17,27),(22,27)|(29,27),(30,27)|(42,27),(43,27)|(4,28),(8,28)|(14,28),(17,28)|(22,28),(26,28)|(40,28),(42,28)|(8,29),(14,29)|(26,29),(29,29)|(35,29),(40,29)|


(9.5,23),(9.5,29)|(24.5,24),(24.5,28)|(39.5,26),(39.5,29)|

end file : SH_A08