Pièce : SH_B02
104x35
145x47
.................................................................................../#/../#/........#####
....................................................................................|....|.........#####
....................................................................................|....|.........#=###
....................................................................................|....|.........#.###
....................................................................................|....|.........#.###
..........###############.#.#.#.....................................................|....|...........###
..........#=#############.#.#.#.............................................########H####H##############
..........#####..........................................................##.#.#.###.|....|.#=#=#########
...........|............................................................###.#.#.###.|....|.#############
...........|.........................................########.#.#...................|....|.........#.###
...........|.........................................#=######.#.#...................|....|.........#.###
...........|.........................................####...........................|....|.........#.###
...........|..........................................|.............................|....|.........#.###
#..........|..........................................|..................................|.........#.###
#..........|..........................................|............................................#.###
#..........|..........................................|............................................#.###
#..........|..........................................|............................................#.###
##.........|..........................................|.............................|...........####.###
##.........|..........................................|.............................|................###
###........|..........................................|................#############H###############.###
####.......|......................|...................|........|....#######.#.#.###.|......#=#######.###
####.......|......................|..........|......--+--------+.....######.#.#.###.|......#########.###
####.......|......................|..........|........|........|....................|....|.........#.###
####.......|......................|.....#....|........|........|....................|....|.........#.###
####.......|......................|...#####..|........|........|....................|....|.........#.###
######.....|..................####H##########H##......|........|....................|....|.........#.###
######.....|..................##=###=###########......|........|....................|....|.........#.###
####=...../#/...........###...###################.....|........|....................|....|.........#.###
########..###..........#####..#####################...|........|....................|....|.........#.###
########################################################################.........../#/../#/.....####.###
#################=##=#######.##########################=.......|...................###..###..........###
############################.############################.##############################################
############################.############################.###############=#=#=##############=#=#########
############################..............................##############################################
########################################################################################################
(1,13),(1,17)|(2,17),(2,19)|(3,19),(3,20)|(4,20),(4,25)|(4,27),(4,28)|(6,25),(6,27)|(8,28),(8,29)|(10,5),(10,8)|(10,28),(10,29)|(11,6),(11,7)|(12,6),(12,7)|(13,28),(13,29)|(15,7),(15,8)|(17,30),(17,31)|(18,30),(18,31)|(20,30),(20,31)|(21,30),(21,31)|(23,28),(23,29)|(24,27),(24,28)|(25,5),(25,7)|(26,5),(26,7)|(27,5),(27,7)|(27,27),(27,28)|(28,5),(28,7)|(28,28),(28,29)|(28,30),(28,34)|(29,5),(29,7)|(29,30),(29,33)|(30,5),(30,7)|(30,25),(30,29)|(31,5),(31,7)|(32,26),(32,27)|(33,26),(33,27)|(34,25),(34,26)|(35,25),(35,26)|(36,26),(36,27)|(37,26),(37,27)|(38,24),(38,25)|(40,23),(40,24)|(41,23),(41,24)|(43,24),(43,25)|(45,25),(45,26)|(46,25),(46,26)|(48,25),(48,27)|(49,27),(49,28)|(51,28),(51,29)|(53,9),(53,12)|(54,10),(54,11)|(55,10),(55,11)|(55,30),(55,31)|(57,11),(57,12)|(57,31),(57,33)|(58,31),(58,34)|(61,9),(61,11)|(62,9),(62,11)|(63,9),(63,11)|(64,9),(64,11)|(65,9),(65,11)|(68,20),(68,21)|(69,21),(69,22)|(71,19),(71,20)|(72,8),(72,9)|(72,29),(72,30)|(73,7),(73,8)|(73,32),(73,33)|(74,32),(74,33)|(75,7),(75,9)|(75,20),(75,22)|(75,32),(75,33)|(76,6),(76,9)|(76,20),(76,22)|(76,32),(76,33)|(77,7),(77,9)|(77,20),(77,22)|(77,32),(77,33)|(78,7),(78,9)|(78,20),(78,22)|(78,32),(78,33)|(79,7),(79,9)|(79,20),(79,22)|(80,7),(80,9)|(80,20),(80,22)|(83,7),(83,9)|(83,20),(83,22)|(83,30),(83,31)|(84,0),(84,1)|(84,1.5),(84,6)|(84,7),(84,19)|(84,20),(84,29)|(85,0),(85,1)|(85,1.5),(85,6)|(85,7),(85,19)|(85,20),(85,29)|(86,30),(86,31)|(88,30),(88,31)|(89,0),(89,1)|(89,1.5),(89,6)|(89,7),(89,29)|(90,0),(90,1)|(90,1.5),(90,6)|(90,7),(90,29)|(91,7),(91,9)|(91,20),(91,22)|(91,30),(91,31)|(92,7),(92,8)|(92,20),(92,21)|(92,32),(92,33)|(93,7),(93,8)|(93,20),(93,21)|(93,32),(93,33)|(94,7),(94,8)|(94,32),(94,33)|(95,7),(95,8)|(95,32),(95,33)|(96,17),(96,18)|(96,29),(96,30)|(99,0),(99,5)|(99,9),(99,17)|(99,22),(99,29)|(100,2),(100,5)|(100,9),(100,18)|(100,19),(100,30)|(101,2),(101,6)|(101,9),(101,31)|
(84,0),(85,0)|(89,0),(90,0)|(84,1),(85,1)|(89,1),(90,1)|(100,2),(101,2)|(10,5),(25,5)|(26,5),(27,5)|(28,5),(29,5)|(30,5),(31,5)|(99,5),(100,5)|(11,6),(12,6)|(76,6),(84,6)|(85,6),(89,6)|(90,6),(101,6)|(11,7),(12,7)|(15,7),(25,7)|(26,7),(27,7)|(28,7),(29,7)|(30,7),(31,7)|(73,7),(75,7)|(77,7),(78,7)|(79,7),(80,7)|(83,7),(84,7)|(85,7),(89,7)|(90,7),(91,7)|(92,7),(93,7)|(94,7),(95,7)|(10,8),(15,8)|(72,8),(73,8)|(92,8),(93,8)|(94,8),(95,8)|(53,9),(61,9)|(62,9),(63,9)|(64,9),(65,9)|(72,9),(75,9)|(76,9),(77,9)|(78,9),(79,9)|(80,9),(83,9)|(91,9),(99,9)|(100,9),(101,9)|(54,10),(55,10)|(54,11),(55,11)|(57,11),(61,11)|(62,11),(63,11)|(64,11),(65,11)|(53,12),(57,12)|(0,13),(1,13)|(1,17),(2,17)|(96,17),(99,17)|(96,18),(100,18)|(2,19),(3,19)|(71,19),(84,19)|(85,19),(100,19)|(3,20),(4,20)|(68,20),(71,20)|(75,20),(76,20)|(77,20),(78,20)|(79,20),(80,20)|(83,20),(84,20)|(85,20),(91,20)|(92,20),(93,20)|(68,21),(69,21)|(92,21),(93,21)|(69,22),(75,22)|(76,22),(77,22)|(78,22),(79,22)|(80,22),(83,22)|(91,22),(99,22)|(40,23),(41,23)|(38,24),(40,24)|(41,24),(43,24)|(4,25),(6,25)|(30,25),(34,25)|(35,25),(38,25)|(43,25),(45,25)|(46,25),(48,25)|(32,26),(33,26)|(34,26),(35,26)|(36,26),(37,26)|(45,26),(46,26)|(4,27),(6,27)|(11,27),(12,27)|(24,27),(27,27)|(32,27),(33,27)|(36,27),(37,27)|(48,27),(49,27)|(4,28),(8,28)|(23,28),(24,28)|(27,28),(28,28)|(49,28),(51,28)|(8,29),(10,29)|(13,29),(23,29)|(28,29),(30,29)|(51,29),(72,29)|(84,29),(85,29)|(89,29),(90,29)|(96,29),(99,29)|(17,30),(18,30)|(20,30),(21,30)|(28,30),(29,30)|(55,30),(72,30)|(96,30),(100,30)|(17,31),(18,31)|(20,31),(21,31)|(55,31),(57,31)|(58,31),(83,31)|(86,31),(88,31)|(91,31),(101,31)|(73,32),(74,32)|(75,32),(76,32)|(77,32),(78,32)|(92,32),(93,32)|(94,32),(95,32)|(29,33),(57,33)|(73,33),(74,33)|(75,33),(76,33)|(77,33),(78,33)|(92,33),(93,33)|(94,33),(95,33)|(28,34),(58,34)|
(12,27),(13,28)|(85,29),(86,30)|(90,29),(91,30)|
(10,28),(11,27)|(83,30),(84,29)|(88,30),(89,29)|
(11.5,8),(11.5,27)|(34.5,20),(34.5,25)|(45.5,21),(45.5,25)|(54.5,12),(54.5,29)|(63.5,20),(63.5,29)|(63.5,30),(63.5,31)|(84.5,1),(84.5,6)|(84.5,7),(84.5,13)|(84.5,17),(84.5,19)|(84.5,20),(84.5,29)|(89.5,1),(89.5,6)|(89.5,7),(89.5,14)|(89.5,22),(89.5,29)|
(52,21.5),(64,21.5)|
end file : SH_B02