SH_A21
48*35|-1|0
5.0327*7.4613|0|0
-220,-30
Border: Solid
1,38,23|



20|5|15|0,3,0,0,1,-1 -1,274 107,179 68,175 66,179 68,-1 -1,274 107,179 68,175 66,179 68,-1 -1,-1 -1,715 45,719 47,723 49,-1 -1,82 40,108 57,104 55,108 57,-1 -1,181 95,108 57,104 55,108 57,-1 -1,274 107,179 68,175 66,179 68,-1 -1,2284 44,1886 58,1845 56,1887 58,-1 -1,-1 -1,-1 -1,-1 -1,-1 -1,-1 -1,82 42,114 58,110 56,114 58,-1 -1,-1 -1,-1 -1,-1 -1,-1 -1,-1 -1,-1 -1,-1 -1,-1 -1,-1 -1,-1 -1,-1 -1,-1 -1,-1 -1,-1 -1,-1 -1,162 58,140 52,144 54,148 56,-1 -1,-1 -1,-1 -1,-1 -1,-1 -1,-1 -1,274 107,-1 -1,-1 -1,-1 -1,|0,3,0,0,1,274 107,-1 -1,103 44,107 46,111 48,274 107,-1 -1,103 44,107 46,111 48,1153 114,-1 -1,547 33,551 35,555 37,82 40,-1 -1,85 44,89 46,93 48,181 95,-1 -1,84 44,88 46,92 48,274 107,-1 -1,103 44,107 46,111 48,2284 44,-1 -1,1606 47,1605 49,1647 51,-1 -1,-1 -1,-1 -1,-1 -1,-1 -1,82 42,-1 -1,86 44,90 46,94 48,-1 -1,-1 -1,-1 -1,-1 -1,-1 -1,-1 -1,-1 -1,-1 -1,-1 -1,-1 -1,-1 -1,-1 -1,-1 -1,-1 -1,-1 -1,162 58,-1 -1,132 43,136 45,140 47,-1 -1,-1 -1,-1 -1,-1 -1,-1 -1,274 107,-1 -1,-1 -1,-1 -1,-1 -1,|1,2,0,0,1,179 68,103 44,-1 -1,12 7,16 9,179 68,103 44,-1 -1,12 7,16 9,616 86,-1 -1,-1 -1,14 7,18 9,108 57,85 44,-1 -1,12 7,16 9,108 57,84 44,-1 -1,12 7,16 9,179 68,103 44,-1 -1,12 7,16 9,1886 58,1606 47,-1 -1,506 7,610 11,-1 -1,-1 -1,-1 -1,-1 -1,-1 -1,114 58,86 44,-1 -1,12 7,16 9,-1 -1,-1 -1,-1 -1,-1 -1,-1 -1,-1 -1,-1 -1,-1 -1,-1 -1,-1 -1,-1 -1,-1 -1,-1 -1,-1 -1,-1 -1,150 52,142 43,-1 -1,60 7,64 9,-1 -1,-1 -1,-1 -1,-1 -1,-1 -1,-1 -1,-1 -1,-1 -1,-1 -1,-1 -1,|1,2,0,0,1,175 66,107 46,12 7,-1 -1,12 7,175 66,107 46,12 7,-1 -1,12 7,612 84,-1 -1,14 7,-1 -1,14 7,104 55,89 46,12 7,-1 -1,12 7,104 55,88 46,12 7,-1 -1,12 7,175 66,107 46,12 7,-1 -1,12 7,1845 56,1605 49,506 7,-1 -1,506 7,-1 -1,-1 -1,-1 -1,-1 -1,-1 -1,110 56,90 46,12 7,-1 -1,12 7,-1 -1,-1 -1,-1 -1,-1 -1,-1 -1,-1 -1,-1 -1,-1 -1,-1 -1,-1 -1,-1 -1,-1 -1,-1 -1,-1 -1,-1 -1,154 54,146 45,60 7,-1 -1,60 7,-1 -1,-1 -1,-1 -1,-1 -1,-1 -1,-1 -1,-1 -1,-1 -1,-1 -1,-1 -1,|1,2,0,0,1,179 68,111 48,16 9,12 7,-1 -1,179 68,111 48,16 9,12 7,-1 -1,608 82,-1 -1,18 9,14 7,-1 -1,108 57,93 48,16 9,12 7,-1 -1,108 57,92 48,16 9,12 7,-1 -1,179 68,111 48,16 9,12 7,-1 -1,1887 58,1647 51,610 11,506 7,-1 -1,-1 -1,-1 -1,-1 -1,-1 -1,-1 -1,114 58,94 48,16 9,12 7,-1 -1,-1 -1,-1 -1,-1 -1,-1 -1,-1 -1,-1 -1,-1 -1,-1 -1,-1 -1,-1 -1,-1 -1,-1 -1,-1 -1,-1 -1,-1 -1,158 56,150 47,64 9,60 7,-1 -1,-1 -1,-1 -1,-1 -1,-1 -1,-1 -1,-1 -1,-1 -1,-1 -1,-1 -1,-1 -1,|
1|1|1|1|1|1|1|1,4,3|1|1|1|1|1|1|1,4,3|1|1|1|1|1|1|1|1|1|1|1|1|1|1|1|1|1|1|1|1|1|1|1|1|1|1|1|1,3|1|1|1|1|1|1|1,3|1|1|1|1|1|1|1|1|1|1|1|1|1|1|1|1|1|1|1|1|1|1|1,9,3|1|1|1|1|1,3|1|1|1|1|1|1|1,3|1|1|1|1|1|1|1|1|1|1|1|1|1|1|1|1|1|1|1|1|1|1|1,3|1|1|1|1|4,3,6|1|1|1|1|1|1|4,3,6|1|1|1|1|1|1|1|1|1|1|1|1|1|1|1|1|1|1|1|1|1|1|4,3,6|1|1|1|1|0,6|1|1|1|1|1|1|0,6|1|1|1|1|1|1|1|1|1|1|1|1|1|1|1|1|1|1|1|1|1|1|0,6|1|0,6|0,6|0,6|0,6|0,6|1|1|1|0|0|0|1|1|1|0|0|0|0|0|0|0|0|0|0|0|0,6|0,6|1|1|1|1|1|1|0,6|1|0,6|0|0|0|0,6|1|1|1|0|0|0|1|1|1|0|0|0|0|0|0|0|0|0|0|0|0,6|0,6|1|1|1|1|1|1|0,6|1|0,6|0|0|0|0,6|1|1|1|0|0|0|1|1|1|0|0|0|0|0|0,6|0|0|0|0|0|0,6|2,6|1|1|1|1|1|1|0,6|1|0,6|0|0|0|0,6|1|1|1|0|0|0|1|1|1|0|0|0|0|0|0,6|0,6|0,6|0|0|0|0,6|1|1|1|1|1|1|1|0,1,6|3,1,6|0,1,6|0,1|0,1|0,1|0,1,6|1|1|1|0,1|0,1|0,1|3,1,6|0,1,6|0,1,6|0,1|0,1|0,1|0,1|0,1|0,1,6|0,1,6|0,1,6|0,1|0,1|0,1|0,1,6|3,1,6|4,3,6|1,3|1,9,3|1|1|1|0,6|1|0,6|0|0|0|0,6|1|1|1|0|0|0|1|1|1|0|0|0|0|0|0,6|0|0|0|0|0|0,6|1|1|1|1|1|1|1|0,6|1|0,6|0|0|0|0,6|1|1|1|0|0|0|1|1|1|0|0|0|0|0|0|0|0|0|0|0|0,6|2,6|1|1|1|1|1|1|0,6|1|0,6|0|0|0|1|1|1|1|0|0|0|0|0|0|0|0|0|0|0|0|0|0|0|0|0|0,6|0,6|1|1|1|1|1|1|0,6|1|0,6|0|0|0|1|1|1|1|0|0|0|0|0|0|0|0|0|0|0|0|0|0|0|0|0|0,6|0,6|1|1|1|1|1|1|0,6|1|0,6|0|0|0|1|1|1|1|0|0|0|0|0|0|0|0|0|0|0|0|0|0|0|0|0|0,6|0,6|1|1|1|1|1|1|0,6|1|0,6|0|0|0|1|1|1|1|0|0|0|0|0|0|0|0|0|0|0|0|1|2,1|0,1|0,1|0,1|0,1,6|0,1,6|1|1|1|1|1|1|0,6|1|0,6|0|0|0|0,6|1|1|1|0|0|0|0|0|0|0|0|0|0|0|0|1|1|1|0|0|0,6|0,6|1|1|1|1|1|1|0,6|1|0,6|0|0|0|0,6|3,6|4,3,6|1,9,3|0|0|0|0|0|0|0|0|0|0|0|0|1|1|1|0|0|0,6|0,6|1|1|1|1|1|1|0,6|1|0,6|0|0|0|0,6|1|1|1|0|0|0|0|0|0|0|0|0|0,6|0|0|1|2,1|0,1|0,1|0,1|0,1,6|0,1,6|1|1|1|1|1|1|0,6|1|0,6|0|0|0|0,6|3,6|0,6|0,6|0|0|0|0|0|0|0|0|0|0,6|0,6|0,6|0|0|0|0|0|0,6|0,6|1|1|1|1|1|1|0,6|1|0,6|0|0|0|0,6|1|1|1|0|0|0|0|0|0|0|0|0|0,6|0,6|0,6|0|0|0|0|0|0,6|0,6|1|1|1|1|1|1|0,6|1|0,6|0|0|0|0,6|3,6|0,6|0,6|0|0|0|0|0|0|0|0|0|0,6|0|0|0|0|0|0|0|0,6|0,6|1|1|1|1|1|1|0,6|1|0,6|0|0|0|0,6|1|1|1|0|0|0|0|0|0|0|0|0|0|0|0|0|0|0|0|0|0,6|0,6|1|1|1|1|1|1|0,6|1|0,6|0|0|0|0,6|3,6|0,6|0,6|0|0|0|0|0|0|0|0|0|0|0|0|0|0|1|2,1|0,1|0,1,6|0,1,6|1|1|1|1|1|1|0,6|1|0,6|0|0|0|0,6|1|1|1|0|0|0|0|0|0|0|0|0|0|0|0|0|0|1|1|1|0,6|0,6|1|1|1|1|1|1|0,6|1|0,6|0|0|0|0,6|3,6|0,6|0,6|0|0|0|0|0|0|0|0|0|0|0|0|0|0|1|1|1|0,6|0,6|1|1|1|1|1|1|0,6|1|0,6|0|0|0|0,6|1|1|1|0|0|0|0|0|0|0|0|0|0|0|0|0|0|1|2,1|0,1|0,1,6|0,1,6|1|1|1|1|1|1|0,6|1|0,6|0|0|0|0,6|1|1|1|0|0|0|0|0|0|0|0|0|0|0|0|0|0|0|0|0|0,6|0,6|1|1|1|1|1|1|0,6|1|0,6|0|0|0|0,6|0,6|0,6|0,6|0|0|0|0|0|0|0|0|0|0|0|0|0|0|0|0|0|0,6|0,6|1|1|1|1|1|1|0,6|3,6|0,6|0|0|0|0,6|0,6|0,6|0,6|0|0|0|0|0|0|0|0|0|0|0|0|0|0|0|0|0|0,6|0,6|3,6|4,3,6|1,3|1,5,3|1|1|0,6|1|0,6|0|0|0|0,6|0,6|0,6|0,6|0|0|0|0|0|0|0|0|0|0|0|0|0|0|0|0|0|0,6|0,6|1|1|1|1|1|1|0,1,6|3,1,6|0,1,6|0,1|0,1|0,1|0,1,6|0,1,6|0,1,6|0,1,6|0,1|0,1|0,1|0,1|0,1|0,1|0,1|0,1|0,1|0,1|0,1|0,1|0,1|0,1|0,1|0,1|0,1|0,1,6|0,1,6|3,1,6|4,3,6|1,3|1,5,3|1|1|0,6|1|0,6|0|0|0|0,6|0,6|0,6|0,6|0|0|0|0|0|0|0|0|0|0|0|0|0|0|0|0|0|0,6|0,6|1|1|1|1|1|1|0,6|3,6|0,6|0|0|0|0,6|0,6|0,6|0,6|0|0|0|0|0|0|0|0|0|0|0|0|0|0,6|0|0|0|0,6|0,6|3,6|4,3,6|1,3|1,5,3|1|1|0,6|1|0,6|0|0|0|0,6|0,6|0,6|0,6|0|0|0|0|0|0|0|0|0|0|0|0|0|0,6|0,6|0,6|0|0,6|0,6|1|1|1|1|1|1|0,6|1|0,6|0|0|0|0,6|0,6|0,6|0,6|0|0|0|0|0|0|0|0|0|0|0|0|0|0,6|0,6|0,6|0|0,6|0,6|1|1|1|1|1|1|0,6|1|0,6|0|0|0|0,6|1|1|1|0|0|0|0|0|0|0|0|0|0|0|1|2,1|0,1,6|0,1|0,1|0,1|0,1,6|0,1,6|1|1|1|1|1|1|0,6|1|0,6|0|0|0|0,6|1|1|1|0|0|0|0|0|0|0|0|0|0|0|1|1|1|0|0|0|0,6|0,6|1|1|1|1|1|1|0,6|1|0,6|0|0|0|0,6|3,6|0,6|0,6|0|0|0|0,6|0,6|0,6|0|0|0|0|0|1|1|1|0|0|0|0,6|0,6|1|1|1|1|1|1|0,6|1|0,6|0|0|0|0,6|1|1|1|0|0|0|0,6|0,6|0,6|0|0|0|0|0|1|2,1|0,1|0,1|0,1|0,1|0,1,6|0,1,6|1|1|1|1|1|1|0,6|1|0,6|0|0|0|0,6|3,6|0,6|0,6|0|0|0|0,6|0,6|0,6|0|0|0|0|0|0|0|0|0|0|0|0,6|0,6|1|1|1|1|1|1|0,1,6|3,1,6|0,1,6|0,1|0,1|0,1|0,1,6|1|1|1|0|0|0|0,6|0,6|0,6|0|0|0|0|0|0|0|0|0|0|0|0,6|0,6|1|1|1|1|1|1|0,6|1|0,6|0,6|0,6|0,6|0,6|1|1|1|0|0|0|0,6|0,6|0,6|0|0|0|0|0|0|0|0|0|0|0|0,6|0,6|1|1|1|1|1|1|4,3,6|1|1|1|1|1|0,6|1|1|1|1|1|1|1|1|1|1|1|1|1|1|1|1|1|1|1|1|1|0,6|1|1|1|1|1|1|1,3|1|1|1|1|1|0,6|0,6|0,6|0,6|0,6|0,6|0,6|0,6|0,6|0,6|0,6|0,6|0,6|0,6|0,6|0,6|0,6|0,6|0,6|0,6|0,6|0,6|0,6|1|1|1|1|1|1|1,9,3|1|1|1|1|1|0,6|1|1|1|1|1|1|1|1|1|1|1|1|1|1|1|1|1|1|1|1|1|0,6|1|1|1|1|1|1|1|1|1|1|1|1|4,3,6|1|1|1|1|1|1|1|1|1|1|1|1|1|1|1|1|1|1|1|1|1|4,3,6|1|1|1|1|1|1|1|1|1|1|1|1|1,9,3|1|1|1|1|1|1|1|1|1|1|1|1|1|1|1|1|1|1|1|1|1|1,9,3|1|1|1|1|
