SH_A23
48*35|-1|0
6.4279*7.6604|0|0
-220,-30
Border: Solid




20|7|15|0,8,0,0,1,-1 -1,113 43,356 52,336 42,18 8,340 44,310 29,-1 -1,113 43,340 56,320 46,18 8,324 48,295 36,-1 -1,-1 -1,852 47,836 39,169 5,836 39,810 26,-1 -1,80 41,111 56,97 50,13 8,95 48,76 40,-1 -1,80 41,111 56,97 50,13 8,95 48,76 40,-1 -1,113 43,340 56,320 46,18 8,324 48,295 36,-1 -1,3410 45,3725 60,3669 54,473 8,3234 52,2825 43,-1 -1,-1 -1,-1 -1,-1 -1,-1 -1,-1 -1,-1 -1,-1 -1,84 43,114 58,102 52,14 8,98 50,80 41,-1 -1,-1 -1,-1 -1,-1 -1,-1 -1,-1 -1,-1 -1,-1 -1,-1 -1,-1 -1,-1 -1,-1 -1,-1 -1,-1 -1,-1 -1,-1 -1,-1 -1,-1 -1,-1 -1,-1 -1,-1 -1,-1 -1,-1 -1,-1 -1,-1 -1,48 6,-1 -1,-1 -1,-1 -1,-1 -1,-1 -1,-1 -1,-1 -1,-1 -1,-1 -1,-1 -1,113 43,236 52,216 42,-1 -1,-1 -1,-1 -1,|0,2,0,0,1,113 43,-1 -1,361 50,341 40,104 43,345 42,315 27,113 43,-1 -1,345 54,325 44,104 43,329 46,300 34,-1 -1,-1 -1,1080 41,1056 29,476 36,1064 33,1034 18,80 41,-1 -1,109 56,91 47,82 42,93 48,71 38,80 41,-1 -1,108 56,91 47,82 42,92 48,71 38,113 43,-1 -1,345 54,325 44,104 43,329 46,300 34,3410 45,-1 -1,3207 58,3151 52,3376 44,2715 50,2306 41,-1 -1,-1 -1,-1 -1,-1 -1,-1 -1,-1 -1,-1 -1,84 43,-1 -1,114 58,94 48,86 44,98 50,76 39,-1 -1,-1 -1,-1 -1,-1 -1,-1 -1,-1 -1,-1 -1,-1 -1,-1 -1,-1 -1,-1 -1,-1 -1,-1 -1,-1 -1,-1 -1,-1 -1,-1 -1,-1 -1,-1 -1,-1 -1,-1 -1,-1 -1,-1 -1,-1 -1,-1 -1,-1 -1,-1 -1,-1 -1,-1 -1,-1 -1,-1 -1,-1 -1,-1 -1,-1 -1,-1 -1,113 43,-1 -1,241 50,221 40,-1 -1,-1 -1,-1 -1,|0,5,0,0,1,-1 -1,-1 -1,-1 -1,80 41,-1 -1,24 13,54 28,-1 -1,-1 -1,-1 -1,80 41,-1 -1,24 13,54 28,-1 -1,-1 -1,-1 -1,82 41,-1 -1,26 13,56 28,111 56,109 56,-1 -1,74 37,110 55,24 13,53 27,111 56,108 56,-1 -1,74 37,109 55,24 13,53 27,-1 -1,-1 -1,-1 -1,80 41,-1 -1,24 13,54 28,3725 60,3206 58,-1 -1,2448 41,3691 59,930 15,1604 30,-1 -1,-1 -1,-1 -1,-1 -1,-1 -1,-1 -1,-1 -1,114 58,114 58,-1 -1,80 41,112 57,24 13,54 28,-1 -1,-1 -1,-1 -1,-1 -1,-1 -1,-1 -1,-1 -1,-1 -1,-1 -1,-1 -1,-1 -1,-1 -1,-1 -1,-1 -1,-1 -1,-1 -1,-1 -1,-1 -1,-1 -1,-1 -1,-1 -1,-1 -1,-1 -1,-1 -1,-1 -1,-1 -1,-1 -1,-1 -1,-1 -1,-1 -1,-1 -1,-1 -1,-1 -1,-1 -1,-1 -1,-1 -1,-1 -1,-1 -1,80 41,-1 -1,-1 -1,-1 -1,|0,5,0,0,1,-1 -1,-1 -1,80 41,-1 -1,-1 -1,64 33,34 18,-1 -1,-1 -1,80 41,-1 -1,-1 -1,64 33,34 18,-1 -1,-1 -1,82 41,-1 -1,-1 -1,66 33,36 18,98 50,92 47,74 37,-1 -1,96 49,58 29,33 17,97 50,91 47,74 37,-1 -1,96 49,58 29,33 17,-1 -1,-1 -1,80 41,-1 -1,-1 -1,64 33,34 18,3669 54,3151 52,2448 41,-1 -1,3635 53,1956 33,1283 18,-1 -1,-1 -1,-1 -1,-1 -1,-1 -1,-1 -1,-1 -1,102 52,94 48,80 41,-1 -1,100 51,64 33,34 18,-1 -1,-1 -1,-1 -1,-1 -1,-1 -1,-1 -1,-1 -1,-1 -1,-1 -1,-1 -1,-1 -1,-1 -1,-1 -1,-1 -1,-1 -1,-1 -1,-1 -1,-1 -1,-1 -1,-1 -1,-1 -1,-1 -1,-1 -1,-1 -1,-1 -1,-1 -1,-1 -1,-1 -1,-1 -1,-1 -1,-1 -1,-1 -1,-1 -1,-1 -1,-1 -1,-1 -1,-1 -1,80 41,-1 -1,-1 -1,-1 -1,-1 -1,|1,1,0,0,1,18 8,104 43,347 52,327 42,-1 -1,331 44,301 29,18 8,104 43,330 56,310 46,-1 -1,314 48,285 36,-1 -1,-1 -1,693 47,677 39,-1 -1,677 39,651 26,14 8,82 42,110 55,96 49,-1 -1,94 47,75 39,13 8,82 42,109 55,95 49,-1 -1,93 47,74 39,18 8,104 43,330 56,310 46,-1 -1,314 48,285 36,473 8,3376 44,3691 59,3635 53,-1 -1,3199 51,2791 42,-1 -1,-1 -1,-1 -1,-1 -1,-1 -1,-1 -1,-1 -1,14 8,86 44,112 57,100 51,-1 -1,96 49,78 40,-1 -1,-1 -1,-1 -1,-1 -1,-1 -1,-1 -1,-1 -1,-1 -1,-1 -1,-1 -1,-1 -1,-1 -1,-1 -1,-1 -1,-1 -1,-1 -1,-1 -1,-1 -1,-1 -1,-1 -1,-1 -1,48 6,-1 -1,-1 -1,-1 -1,-1 -1,-1 -1,-1 -1,-1 -1,-1 -1,-1 -1,-1 -1,-1 -1,-1 -1,-1 -1,-1 -1,-1 -1,-1 -1,-1 -1,-1 -1,-1 -1,-1 -1,|1,1,0,0,1,-1 -1,-1 -1,24 13,64 33,-1 -1,-1 -1,38 20,-1 -1,-1 -1,24 13,64 33,-1 -1,-1 -1,38 20,-1 -1,-1 -1,26 13,66 33,-1 -1,-1 -1,40 20,95 48,93 48,24 13,58 29,94 47,-1 -1,37 19,95 48,92 48,24 13,58 29,93 47,-1 -1,37 19,-1 -1,-1 -1,24 13,64 33,-1 -1,-1 -1,38 20,3234 52,2715 50,930 15,1957 33,3199 51,-1 -1,1112 22,-1 -1,-1 -1,-1 -1,-1 -1,-1 -1,-1 -1,-1 -1,98 50,98 50,24 13,64 33,96 49,-1 -1,38 20,-1 -1,-1 -1,-1 -1,-1 -1,-1 -1,-1 -1,-1 -1,-1 -1,-1 -1,-1 -1,-1 -1,-1 -1,-1 -1,-1 -1,-1 -1,-1 -1,-1 -1,-1 -1,-1 -1,-1 -1,-1 -1,-1 -1,-1 -1,-1 -1,-1 -1,-1 -1,-1 -1,106 30,-1 -1,-1 -1,-1 -1,-1 -1,-1 -1,-1 -1,-1 -1,-1 -1,-1 -1,-1 -1,-1 -1,-1 -1,-1 -1,-1 -1,|1,1,0,0,1,-1 -1,-1 -1,54 28,34 18,-1 -1,38 20,-1 -1,-1 -1,-1 -1,54 28,34 18,-1 -1,38 20,-1 -1,-1 -1,-1 -1,56 28,36 18,-1 -1,40 20,-1 -1,77 40,71 38,53 27,33 17,75 39,37 19,-1 -1,76 40,71 38,53 27,33 17,74 39,37 19,-1 -1,-1 -1,-1 -1,54 28,34 18,-1 -1,38 20,-1 -1,2825 43,2306 41,1604 30,1283 18,2790 42,1112 22,-1 -1,-1 -1,-1 -1,-1 -1,-1 -1,-1 -1,-1 -1,-1 -1,80 41,76 39,54 28,34 18,78 40,38 20,-1 -1,-1 -1,-1 -1,-1 -1,-1 -1,-1 -1,-1 -1,-1 -1,-1 -1,-1 -1,-1 -1,-1 -1,-1 -1,-1 -1,-1 -1,-1 -1,-1 -1,-1 -1,-1 -1,-1 -1,-1 -1,-1 -1,-1 -1,-1 -1,-1 -1,-1 -1,-1 -1,106 30,-1 -1,-1 -1,-1 -1,-1 -1,-1 -1,-1 -1,-1 -1,-1 -1,-1 -1,-1 -1,-1 -1,-1 -1,-1 -1,-1 -1,-1 -1,|
1|1|1|1|1|1|1|1|1|1|1|1|1|1|1|1|1|1|1|1|1|1|1|1|1|1|1|1|1|1|1|1|1|1|1|1|1|1|1|1|1|1|1|1|1|1|1|1|1|1|1|1|1|1|1|1|1|1|1|1|1|1|1|1|1|1|1|1|1|1|1|1|1|1|1|1|1|1|1|1|1|1|1|1|1|1|1|1|1|1|1|1|1|1|1|1|1|1|1|1|1|1|1|1|1|1|1|1|1|1|1|1|1|1|1|1|1|1|1|1|1|1|1|1|1|1|1|1|1|1|1|1|1|1|1|1|1|1|1|1|1|1|1|1|1|1|1|1|1|1|1|1|1|1|1|1|1|1|1|1|1|1|1|1|1|1|1|1|1|1|1|1|1|1|1|1|1|1|1|1|1|1|1|1|1|1|1|1|1|1|1|1|1|1|1|1|1|1|1|1|1|1|1|1|1|1|1|1|1|1|1|1|1|1|1|1|1|1|1|1|1|1|1|1|1|1|1|1|1|1|1|1|1|1|1|1|1|1|1|1|1|1|1|1|1|1|1|1|1|1|1|1|1|1|1|1|1|1|1|1|1|1|1|1|1|1|1|1|1|1|1|1|1|1|1|1|1|1|1|1|1|1|1|1|1|1|1|1|1|1|0|0|0|0|1|1|1|1|1|1|1|1|1|1|0|0|0|0|1|1|1|1|1|1|1|1|1|1|1|1|1|1|1|1|1|0|0|0|0|1|1|1|1|1|1|1|1|1|1|0|0|0|0|1|1|1|1|1|1|1|1,4,3|1,3|1,3|1,3|1,3|1,3|1,3|1,3|4,3,6|0,1,6|0,1|0,1|0,1|0,1|3,1,6|4,3,6|1,5,3|1|1|1|1|1|1|1|0|0|0|0|3,6|4,3,6|1,3|1,3|1,3|1,3|1,4,3|1|1|1|1|1|1|1|1|1|1|0|0|0|0|1|1|1|1|1|1|1|1|1|1|0|0|0|0|1|1|1|1|1|1|1|1|1|1|1|1|1|1|1|1|1|0|0|0|0|1|1|1|1|1|1|1|1|1|1|0|0|0|0|1|1|1|1|1|1|1|1|1|1|1|1|1|1|1|1|1|1|0,6|0,6|1|1|1|1|1|1|1|1|1|1|1|1|0,6|0,6|1|1|1|1|1|1|1|1|1|1|1|1|1|1|1|1|1|1|1|0,6|0,6|1|1|1|1|1|1|1|1|1|1|1|1|0,6|0,6|1|1|1|1|1|1|1|1|1|1|1|1|1|1|1|1|1|1|1|0,6|0,6|1|1|1|1|1|1|1|1|1|1|1|0,6|0,6|0,6|1|1|1|1|1|1|1|1|1|1|1|1|1|1|1|1|1|1|1|0,6|0,6|1|1|1|1|0,6|0,6|0,6|0,6|0|0|0|0,6|0,6|0,6|1|1|1|1|1|1|1|1|1|1|1|1|1|1|1|1|1|1|1|0,6|0,6|1|1|1|1|0,6|0,6|0,6|0|0|0|0|0|0,6|0,6|3,6|4,3,6|1,5,3|1|1|1|1|1|1|1|1|1|1|1|1|1|1|1|1|0,6|0,6|1|1|1|1|0,6|0,6|0|0|0|0|0|0|0,6|0,6|1|1|1|1|1|1|1|1|1|1|1|1|1|1|1|1|1|1|1|0,6|0,6|1|1|1|1|0,6|0,6|0|0|0|0|0|0|0|1|1|1|1|1|1|1|1|1|1|1|1|1|1|1|1|1|1|1|1|0,6|0,6|1|1|1|1|0,6|0,6|0|0|1|2,1|0,1|0,1|0,1|1|1|1|1|1|1|1|1|1|1|1|1|1|1|1|1|1|1|1|1|0,6|0,6|1|1|1|1|0,6|0,6|0|0|1|1|1|0|0|1|1|1|1|1|1|1|1|1|1|1|1|1|1|1|1|1|1|1|1|0,6|0,6|1|1|1|1|0,6|0|0|0|1|1|1|0|0|1|1|1|1|1|1|1|1|1|1|1|1|1|1|1|1|1|1|1|1|0,6|0,6|1|1|1|1|0,6|0,6|0|0|1|2,1|0,1|0,1|0,1|1|1|1|1|1|1|1|1|1|1|1|1|1|1|1|1|1|1|1|1|0,6|0,6|1|1|1|1|0,6|0,6|0|0|0|0|0|0|0|0|1|1|1|1|1|1|1|1|1|1|1|1|1|1|1|1|1|1|1|0,6|0,6|1|1|1|1|0,6|0,6|0,6|0,6|0|0|0|0|0|0|1|1|1|1|1|1|1|1|1|1|1|1|1|1|1|1|1|1|1|0,6|0,6|1|1|1|1|0,6|0,6|0,6|0,6|0,6|0,6|0,6|0|0|0|1|1|1|1|1|1|1|1|1|1|1|1|1|1|1|1|1|1|1|0,6|0,6|1|1|1|1|0,6|0,6|0,6|0,6|0,6|0,6|0,6|0|0|0|0|1|1|1|1|1|1|1|1|1|1|1|1|1|1|1|1|1|1|0,6|0,6|0,6|0,6|0,6|0,6|0,6|0,6|0,6|0,6|0,6|0,6|0,6|0|0|0|0|1|1|1|1|1|1|1|1|1|1|1|1|1|1|1|1|1|1|0,1,6|0,1,6|0,1,6|0,1,6|0,1,6|0,6|0,6|0,6|0,6|0,1,6|0,1,6|0,1,6|0,1,6|0,1|0,1|0,1|0,1|3,1,6|4,3,6|1,5,3|1|1|1|1|1|1|1|1|1|1|1|1|1|1|1|0,6|0,6|0,6|0,6|0,6|0,6|0,6|0,6|0,6|0,6|0,6|0,6|0,6|0|0|0|0|1|1|1|1|1|1|1|1|1|1|1|1|1|1|1|1|1|1|0,6|0,6|1|1|1|1|1|1|1|1|1|1|1|0|0|0|0|1|1|1|1|1|1|1|1|1|1|1|1|1|1|1|1|1|1|0,6|0,6|1|1|1|1|1|1|1|1|1|1|1|1|0,6|0,6|1|1|1|1|1|1|1|1|1|1|1|1|1|1|1|1|1|1|1|0,6|0,6|1|1|1|1|1|1|1|1|1|1|1|1|0,6|0,6|1|1|1|1|1|1|1|1|1|1|1|1|1|1|1|1|1|1|1|0,6|0,6|1|1|1|1|1|1|1|1|1|1|1|1|0,6|0,6|1|1|1|1|1|1|1|1|1|1|1|1|1|1|1|1|1|1|1|0,6|0,6|1|1|1|1|1|1|1|1|1|1|1|1|0,6|0,6|1|1|1|1|1|1|1|1|1|1|1|1|1|1|1|1|1|1|1|0,6|0,6|1|1|1|1|1|1|1|1|1|1|1|1|0,6|0,6|1|1|1|1|1|1|1|1|1|1|1|1|1|1|1|1|1|1|1|0,6|0,6|1|1|1|1|1|1|1|1|1|1|1|1|0,6|0,6|1|1|1|1|1|1|1|1|1|1|1|1|1|1|1|1|1|1|0|0|0|0|1|1|1|1|1|1|1|1|1|1|0,6|0,6|0,6|0,6|1|1|1|1|1|1|1|1|1|1|1|0,6|0,6|0,6|0,6|0,6|0,6|0|0|0|0|1|1|1|1|1|1|1|1|1|1|0,6|0,6|0,6|0,6|1|1|1|1|1|1|1|1,4,3|1,3|4,3,6|0,1,6|0,1,6|0,1,6|0,1,6|0,1,6|0,1,6|0,1,6|0,1|0,1|0,1|0,1|3,6|4,3,6|1,3|1|1|1|1|1|1|1|0,6|0,6|0,6|0,6|3,6|4,3,6|1,3|1,3|1,3|1,3|1,4,3|1|1|1|1|0,6|0,6|0,6|0,6|0,6|0,6|0|0|0|0|1|1|1|1|1|1|1|1|1|1|0,6|0,6|0,6|0,6|1|1|1|1|1|1|1|1|1|1|1|1|1|1|1|1|1|0|0|0|0|1|1|1|1|1|1|1|1|1|1|0,6|0,6|0,6|0,6|1|1|1|1|1|1|1|1|1|1|1|1|1|1|1|1|1|1|1|1|1|1|1|1|1|1|1|1|1|1|1|1|1|1|1|1|1|1|1|1|1|1|1|1|1|1|1|1|1|1|1|1|1|1|1|1|1|1|1|1|1|1|1|1|1|1|1|1|1|1|1|1|1|1|1|1|1|1|1|1|1|1|1|1|1|1|1|1|1|1|1|1|1|1|1|1|1|1|1|1|1|1|1|1|1|1|1|1|1|1|1|1|1|1|1|1|1|1|1|1|1|1|1|1|1|1|1|1|1|1|1|1|1|1|1|1|1|1|1|1|1|1|1|1|1|1|1|1|1|1|1|1|1|1|1|1|1|1|1|1|1|1|1|1|1|1|1|1|1|1|1|1|1|1|1|1|1|1|1|1|1|1|
1|1|1|1|1|1|1|1|1|1|1|1|1|1|1|1|1|1|1|1|1|1|1|1|1|1|1|1|1|1|1|1|1|1|1|1|1|1|1|1|1|1|1|1|1|1|1|
