SH_B12
48*78|-1|0
4.6947*8.8295|0|0
-220,-30|-220,729
Border: Passable
1,2,16|1,5,66|1,16,34|1,17,66|1,36,49|1,43,64|1,46,42|



20|4|15|0,3,0,0,1,-1 -1,1009 52,1071 53,-1 -1,-1 -1,1009 52,1071 53,-1 -1,-1 -1,1990 51,2082 94,-1 -1,-1 -1,182 82,187 87,-1 -1,-1 -1,226 115,204 103,-1 -1,-1 -1,1009 52,1071 53,-1 -1,-1 -1,3703 104,3328 101,-1 -1,-1 -1,-1 -1,-1 -1,-1 -1,-1 -1,186 94,208 105,-1 -1,-1 -1,-1 -1,-1 -1,-1 -1,-1 -1,-1 -1,-1 -1,-1 -1,-1 -1,-1 -1,-1 -1,-1 -1,-1 -1,-1 -1,236 95,-1 -1,-1 -1,-1 -1,-1 -1,-1 -1,-1 -1,559 52,591 53,-1 -1,|0,2,0,1,1,-1 -1,-1 -1,102 52,-1 -1,-1 -1,-1 -1,102 52,-1 -1,-1 -1,-1 -1,108 52,-1 -1,183 93,-1 -1,99 50,-1 -1,226 115,-1 -1,98 50,-1 -1,-1 -1,-1 -1,102 52,-1 -1,3703 104,-1 -1,4167 52,-1 -1,-1 -1,-1 -1,-1 -1,-1 -1,186 94,-1 -1,98 50,-1 -1,-1 -1,-1 -1,-1 -1,-1 -1,-1 -1,-1 -1,-1 -1,-1 -1,-1 -1,-1 -1,-1 -1,-1 -1,-1 -1,-1 -1,-1 -1,-1 -1,-1 -1,-1 -1,-1 -1,-1 -1,-1 -1,-1 -1,102 52,-1 -1,|0,14,0,1,1,-1 -1,102 52,-1 -1,-1 -1,-1 -1,102 52,-1 -1,-1 -1,-1 -1,108 52,-1 -1,-1 -1,205 104,99 50,-1 -1,-1 -1,204 103,98 50,-1 -1,-1 -1,-1 -1,102 52,-1 -1,-1 -1,3328 101,4167 52,-1 -1,-1 -1,-1 -1,-1 -1,-1 -1,-1 -1,208 105,98 50,-1 -1,-1 -1,-1 -1,-1 -1,-1 -1,-1 -1,-1 -1,-1 -1,-1 -1,-1 -1,-1 -1,-1 -1,-1 -1,-1 -1,236 95,-1 -1,-1 -1,-1 -1,-1 -1,-1 -1,-1 -1,-1 -1,-1 -1,102 52,-1 -1,-1 -1,|4,-1,0,-1,41,-1 -1,-1 -1,-1 -1,-1 -1,-1 -1,-1 -1,-1 -1,-1 -1,-1 -1,-1 -1,-1 -1,-1 -1,-1 -1,-1 -1,-1 -1,-1 -1,-1 -1,-1 -1,-1 -1,-1 -1,-1 -1,-1 -1,-1 -1,-1 -1,-1 -1,-1 -1,-1 -1,-1 -1,-1 -1,-1 -1,-1 -1,-1 -1,-1 -1,-1 -1,-1 -1,-1 -1,-1 -1,-1 -1,-1 -1,-1 -1,-1 -1,-1 -1,-1 -1,-1 -1,-1 -1,-1 -1,-1 -1,-1 -1,-1 -1,-1 -1,-1 -1,-1 -1,-1 -1,-1 -1,-1 -1,-1 -1,-1 -1,-1 -1,-1 -1,-1 -1,|
1|1|1|1|1|1|1|1|1|1|1|1|1|1|1|1|1|1|1|1|1|1|1|1|1|1|1|1|1|1|1|1|1|1|1|1|1|1|1|1|1|1|1|1|1|1|1|1|1|1|1|1|1|1|1|1|1|1|1|1|1|1|1|1|1|1|1|1|1|1|1|1|1|1|1|1|1,4,3|1|1|1|1|1|1|1|1|1|0,6|0,6|0,6|0,2,6|0,6|0,6|0,6|0,6|1|1|1|1|1|1|1|1|1|1|1|1|1|1|1|1|1|0,6|0,6|0,6|0,6|0,6|0,6|0,6|0,6|0,6|0,6|0,6|0,6|0,6|0,6|0,6|0,6|0,6|0,6|0,6|0,6|0,6|0,6|0,6|0,6|0,6|0,6|0,6|0,6|0,6|0,6|0,6|1|1|1|1|1|1|1|1|1|1|1|1|1,3|1|1|1|1|0,6|0,6|0,6|0,6|0,6|0,6|0|0|0,2|0|0,6|0,6|0,6|0,6|0,6|0,6|1|1|1|1|1|1|1|1|1|1|1|1|1|1|0,6|1|1|1|1|1|1|1|1|1|1|1|1|1|1|1|1|1|1|1|1|1|1|1|1|1|1|1|1|1|0,6|1|1|1|1|1|1|1|1|1|1|1|1|1,3|1|1|1|0|0|0|0|0|0|0|0|0|0,2|0|0|0|0|0|0,6|0,6|0,6|0,6|0,2,6|0,6|0,6|0,6|0,2,6|0,6|0,6|0,6|1|1|1|1|0,6|1|1|1|1|1|1|1|1|1|1|1|1|1|1|1|1|1|1|1|1|1|1|1|1|1|1|1|1|1|0|0|1|1|1|1|1|1|1|1|1|1|1|1,3|1|0|0|0|0|0|0|0|0|0|0|0|0,2|0|0|0|0|0|0|0,6|0,6|0,6|0,2,6|0,6|0,6|0,6|0,6|0,6|0,6|0,6|0,6|0,6|0,6|1|0,6|1|1|1|1|1|1|1|1|1|1|1|1|1|1|1|1|1|1|1|1|1|1|1|1|1|1|1|1|1|0|0|0|1|1|1|1|1|1|1|1|1|1|1,3|1|0|0|0|0|0|0|0|0|0|0|0|0,2|0|0|0|0|0|0|0,6|0,6|0,6|0,2,6|0,6|0,6|0,6|0,6|0,6|0,6|0,6|0,6|0,6|0,6|0,6|0,6|1|1|1|1|1|1|1|1|1|1|1|1|1|1|1|1|1|1|1|1|1|1|1|1|1|1|1|1|1|0|0|0|0|1|1|1|1|1|1|1|1|1|1,3|1|0|0|0|0|0|0|0|0|0|0|0|0,2|0|0|0|0|0|0|0|0,6|0,6|0,2,6|0,6|0,6|0,6|0,6|0,6|0,6|0,6|0,6|0,6|0,6|0,6|0,6|1|1|1|1|1|1|1|1|1|1|1|1|1|1|1|1|1|1|1|1|1|1|1|1|1|1|1|1|1|0|0|0|0|3,6|4,3,6|1,3|1,3|1,3|1,3|1,3|1,3|1,3|1,3|1|0|0|0|0|0|0|0|0|0|0|0|1|0|0|0|0|0|0|0|0,6|0,6|1|1|0,6|0,6|0,6|0,6|0,6|0,6|0,6|0,6|0,6|0,6|0,6|1|1|1|1|1|1|1|1|1|1|1|1|1|1|1|1|1|1|1|1|1|1|1|1|1|1|1|1|1|0|0|0|0|1|1|1|1|1|1|1|1|1|1|1|0|0|0|0|0|0|0|0|1|1|1|1|1|1|1|1|1|1|1|1|1|1|1|1|1|0,6|0,6|0,6|0,6|0,6|0,6|0,6|0,6|0,6|1|1|1|1|1|1|1|1|1|1|1|1|1|1|1|1|1|1|1|1|1|1|1|1|1|1|1|1|1|0|0|0|0|1|1|1|1|1|1|1|1|1|1|1|0|0|0|0|0|0|0|0|1|1|1|1|1|1|1|1|1|1|1|1|1|1|1|1|1|0,6|0,6|0,6|0,6|0,6|0,6|0,6|1|1|1|1|1|1|1|1|1|1|1|1|1|1|1|1|1|1|1|1|1|1|1|1|1|1|1|1|1|1|1|0|0|0|0|1|1|1|1|1|1|1|1|1|1|1|0|0|0|0,1|0,1|0,1|0,1|1|1|1|1|1|1|1|1|1|1|1|1|1|1|1|1|1|1|1|0,1,6|0,1,6|0,1,6|0,1,6|0,1,6|1|1|1|1|1|1|1|1|1|1|1|1|1|1|1|1|1|1|1|1|1|1|1|1|1|1|1|1|1|1|1|1|0|0|0|0,6|1|1|1|1|1|1|1|1|1|1|1|0|0|0|0|0|0|0|0|1|1|1|1|1|1|1|1|1|1|1|1|1|1|1|1|1|0,6|0,6|0,6|0,6|0,6|0,6|0,6|1|1|1|1|1|1|1|1|1|1|1|1|1|1|1|1|1|1|1|1|1|1|1|1|1|1|1|1|1|1|1|0|0|0|0,6|1|1|1|1|1|1|1|1|1|1|1|0|0|0|0|0|0|0|0|1|1|1|1|1|1|1|1|1|1|1|1|1|1|1|1|1|0,6|0,6|0,6|0,6|0,6|0,6|0,6|0,6|1|1|1|1|1|1|1|1|1|1|1|1|1|1|1|1|1|1|1|1|1|1|1|1|1|1|1|1|1|1|0|0|0|0,6|1|1|1|1|1|1|1|1|1|1|1|0|0|0|0|0|0|0|0|1|1|1|1|1|1|1|1|1|1|1|1|1|1|1|1|1|0,6|0,6|0,6|0,6|0,6|0,6|0,6|0,6|0,6|1|1|1|1|1|1|1|1|1|1|1|1|1|1|1|1|1|1|1|1|1|1|1|1|1|1|1|1|1|0|0|0|0|1|1|1|1|1|1|1|1|1|1|1|0|0|0|0|0|0|0|0|1|1|1|1|1|1|1|1|1|1|1|1|1|1|1|1|1|0|0|0|0|0|0|0|0|0|1|1|1|1|1|1|1|1|1|1|1|1|1|1|1|1|1|1|1|1|1|1|1|1|1|1|1|1|1|0|0|0|0|1|1|1|1|1|1|1|1|1|1|1|0|0|0|0|0|0|0|0|1|1|1|1|1|1|1|1|1|1|1|1|1|1|1|1|1|0|0|0|0|0|0|0|0|0|1|1|1|1|1|1|1|1|1|1|1|1|1|1|1|1|1|1|1|1|1|1|1|1|1|1|1|1|1|0|0|0|1|1|1|1|1|1|1|1|1|1|1|1|0|0|0|0|0|0|0|0|1|1|1|1|1|1|1|1|1|1|1|1|1|1|1|1|1|0|0|0|0|0|0|0|0|0|1|1|1|1|1|1|1|1|1|1|1|1|1|1|1|1|1|1|1|1|1|1|1|1|1|1|1|1|1|0|0|0|1|1|1|1|1|1|1|1|1|1|1|1|0|0|0|0|0|0|0|0|1|1|1|1|1|1|1|1|1|1|1|1|1|1|1|1|1|0|0|0|0|0|0|0|0|1|1|1|1|1|1|1|1|1|1|1|1|1|1|1|1|1|1|1|1|1|1|1|1|1|1|1|1|1|1|0|0|0|1|1|1|1|1|1|1|1|1|1|1|1|0|0,1|0,1|0,1|0,1|0,1|0,1|1|1|1|1|1|1|1|1|1|1|1|1|1|1|1|1|1|1|1|0,1|0,1|0,1|0,1|0,1|0,1|0,1|1|1|1|1|1|1|1|1|1|1|1|1|1|1|1|1|1|1|1|1|1|1|1|1|1|1|1|1|1|1|0|0|0,6|0,6|1|1|1|1|1|1|1|1|1|1|1|0|0|0|0|0|0|0|0|1|1|1|1|1|1|1|1|1|1|1|1|1|1|1|1|1|0|0|0|0|0|0|0|0|0|1|1|1|1|1|1|1|1|1|1|1|1|1|1|1|1|1|1|1|1|1|1|1|1|1|1|1|1|1|0,6|0|0,6|0,6|1|1|1|1|1|1|1|1|1|1|1|0|0|0|0|0|0|0|0|1|1|1|1|1|1|1|1|1|1|1|1|1|1|1|1|1|0|0|0|0|0|0|0|0|0|1|1|1|1|1|1|1|1|1|1|1|1|1|1|1|1|1|1|1|1|1|1|1|1|1|1|1|1|1|0,6|0,6|0,6|0,6|1|1|1|1|1|1|1|1|1|1|1|0,6|0,6|0,6|0,6|0,6|0,6|0,6|0,6|0,6|0,6|1|1|0,6|0,6|0,6|0,6|0,6|0,6|0,6|0,6|0,6|0,2|0|0|0|0|0|0|0|0|0|0|0|0|0|0|0,6|1|1|0,6|0,6|0,6|0,6|0,6|0,6|0,6|0,6|0,6|0,6|0,6|0,6|0,6|0,6|0,6|0,6|0,6|0,6|0,6|0,6|1|1|0,6|0,6|0,6|0,6|0,6|0,6|1|1|1|1|1|1|1|1|1|1|1|0,6|0,6|0,6|0,6|0,6|0,6|0,6|0,6|0,6|0,6|0,6|0,2,6|0,6|0,6|0,6|0,6|0,6|0,6|0,6|0,6|0,6|0,2|0|0|0|0|0|0|0|0|0|0|0|0|0|0|0,6|0,6|0,6|0,6|0,6|0,6|0,6|0,6|0,6|0,6|0,6|0,6|0,6|0,6|0,6|0,6|0,6|0,6|0,6|0,6|0,6|0,6|0,6|0,2,6|0,6|0,6|0,6|0,6|0,6|0,6|1|1|1|1|1|1|1|1|1|1|1|1|0,6|0,6|0,6|0,6|0,6|0,6|0,6|0,6|0,6|0,6|0,6|0,2,6|0,6|0,6|0,6|0,6|0,6|0,6|0,6|0,6|0|0|0|0|0|0|0|0|0|0|0|0|0|0|0|0|0,6|0,6|0,6|0,6|0,6|0,6|0,6|0,6|0,6|0,6|0,6|0,6|0,6|0,6|0,6|0,6|0,6|0,6|0,6|0,2,6|0,6|0,6|0,6|0,2,6|0,6|0,6|0,6|0,6|0,6|0,6|0,6|3,6|0,6|0,6|0,6|0,6|0,6|1|1|1|1|1|0,6|0,6|0,6|0,6|0,6|0,6|0,6|0,6|0,6|0,6|0,6|0,2,6|0,6|0,6|0,6|0,6|0,6|0,6|0,6|0,6|0|0|0|0|0|0|0|0|0|0|0|0|0|0|0|0|0|0,6|0,6|0,6|0,6|0,6|0,6|0,6|0,6|0,6|0,6|0,6|0,6|0,6|0,6|0,6|0,6|0,6|0,6|0,2,6|0,6|0,6|0,6|0,2,6|0,6|0,6|0,6|0,6|1|1|1|1|1|1|1|1|0,6|1|1|1|1|1|0,6|0,6|0,6|0,6|0,6|0,6|0,6|0,6|0,6|0,6|0,6|0,6|0,6|0,6|0,6|0,6|0,6|0,6|0,6|0,6|0|0|0|0|0|0|0|0|0|0|0|0|0|0|0|0|0|0,6|0,6|0,6|0,6|0,6|0,6|0,6|0,6|0,6|0,6|0,6|0,6|1|1|1|1|1|1|1|1|1|1|1|1|1|1|1|1|1|1|1|1|1|1|1|0,6|1|1|1|1|1|0,6|0,6|0,6|0,6|0,6|0,6|0,6|0,6|0,6|0,6|0,6|0,6|0,6|0,6|0,6|0,6|0,6|0,6|0,6|0,6|0|0|0|0|0|0|0|0|0|0|0|0|0|0|0|0|0|0,6|0,6|0,6|0,6|0,6|0,6|0,6|0,6|0,6|0,6|0,6|1|1|1|1|1|1|1|1|1|1|1|1|1|1|1|1|1|1|1|1|1|1|1|1|0,6|1|1|1|1|1|0,6|0,6|0,6|0,6|0,6|0,6|0,6|0,6|0,6|0,6|0,6|0,6|0,6|0,6|0,6|0,6|0,6|0,6|0,6|0,6|0|0|0|0|0|0|0|0|0|0,1|0,1|0,1|0,1|0,1|0,1|0,1|0,1|0,1,6|0,1,6|0,1,6|0,1,6|0,1,6|0,1,6|0,1,6|0,1,6|0,1,6|0,1,6|1|1|1|1|1|1|1|1|1|1|1|1|1|1|1|1|1|1|1|1|1|1|1|1|1|0,6|1|1|1|1|1|0,6|0,6|0,6|0,6|0,6|0,6|0,6|0,6|0,6|0,6|0,6|0,6|0,6|0,6|0,6|0,6|0,6|0,6|0,6|0,6|0|0|0|0|0|0|0|0|0|0|0|0|0|0|0|0|0|0,6|0,6|0,6|0,6|0,6|0,6|0,6|0,6|0,6|0,6|1|1|1|1|1|1|1|1|1|1|1|1|1|1|1|1|1|1|1|1|1|1|1|1|1|0,6|1|1|1|1|1|0,6|0,6|0,6|0,6|0,6|0,6|0,6|0,6|0,6|0,6|0,6|0,6|0,6|0,6|0,6|0,6|0,6|0,2,6|0,6|0,6|0|0|0|0|0|0|0|0|0|0|0|0|0|0|0|0|0|0,6|0,6|0,6|0,6|0,6|0,6|0,6|0,6|0,6|0,6|0,6|1|1|1|1|1|1|1|1|1|1|1|1|1|1|1|1|1|1|1|1|1|1|1|1|0,6|1|1|1|1|1|0,6|0,6|0,6|0,6|0,6|0,6|0,6|0,6|0,6|0,6|0,6|0,6|0,6|0,6|0,6|0,6|0,6|0,2,6|0,6|0,6|0|0|0|0|0|0|0|0|0|0|0|0|0|0|0|0|0,6|0,6|0,6|0,6|0,6|0,6|0,6|0,6|0,6|0,6|0,6|0,6|1|1|1|1|1|1|1|1|1|1|1|1|1|1|1|1|1|1|1|1|1|1|1|1|0,6|1|1|1|1|1|0,6|0,6|0,6|0,6|0,6|0,6|0,6|0,6|0,6|0,6|0,6|0,6|0,6|0,6|0,6|0,6|1|1|0,6|0,6|0|0|0|0|0|0|0,2|0|0|0|0|0|0|0|0|0|0,6|0,6|0,6|0,6|0,6|0,6|0,6|0,6|0,6|0,6|0,6|0,6|0,6|1|1|1|1|1|1|1|1|1|1|1|1|1|1|1|1|1|1|1|1|1|1|1|0,6|1|1|1|1|1|0,6|0,6|0,6|0,6|0,6|0,6|0,6|0,6|0,6|0,6|0,6|0,6|0,6|1|1|1|1|1|1|1|1|1|1|1|1|1|1|1|1|1|1|0|0|0|0|0|0,6|0,6|0,6|0,6|0,6|0,6|0,6|0,6|0,6|0,6|0,6|0,6|0,6|1|1|1|1|1|1|1|1|1|1|1|1|1|1|1|1|1|1|1|1|1|1|1|0,6|1|1|1|1|1|0,6|0,6|0,6|0,6|0,6|0,6|0,6|0,6|0,6|0,6|0,6|0,6|0,6|1|1|1|1|1|1|1|1|1|1|1|1|1|1|1|1|1|1|0|0|0|0|0|0|0,6|0,6|0,6|0,6|0,6|0,6|0,6|0,6|0,6|0,6|0,6|0,6|1|1|1|1|1|1|1|1|1|1|1|1|1|1|1|1|1|1|1|1|1|1|1|0,6|1|1|1|1|1|0,6|0,6|0,6|0,6|0,6|0,6|0,6|0,6|0,6|0,6|0,6|0,6|0,6|1|1|1|1|1|1|1|1|1|1|1|1|1|1|1|1|1|1|0|0|0|0|0|0|0,6|0,6|0,6|0,6|0,6|0,6|0,6|0,6|0,6|0,6|0,6|0,6|1|1|1|1|1|1|1|1|1|1|1|1|1|1|1|1|1|1|1|1|1|1|1|0,6|1|1|1|1|1|0|0,6|0,6|0|0|0|0|0|0|0|0|0|0|1|1|1|1|1|1|1|1|1|1|1|1|1|1|1|1|1|1|0|0|0|0|0|0|0|0|0|0,6|0,6|0|0|0|0|0|0|0|1|1|1|1|1|1|1|1|1|1|1|1|1|1|1|1|1|1|1|1|1|1|1|0,6|1|1|1|1|1|0|0|0|0|0|0|0|0|0|0|0|0|0|1|1|1|1|1|1|1|1|1|1|1|1|1|1|1|1|1|1|0|0|0|0|0|0|0|0|0|0|0|0|0|0|0|0|0|1|1|1|1|1|1|1|1|1|1|1|1|1|1|1|1|1|1|1|1|1|1|1|1|0,6|1|1|1|1|1|0|0|0|0|0|0|0|0|0|0|0|0|0|1|1|1|1|1|1|1|1|1|1|1|1|1|1|1|1|1|1|0,1|0,1|0,1|0,1|0,1|0,1|0,1|0,1|0,1|0,1|0,1|0,1|0,1|0,1|0,1|0,1|1|1|1|1|1|1|1|1|1|1|1|1|1|1|1|1|1|1|1|1|1|1|1|1|1|0,6|1|1|1|1|1|0|0|0|0|0|0|0|0|0|0|0|0|0|1|1|1|1|1|1|1|1|1|1|1|1|1|1|1|1|1|1|0|0|0|0|0|0|0|0|0|0|0|0|0|0|0|0|0|1|1|1|1|1|1|1|1|1|1|1|1|1|1|1|1|1|1|1|1|1|1|1|1|0,6|1|1|1|1|1|0|0|0|0|0|0|0|0|0|0|0|0|0|1|1|1|1|1|1|1|1|1|1|1|1|1|1|1|1|1|1|0|0|0|0|0|0|0|0|0|0|0|0|0|0|0|0|0|0|1|1|1|1|1|1|1|1|1|1|1|1|1|1|1|1|1|1|1|1|1|1|1|0,6|1|1|1|1|1|0|0|0|0|0|0|0|0|0|0|0|0|0|1|1|1|1|1|1|1|1|1|1|1|1|1|1|1|1|1|1|0|0|0|0|0|0|0|0|0|0|0|0|0|0|0|0|0|0|0|0|1|1|0|0|0,2|0|0|0|0,2|0|0|0|1|1|1|1|1|1|1|1|1|0,6|1|1|1|1|1|0|0|0|0|0|0|0|0|0|0|0|0|0|1|1|1|1|1|1|1|1|1|1|1|1|1|1|1|1|1|1|0|0|0|0|0|0|0|0|0|0|0|0|0|0|0|0|0|0|0|0|0|0|0|0|0,2|0|0|0|0,2|0|0|0|0|0|0|3|0,6|0,6|0,6|0,6|0,6|0,6|1|1|1|1|1|0|0|0|0|0|0|0|0|0|0|0|0|0|1|1|1|1|1|1|1|1|1|1|1|1|1|1|1|1|1|1|0|0|0|0|0|0|0|0|0|0|0|0|0|0|0|0|0|0|0|0|0|0|0|0|0,2|0|0|0|0,2|0|0|0|0|1|1|1|1|1|1|1|1|0,6|1|1|1|1|1|0,6|0,6|0,6|0,6|0,6|1|1|1|1|1|0,6|1|1|1|1|1|1|1|1|1|1|1|1|1|1|1|1|1|1|1|1|1|0,6|0,6|0,6|0,6|0|0|0|0|0|0|0|0|0,6|0,6|0,6|0,6|0,6|1|1|1|1|1|1|1|1|1|1|1|1|1|1|1|1|1|1|1|1|1|1|1|0,6|1|1|1|1|1|0,6|0,6|1|1|1|1|1|1|1|1|4,3,6|1|1|1|1|1|1|1|1|1|1|1|1|1|1|1|1|1|1|1|1|1|1|1|0,6|0,6|0,6|0,6|0|0|0,6|0,6|0,6|0,6|0,6|0,6|0,6|1|1|1|1|1|1|1|1|1|1|1|1|1|1|1|1|1|1|1|1|1|1|1|1|1|0,6|1|1|1|1|1|1|1|1|1|1|1|1|1|1|1|1,3|1|1|1|1|1|1|1|1|1|1|1|1|1|1|1|1|1|1|1|1|1|1|1|1|1|0,6|0,6|0,6|0,6|0,6|0,6|1|1|1|1|1|1|1|1|1|1|1|1|1|1|1|1|1|1|1|1|1|1|1|1|1|1|1|1|1|1|4,3,6|1|1|1|1|1|1|1|1|1|1|1|1|1|1|1|1,3|1|1|1|1|1|1|1|1|1|1|1|1|1|1|1|1|1|1|1|1|1|1|1|1|1|1|1|1|1|1|1|1|1|1|1|1|1|1|1|1|1|1|1|1|1|1|1|1|1|1|1|1|1|1|1|1|1|1|1|1|1|1,3|1|1|1|1|1|1|1|1|1|1|1|1|1|1|1|1,4,3|1|1|1|1|1|1|1|1|1|1|1|1|1|1|1|1|1|1|1|1|1|1|1|1|1|1|1|1|1|1|1|1|1|1|1|1|1|1|1|1|1|1|1|1|1|1|1|1|1|1|1|1|1|1|1|1|1|1|1|1|1|1,4,3|1|1|1|1|1|

