HR_C01: 626,1439,152,35
HR_A02: 783,2881,48,35
HR_A06: 565,2902,216,52
HR_A07: 759,2906,66,49
HR_AP01: 820,1454,56,112
HR_S02: 880,2951,48,35
HR_LCA: 704,1542,126,92
HR_A03: 671,3055,48,35
HR_A05: 839,1532,126,112
HR_COL: 913,3119,48,35
HR_A04: 601,1549,60,122
HR_US1: 602,1685,48,35
HR_S1R: 535,1687,48,35
HR_A7R: 637,3156,106,92
HR_BR1: 737,3060,166,167
HR_IN1: 769,1797,101,39
HR_BI01: 630,1803,126,42
HR_SHR: 571,1810,48,35
HR_BI02: 664,1852,61,49
HR_TP1: 664,3337,66,39
HR_B03: 720,3331,126,86
HR_CT1: 680,1978,48,35
HR_B02: 674,3441,61,72
HR_S11: 679,2011,48,35
HR_TER: 854,3334,216,35
HR_B01: 207,3331,466,44
HR_hrce: 23,3374,182,94
HR_gbfi: 1074,3339,324,62
HR_A16: 63,2033,48,35
HR_A17: 15,2060,48,35
HR_S04: 130,2020,48,35
HR_A18: 111,2059,48,35
HR_C02: 10,3490,168,35
HR_L07: 63,3530,48,112
HR_L08: 62,3666,48,72
HR_S06: 92,3747,48,35
HR_B05: 34,2320,54,78
HR_C14: 88,2300,49,121
HR_A14: 39,3832,48,35
HR_A25: 43,2429,54,35
HR_L02: 570,2228,69,191
HR_E04: 307,2378,263,35
HR_L03: 262,3784,48,72
HR_L04: 213,2377,48,35
HR_S12: 254,2358,48,35
HR_A08: 145,2432,48,35
HR_L05: 212,3775,48,35
HR_L06: 147,3606,48,184
HR_H01: 207,3678,362,35
HR_M06: 516,3604,48,72
HR_M05: 856,3604,48,72
HR_J02: 580,3525,254,78
HR_I01: 631,3627,154,110
HR_S05: 789,2197,48,35
HR_S03: 1400,1947,48,35
HR_R05: 1355,1964,48,35
HR_R07: 1355,3422,48,106
HR_R01: 1298,3398,48,72
HR_R04: 1245,3463,48,72
HR_R06: 1300,2107,48,35
HR_R11: 1271,3573,48,35
HR_S01: 1296,3614,48,35
HR_R13: 1325,3582,48,35
HR_B14: 1387,3584,105,35
HR_R08: 1360,2119,48,35
HR_R10: 1416,2123,96,35
HR_R12: 1501,3582,48,35
HR_R16: 1485,3626,108,149
HR_R17: 1383,2252,101,35
HR_R18: 1373,2305,101,35
HR_R03: 1069,2279,48,112
HR_S10: 1023,2350,48,35
HR_R14: 1135,2354,197,35
HR_R15: 1321,2288,48,72
HR_C09: 1331,2146,54,120
HR_R09: 1217,3584,48,117
HR_R02: 866,3678,352,35
HR_M01: 789,855,48,72
HR_M02: 692,894,48,35
HR_M03: 671,948,70,112
HR_M04: 631,1062,151,187
HR_LAYERS_OF_REALITY: 1549,949,48,35
HR_AI: 684,2564,48,42
HR_FINAL: 672,2626,70,222
