Pièce : SS_A09
taille : 48x35
################################################
################################################
###-------------#####################=##=##=####
###.............##=##=###############.##.##.####
###.............##.##.###############.##.##.####
##..............##.##.###############.##.##.####
##.........................########...........##
##.........................########...........##
##.........................########...........##
#..........................########.........####
#..........................########.......######
#..........................########.......######
#.......----#----------##--########--#-----#####
#..........................########.......######
#..........................########.......######
#.................--#------########-#------#####
#.........................................######
#.........................................######
#...........................................####
##............................................##
##............................................##
##............................................##
##............................................##
##.............................|..............##
##..|..........................|........|.....##
##..|.|.....................|..|.....|..|.....##
##..|.|.....................|..|..|..|..|..|..##
#########.##...............##########+##+##+####
#########.##...............##########.##.##.####
#########.##...............##########.##.##.####
#########.##...............##########.##.##.####
#########..+--#------------+..........##.##.####
########################################.##.####
########################################=##=####
################################################
(1,9),(1,19)|(2,5),(2,9)|(2,19),(2,27)|(3,2),(3,5)|(9,27),(9,32)|(10,27),(10,31)|(12,12),(12,13)|(12,27),(12,31)|(13,12),(13,13)|(14,31),(14,32)|(15,31),(15,32)|(16,2),(16,6)|(18,3),(18,6)|(19,3),(19,6)|(20,15),(20,16)|(21,3),(21,6)|(21,15),(21,16)|(22,3),(22,6)|(23,12),(23,13)|(25,12),(25,13)|(27,6),(27,16)|(27,27),(27,31)|(35,6),(35,16)|(36,15),(36,16)|(37,2),(37,6)|(37,12),(37,13)|(37,15),(37,16)|(37,27),(37,31)|(38,2),(38,6)|(38,12),(38,13)|(38,27),(38,32)|(40,2),(40,6)|(40,27),(40,34)|(41,2),(41,6)|(41,27),(41,34)|(42,10),(42,12)|(42,13),(42,15)|(42,16),(42,18)|(43,2),(43,6)|(43,12),(43,13)|(43,15),(43,16)|(43,27),(43,34)|(44,2),(44,6)|(44,9),(44,10)|(44,18),(44,19)|(44,27),(44,34)|(46,6),(46,9)|(46,19),(46,27)|
(3,3),(16,2)|(37,37),(38,2)|(40,40),(41,2)|(43,43),(44,2)|(18,18),(19,3)|(21,21),(22,3)|(2,2),(3,5)|(16,16),(18,6)|(19,19),(21,6)|(22,22),(27,6)|(35,35),(37,6)|(38,38),(40,6)|(41,41),(43,6)|(44,44),(46,6)|(1,1),(2,9)|(44,44),(46,9)|(42,42),(44,10)|(12,12),(13,12)|(23,23),(25,12)|(37,37),(38,12)|(42,42),(43,12)|(12,12),(13,13)|(23,23),(25,13)|(37,37),(38,13)|(42,42),(43,13)|(20,20),(21,15)|(36,36),(37,15)|(42,42),(43,15)|(20,20),(21,16)|(27,27),(35,16)|(36,36),(37,16)|(42,42),(43,16)|(42,42),(44,18)|(1,1),(2,19)|(44,44),(46,19)|(2,2),(9,27)|(10,10),(12,27)|(27,27),(37,27)|(38,38),(40,27)|(41,41),(43,27)|(44,44),(46,27)|(10,10),(12,31)|(14,14),(15,31)|(27,27),(37,31)|(9,9),(14,32)|(15,15),(38,32)|(40,40),(41,34)|(43,43),(44,34)|


(4.5,24),(4.5,27)|(6.5,25),(6.5,27)|(28.5,25),(28.5,27)|(31.5,23),(31.5,27)|(34.5,26),(34.5,27)|(37.5,25),(40.5,24)|
(3,2.5),(8,12.5)|(12,12.5),(13,12.5)|(14,31.5),(15,31.5)|(16,2.5),(18,15.5)|(20,15.5),(21,15.5)|(23,12.5),(25,12.5)|(27,12.5),(27,15.5)|(35,12.5),(35,15.5)|(36,15.5),(37,12.5)|(37,15.5),(38,12.5)|(43,12.5),(43,15.5)|
end file : SS_A09