Pièce : SS_A19
taille : 48x35
################################################
################################################
################################################
################################################
################################################
################################################
#####..#####......#...............|....#########
#####..#####......................|....#########
####/..#####......................|....#########
###/...#####.....................###...#########
###......|....................##################
###......|....................##################
####.....#.............................=########
###......|....................##################
###......|....................##################
####.....#.............................=########
###......|....................##################
###......|....................##################
####.....#.............................=########
###......|....................##################
###......|....................##################
####.....|.............................=########
###......|....................##################
###/.....|.....####...####....##################
####/....|....#####...####.......###...#########
#####....|.....####...#####.......|....#########
#####..##H##...####...####........|...##########
#####..##=##...####...####........|....#########
################################################
################################################
################################################
################################################
################################################
################################################
################################################
7,6|12,6|19,6|18,6|39,6|19,7|18,7|5,8|3,10|7,10|12,10|33,9|36,9|30,10|33,10|36,10|39,10|30,12|3,13|3,12|4,13|4,12|30,13|30,15|3,16|3,15|4,16|4,15|30,16|30,18|3,19|3,18|4,19|4,18|30,19|30,21|3,22|3,21|4,22|4,21|30,22|3,23|15,23|19,23|22,23|26,23|30,24|33,24|36,24|39,24|5,25|14,25|14,24|15,25|15,24|33,25|36,25|26,26|26,25|27,26|27,25|7,26|12,26|38,27|38,26|39,27|39,26|5,28|7,28|12,28|15,28|19,28|22,28|26,28|39,28|