Pièce : SS_A03
taille : 48x35
################################################
#############---------------------------------+#
##########..........................#########.|#
##########..........................#########.|#
##|##|####..........................#########.|#
##|##|####..........................#########.|#
##|..|..|.....................................|#
##|..|..|.....................................|#
##|..#..|.....................................|#
##|..|..|.....................................|#
##|..|..#............./#/.....................|#
##|..|..|........../#.###.#/..................|#
###..|..|........./#########/..............|..|#
###..|..|.........###########..............|..|#
##|..|..|..........#########...............|..|#
##|..|..|......../###########/.............||.|#
##...|...........#############.........|...#|.|#
##...|.........../###########/.........|...#|.|#
##...|.............#########...........|...++.|#
##...|............###########..........|...|..|#
##...|............/#########/..........|...|..|#
##...|............./#.###.#/...........|...|..##
##...|................/#/..............|...|..##
###--+-................................|...|..|#
##...|.................................#...|..|#
##...|.................................#...#..|#
##.#####...............................|...|..|#
##.#####..................|............|...|..|#
##.#####..................|.........#######|##|#
##.#####..............|...|.........#######|##|#
##.#####..............|...|.........#######|##|#
##.#####.............-+---+--------########=##=#
##...|................|...#.........############
#####+----------------+--####------#############
################################################
2,23|2,24|2,33|3,26|3,32|8,26|8,32|10,2|10,6|17,16|17,17|18,13|18,14|18,15|18,18|18,19|18,20|19,14|19,15|19,18|19,19|20,11|20,22|21,11|21,12|21,21|21,22|22,11|22,12|22,21|22,22|23,10|23,23|24,10|24,23|25,11|25,12|25,21|25,22|26,11|26,12|26,21|26,22|26,33|27,11|27,22|27,33|28,14|28,15|28,18|28,19|29,13|29,14|29,15|29,18|29,19|29,20|30,16|30,17|36,6|36,28|36,31|36,32|36,33|43,32|44,32|45,6|46,32|47,32|
(2,23),(2,24)|(2,33),(3,26)|(3,32),(8,26)|(8,32),(10,2)|(10,6),(17,16)|(17,17),(18,13)|(18,14),(18,15)|(18,18),(18,19)|(18,20),(19,14)|(19,15),(19,18)|(19,19),(20,11)|(20,22),(21,11)|(21,12),(21,21)|(21,22),(22,11)|(22,12),(22,21)|(22,22),(23,10)|(23,23),(24,10)|(24,23),(25,11)|(25,12),(25,21)|(25,22),(26,11)|(26,12),(26,21)|(26,22),(26,33)|(27,11),(27,22)|(27,33),(28,14)|(28,15),(28,18)|(28,19),(29,13)|(29,14),(29,15)|(29,18),(29,19)|(29,20),(30,16)|(30,17),(36,6)|(36,28),(36,31)|(36,32),(36,33)|(43,32),(44,32)|(45,6),(46,32)|
(10,2),(10,6)|(36,6),(45,6)|(23,10),(24,10)|(20,11),(21,11)|(22,11),(25,11)|(26,11),(27,11)|(21,12),(22,12)|(25,12),(26,12)|(18,13),(29,13)|(18,14),(19,14)|(28,14),(29,14)|(18,15),(19,15)|(28,15),(29,15)|(17,16),(30,16)|(17,17),(30,17)|(18,18),(19,18)|(28,18),(29,18)|(18,19),(19,19)|(28,19),(29,19)|(18,20),(29,20)|(21,21),(22,21)|(25,21),(26,21)|(20,22),(21,22)|(22,22),(25,22)|(26,22),(27,22)|(2,23),(23,23)|(24,23),(2,24)|(3,26),(8,26)|(36,28),(36,31)|(3,32),(8,32)|(36,32),(43,32)|(44,32),(46,32)|(47,32),(2,33)|(26,33),(27,33)|