Pièce : SS_A18
taille : 48x35
################################################
################################################
################################################
##########=#####################################
##########.#####################################
##########.#####################################
##########..####################################
#########...####################################
#########...####################################
#########...####################################
#########.|.####################################
#########.|..###################################
########..|..###################################
####=.....|................................=####
##########+#####################################
##########.#####################################
##########.##########......................=####
##########.##########.##########################
##########.#########...#########################
##########.#########...#########################
##########.#########....########################
##########.#########....########################
##########.########......#######################
##########.########......#######################
##########.########......#######################
####=.............+---..########################
##########.########.....########################
##########.########....#########################
##########.#########...#########################
##########.##########.##########################
##########=##########=##########################
################################################
################################################
################################################
################################################
(4,13),(4,14)|(4,25),(4,26)|(8,12),(8,13)|(9,7),(9,12)|(10,3),(10,7)|(10,14),(10,25)|(10,26),(10,31)|(11,3),(11,6)|(11,14),(11,25)|(11,26),(11,31)|(12,6),(12,11)|(13,11),(13,13)|(19,22),(19,25)|(19,26),(19,28)|(20,18),(20,22)|(20,28),(20,29)|(21,16),(21,18)|(21,29),(21,31)|(22,17),(22,18)|(22,29),(22,31)|(23,18),(23,20)|(23,27),(23,29)|(24,20),(24,22)|(24,25),(24,27)|(25,22),(25,25)|(44,13),(44,14)|(44,16),(44,17)|
(10,10),(11,3)|(11,11),(12,6)|(9,9),(10,7)|(12,12),(13,11)|(8,8),(9,12)|(4,4),(8,13)|(13,13),(44,13)|(4,4),(10,14)|(11,11),(44,14)|(21,21),(44,16)|(22,22),(44,17)|(20,20),(21,18)|(22,22),(23,18)|(23,23),(24,20)|(19,19),(20,22)|(24,24),(25,22)|(4,4),(10,25)|(11,11),(19,25)|(24,24),(25,25)|(4,4),(10,26)|(11,11),(19,26)|(23,23),(24,27)|(19,19),(20,28)|(20,20),(21,29)|(22,22),(23,29)|(10,10),(11,31)|(21,21),(22,31)|




end file : SS_A18