Pièce : SS_A11
taille : 48x35
################################################
################################################
#######################=########################
#################.#..##.##..#.##################
#################.#..##.##..#.##################
#################.#..##+##..#.##################
#################......|....#.##################
#################......|......##################
#################......|......##################
################|......|......##################
################|......|......##################
################|......|......##################
################|......|......##################
#################......|......##################
#################.....##......##################
#################.....##......##################
#################.....##......|#################
#################......|......|#################
#################......|......|#################
#################......|......|#################
#################......|......##################
#################......|......##################
#################......|......##################
#################......|......##################
#################......|......##################
#################......|......##################
#################......|....#.##################
#################......|....#.##################
#################.#....|....#.##################
#################.#../#+#/..#.##################
#################.#./##.##/.#.##################
#######################.########################
#######################=########################
################################################
################################################
(16,9),(16,13)|(17,3),(17,9)|(17,13),(17,31)|(18,3),(18,6)|(18,28),(18,31)|(19,3),(19,6)|(19,28),(19,31)|(21,3),(21,6)|(22,14),(22,17)|(23,2),(23,6)|(23,29),(23,33)|(24,2),(24,6)|(24,14),(24,17)|(24,29),(24,33)|(26,3),(26,6)|(28,3),(28,7)|(28,26),(28,31)|(29,3),(29,7)|(29,26),(29,31)|(30,3),(30,16)|(30,20),(30,31)|(31,16),(31,20)|
(23,23),(24,2)|(17,17),(18,3)|(19,19),(21,3)|(26,26),(28,3)|(29,29),(30,3)|(18,18),(19,6)|(21,21),(23,6)|(24,24),(26,6)|(28,28),(29,7)|(16,16),(17,9)|(16,16),(17,13)|(22,22),(24,14)|(30,30),(31,16)|(22,22),(24,17)|(30,30),(31,20)|(28,28),(29,26)|(18,18),(19,28)|(23,23),(24,29)|(17,17),(18,31)|(19,19),(28,31)|(29,29),(30,31)|(23,23),(24,33)|
(25,29),(27,31)|
(20,31),(22,29)|
(16.5,9),(16.5,13)|(23.5,14),(23.5,17)|(30.5,16),(30.5,20)|

end file : SS_A11