Pièce : SS_A14
taille : 48x35
################################################
################################################
###########...........##########..........######
###########...........#####=#=##-----------=####
####.|..|.............#####|#|##..........######
####.|..|..................|.|............######
####.|..|..................|.|............######
####.####.................................|..|.#
####.####.................................|..|.#
####.####.................................|..|.#
####.####.................................|..|.#
####.####.................................|..|.#
####.####.................................|..|.#
####.####.................................|..|.#
####.####.................................|..|.#
####.####.................................|..|.#
####.####.................................####.#
####.|..|.................................####.#
####.|..|.................................####.#
####.|..|.................................####.#
####.|..|.................................####.#
####.|..|.................................####.#
####.|..|.................................####.#
####.|..|.................................|..|.#
####.|..|.................................|..|.#
####.|..|.................................|..|.#
####.|..|.................................|..|.#
####.|..|.................................|..|.#
####.|..|...............|.|...............|..|.#
##########..............|.|...............######
##########............##|#|#####..........######
########=-------------##|#|#####...........=####
##########............##=#=#####..........######
################################################
################################################
(4,4),(4,29)|(5,7),(5,17)|(8,31),(8,32)|(9,7),(9,17)|(10,29),(10,31)|(10,32),(10,33)|(11,2),(11,4)|(22,2),(22,5)|(22,30),(22,33)|(24,30),(24,33)|(25,30),(25,33)|(26,30),(26,33)|(27,3),(27,5)|(27,30),(27,33)|(28,3),(28,5)|(29,3),(29,5)|(30,3),(30,5)|(32,2),(32,5)|(32,30),(32,33)|(42,2),(42,3)|(42,4),(42,7)|(42,16),(42,23)|(42,29),(42,31)|(42,32),(42,33)|(44,3),(44,4)|(44,31),(44,32)|(46,16),(46,23)|(47,7),(47,29)|
(11,2),(22,2)|(32,2),(42,2)|(27,3),(28,3)|(29,3),(30,3)|(42,3),(44,3)|(4,4),(11,4)|(42,4),(44,4)|(22,5),(27,5)|(28,5),(29,5)|(30,5),(32,5)|(5,7),(9,7)|(42,7),(47,7)|(42,16),(46,16)|(5,17),(9,17)|(42,23),(46,23)|(4,29),(10,29)|(42,29),(47,29)|(22,30),(24,30)|(25,30),(26,30)|(27,30),(32,30)|(8,31),(10,31)|(42,31),(44,31)|(8,32),(10,32)|(42,32),(44,32)|(10,33),(22,33)|(24,33),(25,33)|(26,33),(27,33)|(32,33),(42,33)|


(5.5,4),(5.5,7)|(5.5,17),(5.5,29)|(8.5,4),(8.5,7)|(8.5,17),(8.5,29)|(24.5,28),(24.5,32)|(26.5,28),(26.5,32)|(27.5,4),(27.5,7)|(29.5,4),(29.5,7)|(42.5,7),(42.5,16)|(42.5,23),(42.5,29)|(45.5,7),(45.5,16)|(45.5,23),(45.5,29)|
(9,31.5),(22,31.5)|(32,3.5),(43,3.5)|
end file : SS_A14