Pièce : SS_A08
taille : 48x35
################################################
################################################
################################################
################################################
######################################=#########
######################################.#########
######################################.#########
######################################.#########
######################################.#########
######################################.#########
######################################.#########
######################################.#########
######################################.#########
######################################.#########
######################################.#########
###########............................#########
###########.##############.#####################
###########.##############.#####################
###########.##############.#####################
###########.##############.#####################
###########.##############.#####################
###=................######..............=#######
###############.##########.###.#################
###############.##########.###.#################
###############.##########.###.#################
###############.##########.###.#################
###############................#################
################################################
################################################
################################################
################################################
################################################
################################################
################################################
################################################
(3,21),(3,22)|(11,15),(11,21)|(12,16),(12,21)|(15,22),(15,27)|(16,22),(16,26)|(20,21),(20,22)|(26,16),(26,26)|(27,16),(27,21)|(27,22),(27,26)|(30,22),(30,26)|(31,22),(31,27)|(38,4),(38,15)|(39,4),(39,16)|(41,21),(41,22)|
(38,38),(39,4)|(11,11),(38,15)|(12,12),(26,16)|(27,27),(39,16)|(3,3),(11,21)|(12,12),(20,21)|(27,27),(41,21)|(3,3),(15,22)|(16,16),(20,22)|(27,27),(30,22)|(31,31),(41,22)|(16,16),(26,26)|(27,27),(30,26)|(15,15),(31,27)|




end file : SS_A08