Pièce : SS_A04
taille : 48x35
################################################
###########.......................|......|.....#
###########.......................|......|.....#
##=########.......................|......|.....#
##.########....................#############...#
##.########--------------------#############---#
##.########....................#############...#
#...#######....................#############...#
#...#######....................#############...#
#...#######....................#############...#
#...#######.../###/../###/.....#############...#
#...#######...############.....#############...#
#---#######---############-----#############---#
#...#######...############.....#############...#
#...#######.../##########/........|......|.....#
#......|.......##########................|.....#
#......|.......##########................|.....#
#......|.......##########................|.....#
#......|.......##########................|...###
#.|....|.......##########................|...###
#.|....|.......##########................|...###
#.|....|.......##########................|.....#
#.#....|.......##########................|.....#
#.|....|.......##########................|.....#
#.|....|.......##########................|.....#
#####..|.......##########.........|......|.....#
#####..|.......##########.........|......|.....#
#####..|....../##########/........|.....########
#####..|......############........|.....########
#####..|......############........|..........=##
#####--+------############........|.....########
#####..|......############.......###....########
#####..##.....############.......###.........=##
#####--##-----############-------###....########
################################################
1,7|1,25|2,3|2,7|3,3|3,7|4,7|4,15|5,25|9,32|11,1|11,15|31,4|31,14|33,31|36,31|36,34|40,27|40,29|40,30|40,32|40,33|40,34|44,4|44,14|45,18|45,21|46,29|46,30|46,32|46,33|47,1|47,18|47,21|47,27|
(1,7),(1,25)|(2,3),(2,7)|(3,3),(3,7)|(4,7),(4,15)|(5,25),(9,32)|(11,1),(11,15)|(31,4),(31,14)|(33,31),(36,31)|(36,34),(40,27)|(40,29),(40,30)|(40,32),(40,33)|(40,34),(44,4)|(44,14),(45,18)|(45,21),(46,29)|(46,30),(46,32)|(46,33),(47,1)|(47,18),(47,21)|
(11,1),(47,1)|(2,3),(3,3)|(31,4),(44,4)|(1,7),(2,7)|(3,7),(4,7)|(31,14),(44,14)|(4,15),(11,15)|(45,18),(47,18)|(45,21),(47,21)|(1,25),(5,25)|(40,27),(47,27)|(40,29),(46,29)|(40,30),(46,30)|(33,31),(36,31)|(9,32),(40,32)|(46,32),(40,33)|(46,33),(36,34)|