Pièce : SS_B01
taille : 48x78
################################################
################################################
################################################
###########################---------###-----####
#########............................|........##
##########-------#----...............|........##
###..................................|........##
###..................................|........##
###..................................|........##
###..................................|........##
###..................................|........##
###..................................|........##
#####................................|.#...#####
###=-----------------------------########---=###
#####............................########..#####
#####............................########..#####
###=-----------------------------########---=###
#####................................|.....#####
#####................................|.....#####
#####................................|.....#####
###..................................|........##
###..................................|........##
###..................................|........##
###..................................#........##
###.................................#####.######
###.....................|...........#####.######
###.....................|...........#####.######
###.....................|.......|...#####.######
###.....................|.......|...#####.######
###.....................|.......|...#####.######
###..................###+###.###+########.######
######----#---------####.###.###.########.######
###..................###.###.###.########.######
########################.###.###.########.######
########################.###.###.########.######
########################.###.###.########.######
########################.###.###.########.######
########################.###.###.########.######
########################.###.###.########.######
########################.###.###.########.######
########################.###.###.########.######
########################.###.###.########.######
#################........###.###..........######
#################.##########.############.######
#################.##########.############.######
#################.##########.############.######
#################.##########.############.######
#################.##########.############.######
#################.##########.############.######
###=......................................######
#################.######.###.###################
#################.######.###.###################
#################.######.###.###################
#################.######.###.###################
#################.######.###.###################
#################.######.###.###################
#################.######.###.###################
#################.######.###.###################
#################...=###.###.#########=...######
########################.###.############.######
########################.###.############.######
########################.###..............######
########################.################.######
########################.################.######
########################.################.######
########################..................######
#########################################.######
#########################################.######
#########################################.######
#########################################.######
#########################################.######
#########################################.######
#########################################=######
################################################
################################################
################################################
################################################
################################################
(3,6),(3,12)|(3,13),(3,14)|(3,16),(3,17)|(3,20),(3,31)|(3,32),(3,33)|(3,49),(3,50)|(5,12),(5,13)|(5,14),(5,16)|(5,17),(5,20)|(6,31),(6,32)|(9,4),(9,5)|(10,5),(10,6)|(10,31),(10,32)|(11,31),(11,32)|(17,5),(17,6)|(17,42),(17,49)|(17,50),(17,59)|(18,5),(18,6)|(18,43),(18,49)|(18,50),(18,58)|(20,31),(20,32)|(21,30),(21,31)|(21,32),(21,33)|(21,58),(21,59)|(24,30),(24,42)|(24,50),(24,66)|(25,30),(25,43)|(25,50),(25,65)|(27,3),(27,4)|(28,30),(28,49)|(28,50),(28,62)|(29,30),(29,49)|(29,50),(29,61)|(32,30),(32,43)|(33,13),(33,17)|(33,30),(33,42)|(36,3),(36,4)|(36,24),(36,30)|(37,23),(37,24)|(38,23),(38,24)|(38,58),(38,59)|(39,3),(39,4)|(39,12),(39,13)|(40,12),(40,13)|(41,13),(41,17)|(41,24),(41,42)|(41,43),(41,49)|(41,59),(41,61)|(41,62),(41,65)|(41,66),(41,73)|(42,24),(42,50)|(42,58),(42,73)|(43,12),(43,13)|(43,14),(43,16)|(43,17),(43,20)|(44,3),(44,4)|(45,13),(45,14)|(45,16),(45,17)|(46,4),(46,12)|(46,20),(46,24)|
(27,27),(36,3)|(39,39),(44,3)|(9,9),(27,4)|(36,36),(39,4)|(44,44),(46,4)|(9,9),(10,5)|(17,17),(18,5)|(3,3),(10,6)|(17,17),(18,6)|(3,3),(5,12)|(39,39),(40,12)|(43,43),(46,12)|(3,3),(5,13)|(33,33),(39,13)|(40,40),(41,13)|(43,43),(45,13)|(3,3),(5,14)|(43,43),(45,14)|(3,3),(5,16)|(43,43),(45,16)|(3,3),(5,17)|(33,33),(41,17)|(43,43),(45,17)|(3,3),(5,20)|(43,43),(46,20)|(37,37),(38,23)|(36,36),(37,24)|(38,38),(41,24)|(42,42),(46,24)|(21,21),(24,30)|(25,25),(28,30)|(29,29),(32,30)|(33,33),(36,30)|(3,3),(6,31)|(10,10),(11,31)|(20,20),(21,31)|(3,3),(6,32)|(10,10),(11,32)|(20,20),(21,32)|(3,3),(21,33)|(17,17),(24,42)|(33,33),(41,42)|(18,18),(25,43)|(32,32),(41,43)|(3,3),(17,49)|(18,18),(28,49)|(29,29),(41,49)|(3,3),(17,50)|(18,18),(24,50)|(25,25),(28,50)|(29,29),(42,50)|(18,18),(21,58)|(38,38),(42,58)|(17,17),(21,59)|(38,38),(41,59)|(29,29),(41,61)|(28,28),(41,62)|(25,25),(41,65)|(24,24),(41,66)|(41,41),(42,73)|


(24.5,25),(32.5,27)|(37.5,4),(37.5,13)|(37.5,17),(37.5,23)|
(4,13.5),(4,16.5)|(6,31.5),(10,5.5)|(10,31.5),(11,31.5)|(17,5.5),(18,5.5)|(20,31.5),(22,5.5)|(27,3.5),(33,13.5)|(33,16.5),(36,3.5)|(39,3.5),(41,13.5)|(41,16.5),(44,3.5)|(44,13.5),(44,16.5)|
end file : SS_B01