Pièce : SS_B05
taille : 104x35
########################################################################################################
#################################################################.######################################
#################################################################.##########=###########################
#########################.#######################################.##########.###########################
#########################.#######################################.##########.###########################
#########################.#######.###############################.##########.###########################
#########################.#######.###############################.##########.######.............=#######
#########################.#######.###############################.##########.######.####################
#########################....=###.###=.......................####.##########.######.####################
#########################.#######.##########################.####.##########.######.####################
#########################.#######.##########################.####.##########.######.####################
#########################.#######.##########################.####.##########.######.####################
####=.............#######...........................=#######.####.###=.......######.####################
#################.#######.#######.##########################.####.#################.####################
#################.#######.#######.##########################.####.#################.####################
#################.#######.#######.##########################.####.#################.####################
#################.#######.#######.##########################.####.......####.######.####################
#################.........#######.##########################.##########.####.######.####################
#################.#######.#######.##########################.##########.####.######.####################
#################.#######.#######.##########################.##########.####.######.####################
#################.#######.#######.##########################.##########.####.######.####################
#################.#######.#######.##########################.##########.####.######.####################
#################.#######.#######.##########################.##########.####.######.####################
#################.#######.#######.##########################................................############
#################.#######.#######################################.##########.###########################
#########################.#######################################.##########.###########################
#########################.#######################################.##########.###########################
#########################.#######################################.##########.###########################
#################################################################.##########.###########################
#################################################################.##########.###########################
#################################################################.##########.###########################
#################################################################.######################################
########################################################################################################
########################################################################################################
########################################################################################################
(4,12),(4,13)|(17,13),(17,25)|(18,12),(18,17)|(18,18),(18,25)|(25,3),(25,17)|(25,18),(25,28)|(26,3),(26,8)|(26,9),(26,12)|(26,13),(26,28)|(30,8),(30,9)|(33,5),(33,12)|(33,13),(33,24)|(34,5),(34,12)|(34,13),(34,24)|(37,8),(37,9)|(53,12),(53,13)|(60,9),(60,24)|(61,8),(61,23)|(65,1),(65,17)|(65,24),(65,32)|(66,1),(66,16)|(66,24),(66,32)|(69,12),(69,13)|(71,17),(71,23)|(72,16),(72,23)|(76,2),(76,12)|(76,16),(76,23)|(76,24),(76,31)|(77,2),(77,13)|(77,16),(77,23)|(77,24),(77,31)|(83,6),(83,23)|(84,7),(84,23)|(92,23),(92,24)|(97,6),(97,7)|
(65,65),(66,1)|(76,76),(77,2)|(25,25),(26,3)|(33,33),(34,5)|(83,83),(97,6)|(84,84),(97,7)|(26,26),(30,8)|(37,37),(61,8)|(26,26),(30,9)|(37,37),(60,9)|(4,4),(18,12)|(26,26),(33,12)|(34,34),(53,12)|(69,69),(76,12)|(4,4),(17,13)|(26,26),(33,13)|(34,34),(53,13)|(69,69),(77,13)|(66,66),(72,16)|(76,76),(77,16)|(18,18),(25,17)|(65,65),(71,17)|(18,18),(25,18)|(61,61),(71,23)|(72,72),(76,23)|(77,77),(83,23)|(84,84),(92,23)|(33,33),(34,24)|(60,60),(65,24)|(66,66),(76,24)|(77,77),(92,24)|(17,17),(18,25)|(25,25),(26,28)|(76,76),(77,31)|(65,65),(66,32)|




end file : SS_B05