Pièce : SS_C07
taille : 152x35
########################################################################################################################################################
########################################################################################################################################################
########################################################################################################################################################
########################################################################################################################################################
########################################################################################################################################################
########################################################################################################################################################
########################################################################################################################################################
########################################################################################################################################################
#####.....----###-----....................................----####----................................---####---............................############
#####.........................................................................................................................................|.########
######------..................................................................................................................................|.########
#####........................................................................................................................................###########
#######......................................................................................................................................###########
###########..................................................................................................................................###########
###############----##---.....................................................................................................................###########
###########.|.................................................................................................................................|.########
####=.......|.................................................................................................................................|.########
###########.|.................................................................................................................................|....=####
##############---.............................................................................................................................|.########
###########...................................................................................................................................|.########
#######......................................................................................................................................###########
#####........................................................................................................................................###########
######---.....................................................................................................................................##########
#####.........................................................................................................................................##########
#####.........................................................................................................................................|.########
#####............................----####----.................................----####----............................---####---..............|.########
########/............../################################################################################################################################
########################################################################################################################################################
########################################################################################################################################################
########################################################################################################################################################
########################################################################################################################################################
########################################################################################################################################################
########################################################################################################################################################
########################################################################################################################################################
########################################################################################################################################################
(4,16),(4,17)|(5,8),(5,10)|(5,11),(5,12)|(5,21),(5,22)|(5,23),(5,26)|(6,10),(6,11)|(6,22),(6,23)|(7,12),(7,13)|(7,20),(7,21)|(11,13),(11,14)|(11,15),(11,16)|(11,17),(11,18)|(11,19),(11,20)|(14,8),(14,9)|(14,18),(14,19)|(15,14),(15,15)|(17,8),(17,9)|(19,14),(19,15)|(21,14),(21,15)|(37,25),(37,26)|(41,25),(41,26)|(62,8),(62,9)|(66,8),(66,9)|(82,25),(82,26)|(86,25),(86,26)|(105,8),(105,9)|(109,8),(109,9)|(121,25),(121,26)|(125,25),(125,26)|(140,8),(140,9)|(141,11),(141,15)|(141,20),(141,22)|(142,22),(142,24)|(144,9),(144,11)|(144,15),(144,17)|(144,18),(144,20)|(144,24),(144,26)|(148,17),(148,18)|
(5,5),(14,8)|(17,17),(62,8)|(66,66),(105,8)|(109,109),(140,8)|(14,14),(17,9)|(62,62),(66,9)|(105,105),(109,9)|(140,140),(144,9)|(5,5),(6,10)|(5,5),(6,11)|(141,141),(144,11)|(5,5),(7,12)|(7,7),(11,13)|(11,11),(15,14)|(19,19),(21,14)|(11,11),(15,15)|(19,19),(21,15)|(141,141),(144,15)|(4,4),(11,16)|(4,4),(11,17)|(144,144),(148,17)|(11,11),(14,18)|(144,144),(148,18)|(11,11),(14,19)|(7,7),(11,20)|(141,141),(144,20)|(5,5),(7,21)|(5,5),(6,22)|(141,141),(142,22)|(5,5),(6,23)|(142,142),(144,24)|(37,37),(41,25)|(82,82),(86,25)|(121,121),(125,25)|(5,5),(37,26)|(41,41),(82,26)|(86,86),(121,26)|(125,125),(144,26)|
(8,26),(9,27)|
(23,27),(24,26)|
(12.5,15),(12.5,18)|(142.5,9),(142.5,11)|(142.5,15),(142.5,20)|(142.5,24),(142.5,26)|
(6,10.5),(6,22.5)|(9,22.5),(10,8.5)|(12,10.5),(14,8.5)|(14,18.5),(15,14.5)|(17,8.5),(17,18.5)|(19,14.5),(21,14.5)|(22,8.5),(24,14.5)|(33,25.5),(37,25.5)|(41,25.5),(45,25.5)|(58,8.5),(62,8.5)|(66,8.5),(70,8.5)|(78,25.5),(82,25.5)|(86,25.5),(90,25.5)|(102,8.5),(105,8.5)|(109,8.5),(112,8.5)|(118,25.5),(121,25.5)|(125,25.5),(128,25.5)|
end file : SS_C07