Pièce : SS_LAB10
taille : 48x35
################################################
################################################
###########.........############..........######
#########=--.......-#######.#.##-----------=####
###########...............................######
####.|..|.................................######
####.|..|.................................######
####.|..|.................................|..###
####.|..|.................................|..|##
####.|..|....................................|.#
####.|..|....................................|.#
####.|..|....................................|.#
####.|..|......................................#
####.|..|......................................#
####.|..|......................................#
####.|..|.....................................##
####.####.....................................##
####.####.....................................##
####.####.....................................##
####.####.....................................##
####.####.....................................##
####.####.....................................##
####.####......................................#
####.|.........................................#
####.|.........................................#
####.|.........................................#
####.|........................................##
####.|........................................##
####.|..|....................................###
##########................................######
##########..................###..........#######
########=---......--#############.......########
##########..........##############.....#########
################################################
################################################
4,5|4,29|8,31|8,32|9,3|9,4|9,23|10,29|10,33|11,2|11,5|20,2|20,33|27,3|27,4|28,3|28,4|28,30|28,31|29,3|29,4|30,3|30,4|31,30|31,31|32,2|33,31|33,32|34,32|34,33|39,32|39,33|40,31|40,32|41,30|41,31|42,2|42,29|42,30|44,3|44,4|45,7|45,28|45,29|46,15|46,22|46,26|46,28|47,9|47,15|47,22|47,26|
(4,5),(4,29)|(8,31),(8,32)|(9,3),(9,4)|(9,23),(10,29)|(10,33),(11,2)|(11,5),(20,2)|(20,33),(27,3)|(27,4),(28,3)|(28,4),(28,30)|(28,31),(29,3)|(29,4),(30,3)|(30,4),(31,30)|(31,31),(32,2)|(33,31),(33,32)|(34,32),(34,33)|(39,32),(39,33)|(40,31),(40,32)|(41,30),(41,31)|(42,2),(42,29)|(42,30),(44,3)|(44,4),(45,7)|(45,28),(45,29)|(46,15),(46,22)|(46,26),(46,28)|(47,9),(47,15)|(47,22),(47,26)|
(11,2),(20,2)|(32,2),(42,2)|(9,3),(27,3)|(28,3),(29,3)|(30,3),(44,3)|(9,4),(27,4)|(28,4),(29,4)|(30,4),(44,4)|(4,5),(11,5)|(45,7),(47,9)|(46,15),(47,15)|(46,22),(47,22)|(9,23),(46,26)|(47,26),(45,28)|(46,28),(4,29)|(10,29),(42,29)|(45,29),(28,30)|(31,30),(41,30)|(42,30),(8,31)|(28,31),(31,31)|(33,31),(40,31)|(41,31),(8,32)|(33,32),(34,32)|(39,32),(40,32)|(10,33),(20,33)|(34,33),(39,33)|