Pièce : SS_LAB1
taille : 48x35
################################################
################################################
###########.........############..........######
#########=----------#######=#=##-.......---=####
###########.........#######|#|##..........######
####.|..|..................|.|............######
####.|..|..................|.|............######
####.|..|.................................|..|.#
####.|..|.................................|..|.#
####.|..|.................................|..|.#
####.|..|.................................|..|.#
####.|..|.................................|..|.#
####.|..|.................................|..|.#
####.|..|.................................|..|.#
####.|..|.................................|..|.#
####.|..|.................................|..|.#
####.|..|.................................|..|.#
####.####.................................|..|.#
####.####.................................|..|.#
####.####.................................####.#
####.####.................................####.#
####.####.................................####.#
####.####.................................####.#
####.####.................................####.#
####.|..|.................................####.#
####.|..|.................................####.#
####.|..|.................................####.#
####.|..|.................................|..|.#
####.|..|...............|.|...............|..|.#
##########..............|.|...............######
##########..........####|#|#####..........######
########=--.......--####|#|#####-----------=####
##########..........####=#=#####..........######
################################################
################################################
(4,5),(4,29)|(5,17),(5,24)|(8,31),(8,32)|(9,3),(9,4)|(9,17),(9,24)|(10,29),(10,31)|(10,32),(10,33)|(11,2),(11,3)|(11,4),(11,5)|(20,2),(20,5)|(20,30),(20,33)|(24,30),(24,33)|(25,30),(25,33)|(26,30),(26,33)|(27,3),(27,5)|(27,30),(27,33)|(28,3),(28,5)|(29,3),(29,5)|(30,3),(30,5)|(32,2),(32,5)|(32,30),(32,33)|(42,2),(42,3)|(42,4),(42,7)|(42,19),(42,27)|(42,29),(42,31)|(42,32),(42,33)|(44,3),(44,4)|(44,31),(44,32)|(46,19),(46,27)|(47,7),(47,29)|
(11,11),(20,2)|(32,32),(42,2)|(9,9),(11,3)|(27,27),(28,3)|(29,29),(30,3)|(42,42),(44,3)|(9,9),(11,4)|(42,42),(44,4)|(4,4),(11,5)|(20,20),(27,5)|(28,28),(29,5)|(30,30),(32,5)|(42,42),(47,7)|(5,5),(9,17)|(42,42),(46,19)|(5,5),(9,24)|(42,42),(46,27)|(4,4),(10,29)|(42,42),(47,29)|(20,20),(24,30)|(25,25),(26,30)|(27,27),(32,30)|(8,8),(10,31)|(42,42),(44,31)|(8,8),(10,32)|(42,42),(44,32)|(10,10),(20,33)|(24,24),(25,33)|(26,26),(27,33)|(32,32),(42,33)|


(5.5,5),(5.5,17)|(5.5,24),(5.5,29)|(8.5,5),(8.5,17)|(8.5,24),(8.5,29)|(24.5,28),(24.5,32)|(26.5,28),(26.5,32)|(27.5,4),(27.5,7)|(29.5,4),(29.5,7)|(42.5,7),(42.5,19)|(42.5,27),(42.5,29)|(45.5,7),(45.5,19)|(45.5,27),(45.5,29)|
(9,31.5),(10,3.5)|(11,31.5),(18,31.5)|(20,3.5),(20,31.5)|(32,3.5),(32,31.5)|(33,3.5),(40,3.5)|(43,3.5),(43,31.5)|
end file : SS_LAB1