Pièce : SS_LAB5
taille : 48x35
################################################
################################################
###########......#######=#=########.......######
#########=---.....######|#|######.......---=####
###########.......###...|.|..##...........######
#######.|...............|.................######
#####|..|.................................######
#####|..|.................................|..###
####.|..|....................................|##
####.|..|....................................|##
####.|..|....................................|##
####.|..|....................................###
####.|..|....................................###
####.|..|....................................###
####.####....................................###
####.####....................................|##
####.####....................................|##
####.####....................................|##
####.####....................................|.#
####.|..|....................................|.#
####......................................|..|.#
####......................................####.#
####.....................................#####.#
####.....................................#####.#
#####....................................#####.#
#####....................................#####.#
######...................................#####.#
#######..................................#####.#
########..................|..............#|..|.#
##########................|...............######
##########........####..|.|..###..........######
########=--......#######|#|#######.......--=####
##########......########=#=##########.....######
################################################
################################################
(4,8),(4,24)|(5,6),(5,8)|(5,14),(5,19)|(5,24),(5,26)|(6,26),(6,27)|(7,5),(7,6)|(7,27),(7,28)|(8,28),(8,29)|(8,31),(8,32)|(9,3),(9,4)|(9,14),(9,19)|(10,29),(10,31)|(10,32),(10,33)|(11,2),(11,3)|(11,4),(11,5)|(16,32),(16,33)|(17,2),(17,3)|(17,31),(17,32)|(18,3),(18,5)|(18,30),(18,31)|(21,4),(21,5)|(22,30),(22,31)|(24,2),(24,4)|(24,31),(24,33)|(25,2),(25,4)|(25,31),(25,33)|(26,2),(26,4)|(26,31),(26,33)|(27,2),(27,4)|(27,31),(27,33)|(29,4),(29,5)|(29,30),(29,31)|(31,4),(31,5)|(32,30),(32,31)|(33,3),(33,4)|(34,31),(34,32)|(35,2),(35,3)|(37,32),(37,33)|(41,22),(41,29)|(42,2),(42,3)|(42,4),(42,7)|(42,21),(42,22)|(42,28),(42,31)|(42,32),(42,33)|(44,3),(44,4)|(44,31),(44,32)|(45,7),(45,8)|(45,11),(45,15)|(46,8),(46,11)|(46,15),(46,18)|(46,21),(46,28)|(47,18),(47,29)|
(11,11),(17,2)|(24,24),(25,2)|(26,26),(27,2)|(35,35),(42,2)|(9,9),(11,3)|(17,17),(18,3)|(33,33),(35,3)|(42,42),(44,3)|(9,9),(11,4)|(21,21),(24,4)|(25,25),(26,4)|(27,27),(29,4)|(31,31),(33,4)|(42,42),(44,4)|(7,7),(11,5)|(18,18),(21,5)|(29,29),(31,5)|(5,5),(7,6)|(42,42),(45,7)|(4,4),(5,8)|(45,45),(46,8)|(45,45),(46,11)|(5,5),(9,14)|(45,45),(46,15)|(46,46),(47,18)|(5,5),(9,19)|(42,42),(46,21)|(41,41),(42,22)|(4,4),(5,24)|(5,5),(6,26)|(6,6),(7,27)|(7,7),(8,28)|(42,42),(46,28)|(8,8),(10,29)|(41,41),(47,29)|(18,18),(22,30)|(29,29),(32,30)|(8,8),(10,31)|(17,17),(18,31)|(22,22),(24,31)|(25,25),(26,31)|(27,27),(29,31)|(32,32),(34,31)|(42,42),(44,31)|(8,8),(10,32)|(16,16),(17,32)|(34,34),(37,32)|(42,42),(44,32)|(10,10),(16,33)|(24,24),(25,33)|(26,26),(27,33)|(37,37),(42,33)|


(5.5,6),(5.5,14)|(5.5,19),(5.5,20)|(8.5,5),(8.5,14)|(8.5,19),(8.5,20)|(24.5,3),(24.5,6)|(24.5,30),(24.5,32)|(26.5,3),(26.5,5)|(26.5,28),(26.5,32)|(42.5,7),(42.5,8)|(42.5,20),(42.5,21)|(42.5,28),(42.5,29)|(45.5,8),(45.5,11)|(45.5,15),(45.5,21)|(45.5,28),(45.5,29)|
(9,31.5),(10,3.5)|(11,31.5),(13,3.5)|(40,3.5),(41,31.5)|(43,3.5),(43,31.5)|
end file : SS_LAB5