Pièce : SS_LAB6
taille : 48x35
################################################
################################################
###########.........############..........######
#########=----------#######=#=##-----------=####
###########.........#######|#|##..........######
####.|..|..................|.|............######
####.|..|..................|.|............######
####.|..|.................................|..|.#
####.|..|.................................|..|.#
####.|..|.................................|..|.#
####.|..|.................................|..|.#
####.|..|.................................|..|.#
####.|..|.................................|..|.#
####.|..|.................................|..|.#
####.|..|.................................|..|.#
####.####.................................|..|.#
####.####.................................####.#
####.####.................................####.#
####.####.................................####.#
####.####.................................####.#
####.####.................................####.#
####.|..|.................................####.#
####.|..|.................................####.#
####.|..|.................................####.#
####.|..|.................................|..|.#
####.|..|.................................|..|.#
####.|..|.................................|..|.#
####.|..|.................................|..|.#
####.|..|.................................|..|.#
##########................................######
##########..........############..........######
########=-----------+......#####-----------=####
##########..........######.#####..........######
##########################=#####################
################################################
(4,5),(4,29)|(5,15),(5,21)|(8,31),(8,32)|(9,3),(9,4)|(9,15),(9,21)|(10,29),(10,31)|(10,32),(10,33)|(11,2),(11,3)|(11,4),(11,5)|(20,2),(20,5)|(20,30),(20,31)|(20,32),(20,33)|(26,32),(26,34)|(27,3),(27,5)|(27,31),(27,34)|(28,3),(28,5)|(29,3),(29,5)|(30,3),(30,5)|(32,2),(32,5)|(32,30),(32,33)|(42,2),(42,3)|(42,4),(42,7)|(42,16),(42,24)|(42,29),(42,31)|(42,32),(42,33)|(44,3),(44,4)|(44,31),(44,32)|(46,16),(46,24)|(47,7),(47,29)|
(11,11),(20,2)|(32,32),(42,2)|(9,9),(11,3)|(27,27),(28,3)|(29,29),(30,3)|(42,42),(44,3)|(9,9),(11,4)|(42,42),(44,4)|(4,4),(11,5)|(20,20),(27,5)|(28,28),(29,5)|(30,30),(32,5)|(42,42),(47,7)|(5,5),(9,15)|(42,42),(46,16)|(5,5),(9,21)|(42,42),(46,24)|(4,4),(10,29)|(42,42),(47,29)|(20,20),(32,30)|(8,8),(10,31)|(20,20),(27,31)|(42,42),(44,31)|(8,8),(10,32)|(20,20),(26,32)|(42,42),(44,32)|(10,10),(20,33)|(32,32),(42,33)|(26,26),(27,34)|


(5.5,5),(5.5,15)|(5.5,21),(5.5,29)|(8.5,5),(8.5,15)|(8.5,21),(8.5,29)|(27.5,4),(27.5,7)|(29.5,4),(29.5,7)|(42.5,7),(42.5,16)|(42.5,24),(42.5,29)|(45.5,7),(45.5,16)|(45.5,24),(45.5,29)|
(9,31.5),(10,3.5)|(20,3.5),(32,3.5)|(32,31.5),(43,3.5)|
end file : SS_LAB6