Piece : CC_C13
152x35
124x258
########################################################################################################################################################
########################################################################################################################################################
########################################################################################################################################################
########################################################################################################################################################
########################################################################################################################################################
########################################################################################################################################################
########################################################################################################################################################
########################################################################################################################################################
########################################################################################################################################################
########################################################################################################################################################
########################################################################################################################################################
###################################################.......................##......................######################################################
####################################################......................##.....................#######################################################
####################################################......................##.....................#######################################################
###################################################...............................................######################################################
###################################################...............................................######################################################
######............................................................................................................./####################################
####=...............................................................................................................####################################
######..............................................................................................................####################################
###################################################...............................................###############...#######################/........####
###################################################.................##............................###############...#######################..........=##
####################################################................##...........................################...#######################.........####
####################################################......####......##.........................##################...#######################...##########
##############################################################################/...../############################...#######################...##########
#################################################################################################################.............................##########
################################################################################=#=############################=..............................##########
#################################################################################################################............................/##########
########################################################################################################################################################
########################################################################################################################################################
########################################################################################################################################################
########################################################################################################################################################
########################################################################################################################################################
########################################################################################################################################################
########################################################################################################################################################
########################################################################################################################################################
(4,17),(4,18)|(6,16),(6,17)|(6,18),(6,19)|(51,11),(51,12)|(51,14),(51,16)|(51,19),(51,21)|(52,12),(52,14)|(52,21),(52,23)|(58,22),(58,23)|(62,22),(62,23)|(68,20),(68,23)|(70,20),(70,23)|(74,11),(74,14)|(76,11),(76,14)|(80,25),(80,26)|(81,25),(81,26)|(82,25),(82,26)|(83,25),(83,26)|(95,22),(95,23)|(97,12),(97,14)|(97,21),(97,22)|(98,11),(98,12)|(98,14),(98,16)|(98,19),(98,21)|(111,25),(111,26)|(113,19),(113,25)|(113,26),(113,27)|(116,16.5),(116,17)|(139,20),(139,24)|(142,22),(142,26)|(148,19),(148,20)|(148,21),(148,22)|(150,20),(150,21)|
(51,11),(74,11)|(76,11),(98,11)|(51,12),(52,12)|(97,12),(98,12)|(51,14),(52,14)|(74,14),(76,14)|(97,14),(98,14)|(6,16),(51,16)|(98,16),(115,16)|(4,17),(6,17)|(4,18),(6,18)|(6,19),(51,19)|(98,19),(113,19)|(140,19),(148,19)|(68,20),(70,20)|(139,20),(148,20)|(51,21),(52,21)|(97,21),(98,21)|(148,21),(150,21)|(58,22),(62,22)|(95,22),(97,22)|(142,22),(148,22)|(52,23),(58,23)|(62,23),(68,23)|(70,23),(78,23)|(85,23),(95,23)|(78.5,24),(79,24)|(116,24),(139,24)|(80,25),(81,25)|(82,25),(83,25)|(111,25),(113,25)|(80,26),(81,26)|(82,26),(83,26)|(111,26),(113,26)|(113,27),(141,27)|
(78,23),(79,24)|(115,16),(116,17)|
(84,24),(85,23)|(139,20),(140,19)|(141,27),(142,26)|
None|
None|
end file : CC_C13