Pièce : LF_A13
taille : 48x35
################################################
################################################
################################################
##=#############################################
##.#############################################
##.####################=######=######=##########
##.####################.######.######.##########
##.###################...####...####...#########
##.###################...####...####...#########
##..........##########...####...####...#########
###########.##########...####...####...#########
###########.##########...####...####...#########
###########.##########...####...####...#########
###########.##########...####...####...#########
###########.##########...####...####...#########
#######........#######...####...####...#########
#######.######.#######...####...####...#########
#######.######.#######...####...####...#########
#######+######.#######...####...####...#########
######.|.#####.#######...####...####...#########
######...#####.########.######.######.##########
######...#####.########.######.######.##########
######...#####.########.######.######.##########
######...#####.########.######.######.##########
######...#####..............................####
######...##################################.####
######...##################################.####
#######.###################################.####
#######=###################################=####
################################################
################################################
################################################
################################################
################################################
################################################
(2,3),(2,10)|(3,3),(3,9)|(6,19),(6,27)|(7,15),(7,19)|(7,27),(7,29)|(8,16),(8,19)|(8,27),(8,29)|(9,19),(9,27)|(11,10),(11,15)|(12,9),(12,15)|(14,16),(14,25)|(15,15),(15,24)|(22,7),(22,20)|(23,5),(23,7)|(23,20),(23,24)|(24,5),(24,7)|(24,20),(24,24)|(25,7),(25,20)|(29,7),(29,20)|(30,5),(30,7)|(30,20),(30,24)|(31,5),(31,7)|(31,20),(31,24)|(32,7),(32,20)|(36,7),(36,20)|(37,5),(37,7)|(37,20),(37,24)|(38,5),(38,7)|(38,20),(38,24)|(39,7),(39,20)|(43,25),(43,29)|(44,24),(44,29)|
(2,3),(3,3)|(23,5),(24,5)|(30,5),(31,5)|(37,5),(38,5)|(22,7),(23,7)|(24,7),(25,7)|(29,7),(30,7)|(31,7),(32,7)|(36,7),(37,7)|(38,7),(39,7)|(3,9),(12,9)|(2,10),(11,10)|(7,15),(11,15)|(12,15),(15,15)|(8,16),(14,16)|(6,19),(7,19)|(8,19),(9,19)|(22,20),(23,20)|(24,20),(25,20)|(29,20),(30,20)|(31,20),(32,20)|(36,20),(37,20)|(38,20),(39,20)|(15,24),(23,24)|(24,24),(30,24)|(31,24),(37,24)|(38,24),(44,24)|(14,25),(43,25)|(6,27),(7,27)|(8,27),(9,27)|(7,29),(8,29)|(43,29),(44,29)|




