Pièce : LF_A03
taille : 48x35
################################################
################################################
########################.#########.#########=###
###############.########..#######..#########.###
###=##########..#########.#######..#####.....###
###+##########..########..#######.######.#######
##.|.#########.#########..#######..#####.....###
##.|.########...########..#######..#########+###
##.|.########...#######...######....#######.|.##
##.|.########...#######....#####....#######.|.##
##.|.########....#####......###......######.|.##
##.|.#######......#..#.......#.........####.|.##
###H######...........#..................####H###
###.#####................................###.###
###.#####................................###.###
###.#####......................................#
###.#######..........................#########.#
###.#####................................#####.#
###....##................................#####.#
######.##......................................#
######.##...............................####.###
##.....###.............................#####.###
##.#########.....#####.....####.....########.###
##.#########.....#####.....####.....########.###
##...#######.....#####.....####....#########.###
####.########...#######...######...#########.###
####.#######################################.###
####.#########.#########.########.##########.###
####.#########.#########.########.####.......###
####...........#########...............#########
#########.####.#########.####.########.#########
#########.####...........####.########.#########
#########.##########.########............=######
#####=...............###########################
################################################
(2,6),(2,12)|(2,21),(2,25)|(3,4),(3,6)|(3,12),(3,19)|(3,22),(3,24)|(4,4),(4,6)|(4,12),(4,18)|(4,25),(4,30)|(5,6),(5,12)|(5,24),(5,29)|(5,33),(5,34)|(6,19),(6,21)|(7,18),(7,22)|(9,13),(9,16)|(9,17),(9,21)|(9,30),(9,33)|(10,12),(10,13)|(10,21),(10,22)|(10,30),(10,33)|(11,16),(11,17)|(12,11),(12,12)|(12,22),(12,25)|(13,7),(13,11)|(13,25),(13,26)|(14,4),(14,7)|(14,27),(14,29)|(14,30),(14,32)|(15,3),(15,4)|(15,6),(15,7)|(15,27),(15,31)|(16,3),(16,6)|(16,7),(16,10)|(16,25),(16,26)|(17,10),(17,11)|(17,22),(17,25)|(18,11),(18,12)|(19,11),(19,12)|(20,32),(20,33)|(21,11),(21,13)|(21,32),(21,34)|(22,10),(22,13)|(22,22),(22,25)|(23,8),(23,10)|(23,25),(23,26)|(24,2),(24,4)|(24,5),(24,8)|(24,27),(24,31)|(25,2),(25,3)|(25,4),(25,5)|(25,27),(25,29)|(25,30),(25,32)|(26,3),(26,9)|(26,25),(26,26)|(27,9),(27,10)|(27,22),(27,25)|(28,10),(28,11)|(29,11),(29,12)|(29,30),(29,33)|(30,11),(30,12)|(30,30),(30,32)|(31,10),(31,11)|(31,22),(31,25)|(32,8),(32,10)|(32,25),(32,26)|(33,3),(33,8)|(33,27),(33,29)|(34,2),(34,3)|(34,5),(34,6)|(34,27),(34,29)|(35,2),(35,5)|(35,6),(35,8)|(35,24),(35,26)|(36,8),(36,10)|(36,22),(36,24)|(37,10),(37,11)|(37,16),(37,17)|(38,28),(38,29)|(38,30),(38,32)|(39,11),(39,12)|(39,21),(39,22)|(39,29),(39,32)|(40,4),(40,7)|(40,12),(40,13)|(40,20),(40,21)|(41,5),(41,6)|(41,13),(41,15)|(41,17),(41,19)|(42,32),(42,33)|(43,8),(43,12)|(44,2),(44,4)|(44,7),(44,8)|(44,12),(44,15)|(44,20),(44,28)|(45,2),(45,5)|(45,6),(45,8)|(45,12),(45,15)|(45,20),(45,29)|(46,8),(46,12)|(46,16),(46,19)|(47,15),(47,20)|
(24,2),(25,2)|(34,2),(35,2)|(44,2),(45,2)|(15,3),(16,3)|(25,3),(26,3)|(33,3),(34,3)|(3,4),(4,4)|(14,4),(15,4)|(24,4),(25,4)|(40,4),(44,4)|(24,5),(25,5)|(34,5),(35,5)|(41,5),(45,5)|(2,6),(3,6)|(4,6),(5,6)|(15,6),(16,6)|(34,6),(35,6)|(41,6),(45,6)|(13,7),(14,7)|(15,7),(16,7)|(40,7),(44,7)|(23,8),(24,8)|(32,8),(33,8)|(35,8),(36,8)|(43,8),(44,8)|(45,8),(46,8)|(26,9),(27,9)|(16,10),(17,10)|(22,10),(23,10)|(27,10),(28,10)|(31,10),(32,10)|(36,10),(37,10)|(12,11),(13,11)|(17,11),(18,11)|(19,11),(21,11)|(28,11),(29,11)|(30,11),(31,11)|(37,11),(39,11)|(2,12),(3,12)|(4,12),(5,12)|(10,12),(12,12)|(18,12),(19,12)|(29,12),(30,12)|(39,12),(40,12)|(43,12),(44,12)|(45,12),(46,12)|(9,13),(10,13)|(21,13),(22,13)|(40,13),(41,13)|(41,15),(44,15)|(45,15),(47,15)|(9,16),(11,16)|(37,16),(46,16)|(9,17),(11,17)|(37,17),(41,17)|(4,18),(7,18)|(3,19),(6,19)|(41,19),(46,19)|(40,20),(44,20)|(45,20),(47,20)|(2,21),(6,21)|(9,21),(10,21)|(39,21),(40,21)|(3,22),(7,22)|(10,22),(12,22)|(17,22),(22,22)|(27,22),(31,22)|(36,22),(39,22)|(3,24),(5,24)|(35,24),(36,24)|(2,25),(4,25)|(12,25),(13,25)|(16,25),(17,25)|(22,25),(23,25)|(26,25),(27,25)|(31,25),(32,25)|(13,26),(16,26)|(23,26),(26,26)|(32,26),(35,26)|(14,27),(15,27)|(24,27),(25,27)|(33,27),(34,27)|(38,28),(44,28)|(5,29),(14,29)|(25,29),(33,29)|(34,29),(38,29)|(39,29),(45,29)|(4,30),(9,30)|(10,30),(14,30)|(25,30),(29,30)|(30,30),(38,30)|(15,31),(24,31)|(14,32),(20,32)|(21,32),(25,32)|(30,32),(38,32)|(39,32),(42,32)|(5,33),(9,33)|(10,33),(20,33)|(29,33),(42,33)|(5,34),(21,34)|


(3.5,5),(3.5,12)|(44.5,7),(44.5,12)|
(3,5.5),(4,5.5)|(44,7.5),(45,7.5)|
end file : LF_A03