Piece : LF_B02
48x78
986x19
................................................
................................................
................................................
................................................
................................................
................................................
................................................
................................................
................................................
................................................
................................................
................................................
................................................
................................................
................................................
/............................................../
#/............................................/#
###..........................................###
##............................................##
##............................................##
##............................................##
##............................................##
##.............................#..............##
###.........................../#/............###
##..........................#####............###
####.......................########.........####
######.....#####.....###############.....#######
######.....#####.....###=###########.....#######
######.....#####.....###############.....#######
#######.....=###.....###############....########
########...######...#################...########
################################################
########=#########.###################.#########
##################.###################.#########
##################.#######.............#########
#################...######.#####################
#################...######.#####################
#################...######.#####################
#################...######.#####################
##################.#######.#####################
##################.#######.#####################
##############.....#######.#####################
##############.###########.#####..........######
##############.###########.#####.########.######
##############.###########.####...#######.######
##############.###=........####...#######.######
##############.###########.####...#######+######
##############.###########.####...#####..|..####
##############.###########.#####.######..|..####
##############.###########.......######..|..####
##############.########################..|..####
##############+########################..|..####
########......|..#..................#....|..####
#######.......|.............................####
####..........|.............................####
##=..........................................=##
####........................................####
##=......................................|...=##
####................####.................|..####
##=........####.....####.................|...=##
####.......####.....####......####.......|..####
##=........####.....####......####.......|.#.=##
####.......####.....####......####......########
#######....####.....####......####....##########
#######....####.....####......####....##########
#######....####.....####......####....##########
#######....####.....####......####....##########
#######..............................###########
#######............................#############
################....############################
################....############################
#################..#############################
################################################
##################=#############################
################################################
################################################
################################################
################################################
(2,17),(2,18)|(2,23),(2,24)|(2,25),(2,55)|(2,56),(2,57)|(2,58),(2,59)|(2,60),(2,61)|(3,17),(3,18)|(3,23),(3,24)|(4,25),(4,26)|(4,54),(4,55)|(4,56),(4,57)|(4,58),(4,59)|(4,60),(4,61)|(4,62),(4,63)|(6,26),(6,29)|(7,29),(7,30)|(7,53),(7,54)|(7,63),(7,69)|(8,30),(8,31)|(8,32),(8,33)|(8,52),(8,53)|(9,32),(9,33)|(11,26),(11,29)|(11,30),(11,31)|(11,59),(11,67)|(13,29),(13,30)|(14,41),(14,52)|(15,42),(15,52)|(15,59),(15,67)|(16,26),(16,30)|(16,69),(16,71)|(17,30),(17,31)|(17,35),(17,39)|(17,52),(17,53)|(17,71),(17,72)|(18,32),(18,35)|(18,39),(18,41)|(18,45),(18,46)|(18,52),(18,53)|(18,73),(18,74)|(19,32),(19,35)|(19,39),(19,42)|(19,71),(19,72)|(19,73),(19,74)|(20,30),(20,31)|(20,35),(20,39)|(20,58),(20,67)|(20,69),(20,71)|(21,26),(21,30)|(24,27),(24,28)|(24,58),(24,67)|(25,27),(25,28)|(26,34),(26,45)|(26,46),(26,50)|(27,25),(27,26)|(27,35),(27,49)|(28,24),(28,25)|(30,24),(30,60)|(31,22),(31,23)|(31,44),(31,48)|(32,22),(32,23)|(32,42),(32,44)|(32,48),(32,49)|(33,24),(33,25)|(33,43),(33,44)|(33,48),(33,50)|(34,44),(34,48)|(34,60),(34,67)|(35,25),(35,26)|(35,68),(35,69)|(36,26),(36,30)|(36,52),(36,53)|(37,30),(37,31)|(37,52),(37,53)|(37,67),(37,68)|(38,32),(38,34)|(38,63),(38,67)|(39,32),(39,35)|(39,47),(39,52)|(40,29),(40,31)|(40,62),(40,63)|(41,26),(41,29)|(41,43),(41,47)|(42,42),(42,47)|(43,61),(43,62)|(44,25),(44,26)|(44,47),(44,55)|(44,56),(44,57)|(44,58),(44,59)|(44,60),(44,62)|(45,17),(45,18)|(45,23),(45,25)|(46,17),(46,18)|(46,23),(46,55)|(46,56),(46,57)|(46,58),(46,59)|(46,60),(46,61)|
(0,16),(48,16)|(1.5,17),(2,17)|(3,17),(45,17)|(2,18),(3,18)|(45,18),(46,18)|(31,22),(32,22)|(2,23),(3,23)|(31,23),(32,23)|(45,23),(46,23)|(2,24),(3,24)|(28,24),(30,24)|(30.5,24),(33,24)|(2,25),(4,25)|(27,25),(28,25)|(33,25),(35,25)|(44,25),(45,25)|(4,26),(6,26)|(11,26),(16,26)|(21,26),(27,26)|(35,26),(36,26)|(41,26),(44,26)|(24,27),(25,27)|(24,28),(25,28)|(6,29),(7,29)|(11,29),(13,29)|(40,29),(41,29)|(7,30),(8,30)|(11,30),(13,30)|(16,30),(17,30)|(20,30),(21,30)|(36,30),(37,30)|(8,31),(11,31)|(17,31),(20,31)|(37,31),(40,31)|(8,32),(9,32)|(18,32),(19,32)|(38,32),(39,32)|(8,33),(9,33)|(26,34),(38,34)|(17,35),(18,35)|(19,35),(20,35)|(27,35),(39,35)|(17,39),(18,39)|(19,39),(20,39)|(14,41),(18,41)|(15,42),(19,42)|(32,42),(42,42)|(33,43),(41,43)|(31,44),(32,44)|(33,44),(34,44)|(18,45),(26,45)|(18,46),(26,46)|(39,47),(41,47)|(42,47),(44,47)|(31,48),(32,48)|(33,48),(34,48)|(27,49),(32,49)|(26,50),(33,50)|(8,52),(14,52)|(15,52),(17,52)|(18,52),(36,52)|(37,52),(39,52)|(7,53),(8,53)|(17,53),(18,53)|(36,53),(37,53)|(4,54),(7,54)|(2,55),(4,55)|(44,55),(46,55)|(2,56),(4,56)|(44,56),(46,56)|(2,57),(4,57)|(44,57),(46,57)|(2,58),(4,58)|(20,58),(24,58)|(44,58),(46,58)|(2,59),(4,59)|(11,59),(15,59)|(44,59),(46,59)|(2,60),(4,60)|(30,60),(34,60)|(44,60),(46,60)|(2,61),(4,61)|(43,61),(46,61)|(2,62),(4,62)|(40,62),(43,62)|(44,62),(46,62)|(4,63),(7,63)|(38,63),(40,63)|(11,67),(15,67)|(20,67),(24,67)|(30,67),(34,67)|(37,67),(38,67)|(35,68),(37,68)|(7,69),(16,69)|(20,69),(35,69)|(16,71),(17,71)|(19,71),(20,71)|(17,72),(19,72)|(18,73),(19,73)|(18,74),(19,74)|
(32,23),(33,24)|
(30,24),(31,23)|
(14.5,51),(14.5,55)|(41.5,46),(41.5,53)|(41.5,57),(41.5,62)|
(41,46.5),(42,46.5)|(14,51.5),(15,51.5)|
end file : LF_B02