Pièce : SU_A25
taille : 54x35
################################....|..../############
######################################################
###############################....###....############
######################################################
#################################...|...##############
###############################=....|....=############
#################################...|...##############
###############################=....|....=############
####################################H#################
################################/...|.../#############
###########/.##=#=#=##...../###/....|..../############
###########../#|#|#|#/......./#.....|.......##########
#########/.....|.|.|................|......./#########
#########......|...|................|............#####
########/......|...|................|.......####.#####
########...........|................|.......####.#####
########/..........|................|.......####.#####
#########.................####......|......#####.#####
#########.................####......|......#####.#####
########/.................####......|......#####.#####
######=...................####......|......#####.#####
########..................####......|......#####.#####
#########/.......|........####......|......#####.#####
##########.......|........####......|......#####.#####
##########.......|..................|............#####
######################################################
#####...........###......######....###...........#####
#####.##########################################.#####
#####.##.........|.......######............#####.#####
#####....###/....|..../#######/............#####=#####
#################H############.............###########
#################=############............./##########
##############################/.............##########
###############################............/##########
################################/..........###########
(5,26),(5,30)|(6,20),(6,21)|(6,27),(6,29)|(8,20),(8,21)|(8,22),(8,28)|(9,14),(9,17)|(9,19),(9,22)|(9,29),(9,30)|(10,23),(10,25)|(13,10),(13,11)|(15,10),(15,12)|(16,10),(16,12)|(16,26),(16,27)|(17,10),(17,12)|(17,30),(17,32)|(18,10),(18,12)|(18,30),(18,32)|(19,10),(19,12)|(19,26),(19,27)|(20,10),(20,12)|(22,10),(22,11)|(25,26),(25,27)|(25,28),(25,29)|(26,17),(26,24)|(30,12),(30,17)|(31,2),(31,3)|(31,5),(31,6)|(31,7),(31,8)|(31,12),(31,26)|(31,27),(31,28)|(31,29),(31,33)|(32,0),(32,1)|(32,10),(32,34)|(33,4),(33,5)|(33,6),(33,7)|(35,2),(35,3)|(35,26),(35,27)|(36,8),(36,9)|(37,8),(37,9)|(38,2),(38,3)|(38,26),(38,27)|(40,4),(40,5)|(40,6),(40,7)|(42,0),(42,2)|(42,3),(42,5)|(42,6),(42,7)|(42,8),(42,11)|(43,17),(43,24)|(43,28),(43,31)|(43,34),(43,35)|(44,11),(44,12)|(44,14),(44,17)|(48,14),(48,24)|(48,27),(48,30)|(49,13),(49,25)|(49,26),(49,30)|
(32,0),(42,0)|(31,2),(35,2)|(38,2),(42,2)|(31,3),(35,3)|(38,3),(42,3)|(33,4),(40,4)|(31,5),(33,5)|(40,5),(42,5)|(31,6),(33,6)|(40,6),(42,6)|(31,7),(33,7)|(40,7),(42,7)|(31,8),(36,8)|(37,8),(42,8)|(36,9),(37,9)|(13,10),(15,10)|(16,10),(17,10)|(18,10),(19,10)|(20,10),(22,10)|(32,10),(41,10)|(13,11),(22,11)|(28,11),(42,11)|(11,12),(14,12)|(15,12),(16,12)|(17,12),(18,12)|(19,12),(20,12)|(21,12),(30,12)|(31,12),(44,12)|(45,13),(49,13)|(9,14),(44,14)|(9,17),(26,17)|(30,17),(43,17)|(6,20),(8,20)|(6,21),(8,21)|(8,22),(9,22)|(26,24),(30,24)|(43,24),(48,24)|(10,25),(49,25)|(5,26),(16,26)|(19,26),(25,26)|(31,26),(35,26)|(38,26),(49,26)|(6,27),(16,27)|(19,27),(25,27)|(31,27),(35,27)|(38,27),(48,27)|(8,28),(25,28)|(31,28),(43,28)|(6,29),(8,29)|(9,29),(12,29)|(23,29),(25,29)|(5,30),(9,30)|(17,30),(18,30)|(48,30),(49,30)|(17,32),(18,32)|(31,34),(32,34)|(32,35),(43,35)|
(8,16),(9,17)|(9,22),(10,23)|(12,29),(13,30)|(13,11),(14,12)|(27,10),(28,11)|(29,11),(30,12)|(30,32),(31,33)|(40,9),(42,11)|(43,31),(44,32)|(44,12),(45,13)|
(8,15),(9,14)|(8,20),(9,19)|(9,13),(10,12)|(9,13),(11,11)|(9,13),(12,10)|(21,12),(22,11)|(22,30),(23,29)|(30,30),(31,29)|(31,11),(33,9)|(31,11),(41,1)|(31,11),(42,0)|(43,34),(44,33)|
(15.5,11),(15.5,15)|(17.5,11),(17.5,13)|(17.5,22),(17.5,25)|(17.5,28),(17.5,30)|(19.5,11),(19.5,17)|(36.5,0),(36.5,1)|(36.5,4),(36.5,8)|(36.5,9),(36.5,25)|

end file : SU_A25