Pièce : HI_A22
taille : 48x35
################################################
################################################
################################################
################################################
################################################
################################################
################################################
##########/.#.......#.............##############
##########........................##############
##########..............................########
##########.............................#########
##########.............................#########
##########..............................########
##########..............................########
##########..............................########
##########.............................#########
##########.......|...........###################
##########.......|...........#######=#=#########
##########.......|...........###################
#######..........|...........###################
#######.#########H###.........##################
#######.##.....##=###.........##################
#######.##.....######..........=################
#######.##......####..........##################
#######.........####...........=################
###########.....########......##################
################################################
############=###################################
################################################
################################################
################################################
################################################
################################################
################################################
################################################
(7,19),(7,25)|(8,20),(8,24)|(10,19),(10,21)|(11,25),(11,26)|(12,7),(12,8)|(12,27),(12,28)|(13,7),(13,8)|(13,27),(13,28)|(15,21),(15,23)|(16,23),(16,26)|(17,20),(17,22)|(18,20),(18,22)|(20,7),(20,8)|(20,23),(20,25)|(21,7),(21,8)|(21,20),(21,23)|(24,25),(24,26)|(29,16),(29,20)|(30,20),(30,22)|(30,23),(30,24)|(30,25),(30,26)|(32,22),(32,23)|(32,24),(32,25)|(34,7),(34,9)|(36,17),(36,18)|(37,17),(37,18)|(38,17),(38,18)|(39,10),(39,12)|(39,15),(39,16)|(39,17),(39,18)|(40,9),(40,10)|(40,12),(40,15)|
(12,12),(13,7)|(20,20),(21,7)|(12,12),(13,8)|(20,20),(21,8)|(34,34),(40,9)|(39,39),(40,10)|(39,39),(40,12)|(39,39),(40,15)|(29,29),(39,16)|(36,36),(37,17)|(38,38),(39,17)|(36,36),(37,18)|(38,38),(39,18)|(7,7),(10,19)|(8,8),(17,20)|(18,18),(21,20)|(29,29),(30,20)|(10,10),(15,21)|(17,17),(18,22)|(30,30),(32,22)|(15,15),(16,23)|(20,20),(21,23)|(30,30),(32,23)|(8,8),(10,24)|(30,30),(32,24)|(7,7),(11,25)|(20,20),(24,25)|(30,30),(32,25)|(11,11),(16,26)|(24,24),(30,26)|(12,12),(13,27)|(12,12),(13,28)|

(10,8),(11,7)|
(17.5,16),(17.5,20)|

end file : HI_A22