Pièce : HI_A19
taille : 54x38
########..............................................
######................................................
######................................................
####=.................................................
######......................................####......
####=.......................................####......
######......................................####......
#########HH#................................####......
########...#..........................................
########...|..........................................
########+--+..........................................
########|..|..........................................
########|..|..........................................
########+--+..........................................
########|..|.........................................#
########|..|.......................................###
#########HH#.....................................#####
#########..#.....................................#####
########|..|.....................................#####
########+--+.....................................#####
########|..|.....................................#####
########|........................................#####
########+-..............................|........#####
########|...............................|........#####
########|...............................|........#####
########+--+............................|........#####
########|..|............................|........#####
############............................|.........=###
############......................|.....|........#####
#################.................|.....|........#####
##############=##.................|.....|........#####
######################............|.....|.......######
###################=####..........#....###......######
##########################.....#.###..#####...########
######################################################
######################################################
######################################################
######################################################
(4,3),(4,4)|(4,5),(4,6)|(6,1),(6,3)|(6,4),(6,5)|(6,6),(6,7)|(8,0),(8,1)|(8,8),(8,16)|(8,18),(8,27)|(9,7),(9,8)|(9,16),(9,18)|(11,7),(11,9)|(11,16),(11,18)|(12,7),(12,9)|(12,16),(12,18)|(12,27),(12,29)|(14,30),(14,31)|(15,30),(15,31)|(17,29),(17,31)|(19,32),(19,33)|(20,32),(20,33)|(22,31),(22,32)|(24,32),(24,33)|(26,33),(26,34)|(31,33),(31,34)|(32,33),(32,34)|(33,33),(33,34)|(34,32),(34,33)|(35,32),(35,33)|(36,33),(36,34)|(38,33),(38,34)|(39,32),(39,33)|(42,32),(42,33)|(43,33),(43,34)|(44,4),(44,8)|(46,33),(46,34)|(48,4),(48,8)|(48,31),(48,33)|(49,16),(49,27)|(49,28),(49,31)|(51,15),(51,16)|(51,27),(51,28)|(53,14),(53,15)|
(8,0),(6,1)|(8,1),(4,3)|(6,3),(4,4)|(6,4),(44,4)|(48,4),(4,5)|(6,5),(4,6)|(6,6),(6,7)|(9,7),(11,7)|(12,7),(8,8)|(9,8),(44,8)|(48,8),(11,9)|(12,9),(53,14)|(54,14),(51,15)|(53,15),(8,16)|(9,16),(11,16)|(12,16),(49,16)|(51,16),(8,18)|(9,18),(11,18)|(12,18),(8,27)|(12,27),(49,27)|(51,27),(49,28)|(51,28),(12,29)|(17,29),(14,30)|(15,30),(14,31)|(15,31),(17,31)|(22,31),(48,31)|(49,31),(19,32)|(20,32),(22,32)|(24,32),(34,32)|(35,32),(39,32)|(42,32),(19,33)|(20,33),(24,33)|(26,33),(31,33)|(32,33),(33,33)|(34,33),(35,33)|(36,33),(38,33)|(39,33),(42,33)|(43,33),(46,33)|(48,33),(26,34)|(31,34),(32,34)|(33,34),(36,34)|(38,34),(43,34)|


(8.5,16),(8.5,18)|(8.5,27),(11.5,9)|(11.5,16),(11.5,18)|(11.5,21),(11.5,27)|(34.5,28),(34.5,32)|(40.5,22),(40.5,32)|

