Pièce : HI_A04
taille : 54x35
......................................................
......................................................
......................................................
....................................................|.
....................................................|.
....................................................|.
....................................................|.
....................................................##
...................................................###
..................................................####
..................................................####
..................................................####
..|....................#..........................####
..|....................#..........................####
##|.................####..........................####
####................####..........................####
####...............##########.###.##..............####
####...............##########=###=######..........####
####..........###########################........#####
####....|.....##########################..........####
####....|.....###########################........#####
####....|.....##########################..........####
####....|.....####.######################........#####
####....|.....####.#####################..........####
####....|.....####.#####################..........####
####....|.....####.#####################..........####
####....|.....####................................####
####...###....####................................####
####...###...#####.#####################..........####
#####..###...#####.#######################........####
######################################################
#####=#####.######.##########################=##=#####
###########.######.###################################
###########........###################################
######################################################
52,8|50,9|51,9|24,12|23,12|20,14|23,14|4,15|19,16|20,16|24,16|29,16|30,16|33,16|34,16|36,16|36,17|40,17|14,18|19,18|40,19|40,18|41,19|41,18|49,19|49,18|50,19|50,18|40,21|40,20|41,21|41,20|49,21|49,20|50,21|50,20|18,22|19,22|40,23|40,22|41,23|41,22|49,23|49,22|50,23|50,22|19,26|40,26|7,27|10,27|13,28|14,28|19,28|40,28|4,29|5,29|40,29|42,29|5,30|7,30|10,30|11,31|12,31|13,30|18,31|18,30|19,31|19,30|42,30|50,30|12,33|18,33|11,34|19,34|