Pièce : HI_A25
taille : 54x35
######################################################
######################################################
######################################################
######################################################
#####..............................###################
#####..............................###################
#####..............................###################
####..............................####################
####...............................###################
###................................###################
####..............................####################
#####..............................###################
#####..............................###################
#####..............................###################
#####..............................###################
#####..........................................#######
#####.../#/........./#/.........................=#####
#####...###...###...###........................#######
#####...###...#=#...###.......##................=#####
######.####..####..######....#####.............#######
######################################################
######=###############################################
######################################################
######################################################
######################################################
######################################################
######################################################
######################################################
######################################################
######################################################
######################################################
######################################################
######################################################
######################################################
######################################################
(3,9),(3,10)|(4,7),(4,9)|(4,10),(4,11)|(5,4),(5,7)|(5,11),(5,19)|(6,19),(6,20)|(6,21),(6,22)|(7,19),(7,20)|(7,21),(7,22)|(13,19),(13,20)|(14,17),(14,19)|(15,18),(15,19)|(16,18),(16,19)|(17,17),(17,20)|(19,19),(19,20)|(25,19),(25,20)|(29,19),(29,20)|(30,18),(30,19)|(32,18),(32,19)|(34,7),(34,8)|(34,10),(34,11)|(34,19),(34,20)|(35,4),(35,7)|(35,8),(35,10)|(35,11),(35,15)|(47,15),(47,16)|(47,17),(47,18)|(47,19),(47,20)|(49,16),(49,17)|(49,18),(49,19)|
(5,5),(35,4)|(4,4),(5,7)|(34,34),(35,7)|(34,34),(35,8)|(3,3),(4,9)|(3,3),(4,10)|(34,34),(35,10)|(4,4),(5,11)|(34,34),(35,11)|(35,35),(47,15)|(47,47),(49,16)|(14,14),(17,17)|(47,47),(49,17)|(15,15),(16,18)|(30,30),(32,18)|(47,47),(49,18)|(5,5),(6,19)|(7,7),(8,19)|(13,13),(14,19)|(15,15),(16,19)|(19,19),(20,19)|(23,23),(25,19)|(29,29),(30,19)|(32,32),(34,19)|(47,47),(49,19)|(6,6),(7,20)|(11,11),(13,20)|(17,17),(19,20)|(25,25),(29,20)|(34,34),(47,20)|(6,6),(7,21)|(6,6),(7,22)|
(10,16),(11,17)|(22,16),(23,17)|
(8,17),(9,16)|(20,17),(21,16)|


end file : HI_A25