Pièce : HI_A23
taille : 54x35
######################################################
######################################################
######################################################
######################################################
###############=##=###################################
###############|##|###################################
##############.|..|.##########################..######
##############.|..|.##########################..######
##############.|..|.............................######
##############.|................................######
##############.|................................######
##############.|.................................=####
##############.|..|.............................######
###############|..|..............................=####
################..#.....................####....######
##########################.....#######################
##########################.....#######################
##########################.....#######################
##########################.....#######################
###########...........####.....####..............=####
############..........####....#####............#######
##############.......######...######..........########
################....#######...#######.......##########
######################################################
#################.##########.##########.##=###########
#################.##########.##########.##############
#################.##########.##########.##############
#################.......................##############
######################################################
######################################################
######################################################
######################################################
######################################################
######################################################
######################################################
(11,19),(11,20)|(12,20),(12,21)|(14,6),(14,13)|(14,21),(14,22)|(15,4),(15,6)|(15,13),(15,14)|(16,4),(16,6)|(16,14),(16,15)|(16,22),(16,23)|(17,24),(17,28)|(18,4),(18,6)|(18,14),(18,15)|(18,24),(18,27)|(19,4),(19,6)|(19,14),(19,15)|(20,6),(20,8)|(20,22),(20,23)|(21,21),(21,22)|(22,19),(22,21)|(26,15),(26,21)|(27,21),(27,23)|(28,24),(28,27)|(29,24),(29,27)|(30,20),(30,23)|(31,15),(31,20)|(35,19),(35,21)|(36,21),(36,22)|(37,22),(37,23)|(39,24),(39,27)|(40,14),(40,15)|(40,24),(40,28)|(42,24),(42,25)|(43,24),(43,25)|(44,14),(44,15)|(44,22),(44,23)|(46,6),(46,8)|(46,21),(46,22)|(47,20),(47,21)|(48,6),(48,11)|(48,12),(48,13)|(48,14),(48,15)|(50,11),(50,12)|(50,13),(50,14)|(50,19),(50,20)|
(15,15),(16,4)|(18,18),(19,4)|(14,14),(15,6)|(16,16),(18,6)|(19,19),(20,6)|(46,46),(48,6)|(20,20),(46,8)|(48,48),(50,11)|(48,48),(50,12)|(14,14),(15,13)|(48,48),(50,13)|(15,15),(16,14)|(18,18),(19,14)|(40,40),(44,14)|(48,48),(50,14)|(16,16),(18,15)|(19,19),(26,15)|(31,31),(40,15)|(44,44),(48,15)|(11,11),(22,19)|(35,35),(50,19)|(11,11),(12,20)|(30,30),(31,20)|(47,47),(50,20)|(12,12),(14,21)|(21,21),(22,21)|(26,26),(27,21)|(35,35),(36,21)|(46,46),(47,21)|(14,14),(16,22)|(20,20),(21,22)|(36,36),(37,22)|(44,44),(46,22)|(16,16),(20,23)|(27,27),(30,23)|(37,37),(44,23)|(17,17),(18,24)|(28,28),(29,24)|(39,39),(40,24)|(42,42),(43,24)|(42,42),(43,25)|(18,18),(28,27)|(29,29),(39,27)|(17,17),(40,28)|


(15.5,5),(15.5,14)|(18.5,5),(18.5,9)|(18.5,12),(18.5,14)|

end file : HI_A23