Pièce : HI_A26
taille : 48x35
################################################
################################################
################################################
################################################
#####=###########=########=#########......###=##
#####.###########.########.#########......###.##
#####.###########.########.#########.####.###.##
#.....###########.########.#########.####.###.##
#.###############.########.#########.####.###.##
#.###############.########.#########.####.###.##
#.###############.....####......####.####.....##
#.###############.....####.####.####.####.######
#.###############.....####.####.####.####.######
#.###############.....####.####.####.####.######
#.....................####.####......####.######
####......###########.####.####......####.######
####.....############.####.#####....#####.######
####.################......##############.######
####.################.###################.######
####.############.....###################.######
####.############.....###################=######
####.############.....##########################
####.############.....##########################
####.############..##.......=###################
####=############.##############################
#################.##############################
#################.##############################
#################=##############################
################################################
################################################
################################################
################################################
################################################
################################################
################################################
(1,7),(1,15)|(2,8),(2,14)|(4,15),(4,25)|(5,4),(5,7)|(5,17),(5,25)|(6,4),(6,8)|(9,16),(9,17)|(10,15),(10,16)|(17,4),(17,14)|(17,19),(17,28)|(18,4),(18,10)|(18,24),(18,28)|(19,23),(19,24)|(21,15),(21,19)|(21,23),(21,24)|(22,10),(22,17)|(22,18),(22,23)|(26,4),(26,17)|(27,4),(27,10)|(27,11),(27,18)|(29,23),(29,24)|(31,11),(31,16)|(32,10),(32,14)|(32,16),(32,17)|(36,4),(36,14)|(36,16),(36,17)|(37,6),(37,16)|(41,6),(41,21)|(42,4),(42,10)|(42,11),(42,21)|(45,4),(45,10)|(46,4),(46,11)|
(5,5),(6,4)|(17,17),(18,4)|(26,26),(27,4)|(36,36),(42,4)|(45,45),(46,4)|(37,37),(41,6)|(1,1),(5,7)|(2,2),(6,8)|(18,18),(22,10)|(27,27),(32,10)|(42,42),(45,10)|(27,27),(31,11)|(42,42),(46,11)|(2,2),(17,14)|(32,32),(36,14)|(1,1),(4,15)|(10,10),(21,15)|(9,9),(10,16)|(31,31),(32,16)|(36,36),(37,16)|(5,5),(9,17)|(22,22),(26,17)|(32,32),(36,17)|(22,22),(27,18)|(17,17),(21,19)|(41,41),(42,21)|(19,19),(21,23)|(22,22),(29,23)|(18,18),(19,24)|(21,21),(29,24)|(4,4),(5,25)|(17,17),(18,28)|




end file : HI_A26