Pièce : HI_A10
taille : 48x35
...................................#############
...................................#############
...................................#############
...................................#############
...................................#############
...................................#############
...................................#############
....................................=###########
...................................#####=#=#####
...................................#####|#|#####
...............................########.|.|.####
...............................########.|.|.####
...............................########.|...####
..............................#########.|...####
...............................########.|...####
..........####...........|.....########.....####
..........####...........|.....########.....####
..........####...........|.....########.....####
..........####...........|....#########.....####
....................|....|.....########.....####
#####...............|....|.....########.....####
#####...............|....|....#########.....####
#####...............|....|..###########.....####
#####...............|....|.############.|...####
.####...............|....|.############.|...####
.####...............|....##############.|.|.####
.#####...######....##...###############.|.|.####
.######..#=##=#...####.################.|.|.####
######################=#################H#H#####
################################################
################################################
################################################
################################################
################################################
################################################
(0,20),(0,24)|(1,24),(1,28)|(5,20),(5,26)|(6,26),(6,27)|(7,27),(7,28)|(9,26),(9,28)|(10,15),(10,19)|(10,27),(10,28)|(11,27),(11,28)|(13,27),(13,28)|(14,15),(14,19)|(14,27),(14,28)|(15,26),(15,28)|(18,27),(18,28)|(19,26),(19,27)|(21,26),(21,27)|(22,27),(22,29)|(23,27),(23,29)|(24,26),(24,27)|(25,25),(25,26)|(27,23),(27,25)|(28,22),(28,23)|(30,13),(30,14)|(30,18),(30,19)|(30,21),(30,22)|(31,10),(31,13)|(31,14),(31,18)|(31,19),(31,21)|(35,0),(35,7)|(35,8),(35,10)|(37,7),(37,8)|(39,10),(39,28)|(40,8),(40,10)|(40,28),(40,29)|(41,8),(41,10)|(41,28),(41,29)|(42,8),(42,10)|(42,28),(42,29)|(43,8),(43,10)|(43,28),(43,29)|(44,10),(44,28)|
(35,35),(37,7)|(35,35),(37,8)|(40,40),(41,8)|(42,42),(43,8)|(31,31),(35,10)|(39,39),(40,10)|(41,41),(42,10)|(43,43),(44,10)|(30,30),(31,13)|(30,30),(31,14)|(10,10),(14,15)|(30,30),(31,18)|(10,10),(14,19)|(30,30),(31,19)|(0,0),(5,20)|(30,30),(31,21)|(28,28),(30,22)|(27,27),(28,23)|(0,0),(1,24)|(25,25),(27,25)|(5,5),(6,26)|(9,9),(15,26)|(19,19),(21,26)|(24,24),(25,26)|(6,6),(7,27)|(10,10),(11,27)|(13,13),(14,27)|(18,18),(19,27)|(21,21),(22,27)|(23,23),(24,27)|(0,0),(1,28)|(7,7),(9,28)|(10,10),(11,28)|(13,13),(14,28)|(15,15),(18,28)|(39,39),(40,28)|(41,41),(42,28)|(43,43),(44,28)|(22,22),(23,29)|(40,40),(41,29)|(42,42),(43,29)|


(20.5,19),(20.5,26)|(25.5,15),(25.5,25)|(40.5,9),(40.5,15)|(40.5,23),(40.5,28)|(42.5,9),(42.5,12)|(42.5,25),(42.5,28)|

end file : HI_A10