Pièce : HI_B14
taille : 54x78
######################################################
######################################################
######################################################
######################################################
######################################################
######################################################
######################################################
######################################################
######..............##################################
###################################=##################
###################################|##################
######...............|../########..|..################
######...............|.../#######..|..################
####=................|....#######..|..################
######...............|....#######..|..################
####=........#.......|....#######..|..################
######......####.....|....#######..|..################
###################..|..#########..|..################
###################..|..#########..|..################
###################..|..#########..|..################
###################..|..#########..|..################
###################..|..#########..|..################
###################..|..#########..|..################
###################..|..#########..|..################
###################..|..#########..|..################
###################..|..#########..|..################
###################..|..#########..|..################
###################..|..#########..|..################
###################..|..#########..|..################
###################..|..#########..|..################
###################..|..#########..|..################
###################..|..#########..|..################
###################..|..#########..|..################
###################..|..#########..|..################
###################..|..#########..|..################
###################..|..#########..|..################
###################..|..#########..|..################
###################..|..#########..|..################
###################..|..#########..|..################
###################..|..#########..|..################
###################..|..#########..|..################
###################..|..#########..|..################
###################..|..#########..|..################
###################..|..#########..|..################
###################..|..#########..|..################
###################..|..#########..|..################
###################..|..#########..|..################
#####################H#############H##################
#####################|#############|##################
#####################+#############+##################
####.................|.............|...........#######
####.................|.............|............=#####
####...............................|...........#######
####............................................=#####
####...........................................#######
####............................................=#####
####.....................##.......####.........#######
####.....................##......######.........=#####
####........./##########################/......#######
#####........############################..../########
#######....../##########################/.../#########
########......########################################
########..##..########################################
########.####.########################################
######################################################
######################################################
######################################################
######################################################
######################################################
######################################################
######################################################
######################################################
######################################################
######################################################
######################################################
######################################################
######################################################
######################################################
4,13|4,14|4,15|4,16|4,50|4,59|5,59|5,60|6,8|6,9|6,11|6,13|6,14|6,15|6,16|6,17|7,60|7,61|8,61|8,64|9,63|9,64|10,62|10,63|12,16|12,17|12,62|12,63|13,15|13,16|13,63|13,64|14,15|14,16|14,64|16,16|16,17|19,17|19,47|20,8|20,9|24,17|24,47|25,56|25,58|26,17|27,56|27,58|33,11|33,47|33,57|33,58|34,56|34,57|35,9|36,9|38,11|38,47|38,56|38,57|39,57|39,58|47,50|47,51|47,52|47,53|47,54|47,55|47,56|47,57|47,58|47,59|49,51|49,52|49,53|49,54|49,55|49,56|49,57|49,58|
(4,13),(4,14)|(4,15),(4,16)|(4,50),(4,59)|(5,59),(5,60)|(6,8),(6,9)|(6,11),(6,13)|(6,14),(6,15)|(6,16),(6,17)|(7,60),(7,61)|(8,61),(8,64)|(9,63),(9,64)|(10,62),(10,63)|(12,16),(12,17)|(12,62),(12,63)|(13,15),(13,16)|(13,63),(13,64)|(14,15),(14,16)|(14,64),(16,16)|(16,17),(19,17)|(19,47),(20,8)|(20,9),(24,17)|(24,47),(25,56)|(25,58),(26,17)|(27,56),(27,58)|(33,11),(33,47)|(33,57),(33,58)|(34,56),(34,57)|(35,9),(36,9)|(38,11),(38,47)|(38,56),(38,57)|(39,57),(39,58)|(47,50),(47,51)|(47,52),(47,53)|(47,54),(47,55)|(47,56),(47,57)|(47,58),(47,59)|(49,51),(49,52)|(49,53),(49,54)|(49,55),(49,56)|(49,57),(49,58)|
(6,8),(20,8)|(6,9),(20,9)|(35,9),(36,9)|(6,11),(33,11)|(38,11),(4,13)|(6,13),(4,14)|(6,14),(4,15)|(6,15),(13,15)|(14,15),(4,16)|(6,16),(12,16)|(13,16),(14,16)|(16,16),(6,17)|(12,17),(16,17)|(19,17),(24,17)|(26,17),(19,47)|(24,47),(33,47)|(38,47),(4,50)|(47,50),(47,51)|(49,51),(47,52)|(49,52),(47,53)|(49,53),(47,54)|(49,54),(47,55)|(49,55),(25,56)|(27,56),(34,56)|(38,56),(47,56)|(49,56),(33,57)|(34,57),(38,57)|(39,57),(47,57)|(49,57),(25,58)|(27,58),(33,58)|(39,58),(47,58)|(49,58),(4,59)|(5,59),(47,59)|(5,60),(7,60)|(7,61),(8,61)|(10,62),(12,62)|(9,63),(10,63)|(12,63),(13,63)|(8,64),(9,64)|(13,64),(14,64)|