Pièce : HI_B05
taille : 54x78
######################################################
######################################################
######################################################
##########.......####......####........##..##..#######
##########.......####......####........##..##..#######
##########.......####......####........##..###########
##########.......####......####........##..###########
##########.......####......####........###############
##########.......####......####........###############
######|###.......####......####................#######
#####.|.###......####......####.............##########
#####.|.##.......####......####.............##########
#####...##.......####......####.............##.#######
#####...##.......####......#####...........###.#######
#####...##.......####......######.........############
#####...##.......####......###########################
#####---##-......####......###########################
#####...##.......####......###########################
#####...##.......####......###########################
#####...........######..........#.....#....###########
#####...##......######......................##.#######
#####...##......######......................##.#######
#####---##--....#=##=#......................##.#######
#####...##......#|##|#......................##.#######
#####...##.......|..|.......................##.#######
#####...##..................................##.#######
#####...###.............#...................##.#######
#####...#####..........####.................##.#######
#####---##################################..##-#######
#####...##################################..##.#######
#####......||...........................##..##.#######
#####...................................##..##.#######
#####...............................######..##.#######
#####...............................######..##.#######
#####...............................##......##.#######
#####...............................##......##.#######
#####...............................##.#######.#######
#####...............................##.#######.#######
#####...............................##.##..|...#######
#####..........................#######.##..|...#######
######.........................####.##.##..|...#######
#######........................####.##.##..|...#######
############...................#######.##..|...#######
############........................##.##..|...#######
############........................##.##..|..########
############........................##.###############
#####...####........................##.###############
#####...####........................##.....|......####
#####...####........................######.|.#########
#####...####........................######.|.#########
######..####...............................|.##..#####
############...............................|.#########
############...............................|.#########
############...............................|...#######
############...................................#######
############...................................#######
############..................................########
############...............................###########
############...............................###########
############...............................##..#######
############..............................###..#######
############.............................#############
############............................##############
############...................#######################
############........|..........#######################
############....|...|..........#########..######.#####
############....|...|......###########################
############....|...|......###########################
############....|...|.....................=###########
############....|...|....#############################
##############..|...|...##############################
################H###H#################################
################=#=#=#################################
######################################################
######################################################
######################################################
######################################################
######################################################
17,3|21,3|27,3|31,3|39,3|41,3|43,3|45,3|47,3|45,5|47,5|41,7|43,7|39,9|47,9|5,10|8,10|10,11|10,10|11,11|11,10|44,10|47,10|46,12|47,12|31,13|32,13|43,13|44,13|32,14|33,14|42,14|43,14|46,14|47,14|33,15|42,15|8,19|10,19|27,19|33,19|32,19|39,19|38,19|43,19|16,19|17,19|21,19|22,19|33,20|32,20|39,20|38,20|43,20|44,20|46,20|47,20|8,20|10,20|16,24|22,24|10,26|11,26|25,26|24,26|11,27|13,27|23,27|25,27|24,27|27,27|13,28|23,28|27,28|42,28|8,30|40,30|36,32|40,32|38,34|42,34|39,36|44,36|41,38|46,38|31,39|35,40|36,40|36,39|5,40|6,40|6,41|7,41|7,42|12,42|31,43|35,42|36,43|36,42|46,44|47,44|5,46|8,46|41,45|46,45|39,47|50,47|38,48|42,48|45,48|50,48|36,50|42,50|47,50|49,50|5,50|6,50|6,51|8,51|47,51|49,51|45,53|47,53|46,56|47,56|43,57|46,57|45,59|47,59|42,60|43,60|41,61|42,61|45,61|47,61|40,62|41,62|31,63|40,63|40,65|42,65|48,65|49,65|27,66|31,66|40,66|42,66|48,66|49,66|27,68|25,69|12,70|14,70|24,70|25,70|14,71|24,71|