Pièce : HI_B08
taille : 100x35
####################################################################################################
####################################################################################################
####################################################################################################
###########################=##=#####=##=############################################################
###########################.##.##|##.##.############################################################
##############...................|..........########################################################
##############...................|..........########################################################
##############...................|..........########################################################
##############...................|..........########################################################
##############...................|..........########################################################
##############...................|..........########################################################
##############...................|..........########################################################
######...........................|....|....#########################################################
######...........................|....|....#########################################################
######......................|....|....|.........................................................####
######......................|....|....|..........................................................=##
######...#####..............|....|....|....#########################################################
######...#=#=#..............|....|###.|....#########################################################
######...#####..............|..########.......................................######################
######...#####..............|############.....................................######################
######......................##############....................................######################
#######............/#############################################/............######################
########...........###############################################............######################
#########........../#############################################/............######################
#################################################################............#######################
##############=#=################################################......###..########################
#################################################################....###############################
#################################################################..#################################
####################################################################################################
##################################################################=#=#=#=#=#=#######################
####################################################################################################
####################################################################################################
####################################################################################################
####################################################################################################
####################################################################################################
(6,12),(6,21)|(7,21),(7,22)|(8,22),(8,23)|(9,16),(9,20)|(9,23),(9,24)|(10,17),(10,18)|(11,17),(11,18)|(12,17),(12,18)|(13,17),(13,18)|(14,5),(14,12)|(14,16),(14,20)|(14,25),(14,26)|(15,25),(15,26)|(16,25),(16,26)|(17,25),(17,26)|(27,3),(27,5)|(28,3),(28,5)|(28,20),(28,21)|(29,19),(29,20)|(30,3),(30,5)|(31,3),(31,5)|(31,18),(31,19)|(33,4),(33,5)|(34,4),(34,5)|(34,17),(34,18)|(36,3),(36,5)|(37,3),(37,5)|(37,17),(37,18)|(39,3),(39,5)|(39,18),(39,19)|(40,3),(40,5)|(41,19),(41,20)|(42,20),(42,21)|(43,12),(43,14)|(43,16),(43,18)|(44,5),(44,12)|(66,29),(66,30)|(67,27),(67,28)|(67,29),(67,30)|(68,29),(68,30)|(69,26),(69,27)|(69,29),(69,30)|(70,29),(70,30)|(71,25),(71,26)|(71,29),(71,30)|(72,29),(72,30)|(73,29),(73,30)|(74,25),(74,26)|(74,29),(74,30)|(75,29),(75,30)|(76,25),(76,26)|(76,29),(76,30)|(77,24),(77,25)|(77,29),(77,30)|(78,18),(78,24)|(96,14),(96,15)|(98,15),(98,16)|
(27,27),(28,3)|(30,30),(31,3)|(36,36),(37,3)|(39,39),(40,3)|(33,33),(34,4)|(14,14),(27,5)|(28,28),(30,5)|(31,31),(33,5)|(34,34),(36,5)|(37,37),(39,5)|(40,40),(44,5)|(6,6),(14,12)|(43,43),(44,12)|(43,43),(96,14)|(96,96),(98,15)|(9,9),(14,16)|(43,43),(98,16)|(10,10),(11,17)|(12,12),(13,17)|(34,34),(37,17)|(10,10),(11,18)|(12,12),(13,18)|(31,31),(34,18)|(37,37),(39,18)|(43,43),(78,18)|(29,29),(31,19)|(39,39),(41,19)|(9,9),(14,20)|(28,28),(29,20)|(41,41),(42,20)|(6,6),(7,21)|(28,28),(42,21)|(7,7),(8,22)|(8,8),(9,23)|(9,9),(77,24)|(14,14),(15,25)|(16,16),(17,25)|(71,71),(74,25)|(76,76),(77,25)|(14,14),(15,26)|(16,16),(17,26)|(69,69),(71,26)|(74,74),(76,26)|(67,67),(69,27)|(65,65),(67,28)|(66,66),(67,29)|(68,68),(69,29)|(70,70),(71,29)|(72,72),(73,29)|(74,74),(75,29)|(76,76),(77,29)|(66,66),(67,30)|(68,68),(69,30)|(70,70),(71,30)|(72,72),(73,30)|(74,74),(75,30)|(76,76),(77,30)|
(65,21),(66,22)|
(19,22),(20,21)|(65,24),(66,23)|
(28.5,14),(28.5,20)|(33.5,4),(33.5,18)|(38.5,12),(38.5,18)|

end file : HI_B08