Pièce : HI_B06
taille : 100x37
####################################################################################################
############################################=##=##=##=##=###########################################
############################################.##.##.##.##.#########=#################################
#########################################...................######.#################################
######........................................................####...............................=##
####..........................................................######################################
####..........................................................######################################
####..........................................................######################################
####..........................................................######################################
####............................................................................................####
####.............................................................................................=##
####............................................................................................####
####...........................................................................................#####
#####........................................................................................#######
##################..................................................................################
##################.............................|....................................################
######.........................................|................................................####
####=..........................................|.................................................=##
##################.............................|.....|............####..............################
##################.......###...................|.....|............####.......###....################
####.....................###...................|.....|............####.......###................####
####.....................###......##...........|.....|..........######.......###................####
####...../###############################/.....|.....|...../###############################/....####
####.....#################################.....|..|..|.....#################################...#####
#####..../###############################/.....|..|..|...../###############################/...#####
#########################################......|..|..|......########################################
#####=#=#################################......|..|..|......#################################=######
#########################################......|..|..|..|...########################################
#########################################...|..|..|..|..|...########################################
#########################################...|..|###..|..|...########################################
#######################################=....|.#######|..|..#########################################
#########################################...|##########.|.##########################################
############################################H##H##H##H##H###########################################
############################################=##=####################################################
####################################################################################################
####################################################################################################
####################################################################################################
(4,5),(4,13)|(4,17),(4,18)|(4,20),(4,24)|(5,13),(5,14)|(5,24),(5,25)|(5,26),(5,27)|(6,4),(6,5)|(6,16),(6,17)|(6,26),(6,27)|(7,26),(7,27)|(8,26),(8,27)|(18,14),(18,16)|(18,18),(18,20)|(25,19),(25,22)|(28,19),(28,22)|(34,21),(34,22)|(36,21),(36,22)|(39,30),(39,31)|(41,3),(41,4)|(41,30),(41,31)|(44,1),(44,3)|(44,32),(44,34)|(45,1),(45,3)|(45,31),(45,34)|(46,30),(46,31)|(47,1),(47,3)|(47,32),(47,34)|(48,1),(48,3)|(48,29),(48,30)|(48,32),(48,34)|(50,1),(50,3)|(50,32),(50,33)|(51,1),(51,3)|(51,29),(51,30)|(51,32),(51,33)|(53,1),(53,3)|(53,30),(53,31)|(53,32),(53,33)|(54,1),(54,3)|(54,32),(54,33)|(55,31),(55,32)|(56,1),(56,3)|(56,32),(56,33)|(57,1),(57,3)|(57,32),(57,33)|(58,31),(58,32)|(59,30),(59,31)|(60,3),(60,4)|(62,4),(62,9)|(64,21),(64,22)|(66,2),(66,5)|(66,18),(66,21)|(67,2),(67,4)|(70,18),(70,22)|(77,19),(77,22)|(80,19),(80,22)|(84,14),(84,16)|(84,18),(84,20)|(93,13),(93,14)|(93,26),(93,27)|(94,26),(94,27)|(95,12),(95,13)|(95,23),(95,25)|(96,9),(96,10)|(96,11),(96,12)|(96,16),(96,17)|(96,20),(96,23)|(98,4),(98,5)|(98,10),(98,11)|(98,17),(98,18)|
(44,44),(45,1)|(47,47),(48,1)|(50,50),(51,1)|(53,53),(54,1)|(56,56),(57,1)|(66,66),(67,2)|(41,41),(44,3)|(45,45),(47,3)|(48,48),(50,3)|(51,51),(53,3)|(54,54),(56,3)|(57,57),(60,3)|(6,6),(41,4)|(60,60),(62,4)|(67,67),(98,4)|(4,4),(6,5)|(66,66),(98,5)|(62,62),(96,9)|(96,96),(98,10)|(96,96),(98,11)|(95,95),(96,12)|(4,4),(5,13)|(93,93),(95,13)|(5,5),(18,14)|(84,84),(93,14)|(6,6),(18,16)|(84,84),(96,16)|(4,4),(6,17)|(96,96),(98,17)|(4,4),(18,18)|(66,66),(70,18)|(84,84),(98,18)|(25,25),(28,19)|(77,77),(80,19)|(4,4),(18,20)|(84,84),(96,20)|(34,34),(36,21)|(64,64),(66,21)|(25,25),(28,22)|(34,34),(36,22)|(64,64),(70,22)|(77,77),(80,22)|(95,95),(96,23)|(4,4),(5,24)|(5,5),(95,25)|(5,5),(6,26)|(7,7),(8,26)|(93,93),(94,26)|(5,5),(6,27)|(7,7),(8,27)|(93,93),(94,27)|(48,48),(51,29)|(39,39),(41,30)|(46,46),(48,30)|(51,51),(53,30)|(59,59),(60,30)|(39,39),(41,31)|(45,45),(46,31)|(53,53),(55,31)|(58,58),(59,31)|(41,41),(44,32)|(47,47),(48,32)|(50,50),(51,32)|(53,53),(54,32)|(55,55),(56,32)|(57,57),(58,32)|(50,50),(51,33)|(53,53),(54,33)|(56,56),(57,33)|(44,44),(45,34)|(47,47),(48,34)|
(41,22),(42,23)|(59,24),(60,25)|(91,22),(92,23)|
(9,23),(10,22)|(41,25),(42,24)|(59,23),(60,22)|
(44.5,28),(44.5,32)|(47.5,15),(47.5,30)|(50.5,23),(50.5,29)|(53.5,18),(53.5,31)|(56.5,27),(56.5,32)|

end file : HI_B06