Pièce : HI_B12
taille : 48x78
.........................#######################
.........................#######################
.........................#########=####=########
.........................#########|####|########
.........................#####/...|....|....####
..........................####....|....|....####
............................##....|.........####
......................#####.##....|.........####
......................#.###.##....|.........####
......................#.###.##..............####
......................#+###....................#
.......................|.#####..............##.#
.......................|.#####################.#
.......................|.######............###.#
.......................|.#####..............##.#
.......................|....................##.#
.......................|....................##.#
.................................########...##.#
.................................########...##.#
..................................|....|.......#
...........................###....|....|....####
..........................######################
.........................#########=####=########
.......................|.#######################
.......................|.#######################
......................#H######/.............####
...................####.######..............####
......................#.######..............####
......................#+######..............####
.......................|.#####..............####
.......................|.#####...............=##
.......................|.######.............####
.......................|.#######....##.....#####
.......................|.#######################
.......................|.#########.####.########
.......................|.#########.####.########
.......................|.#########.####.########
.......................|.#########.####.########
.......................|.#########.####.########
.......................|.#########.####.########
.......................|.#########.####.########
.......................|.#########+####+########
.......................|.#####/...|....|....####
.........................#####....|....|....####
.........................#####....|....|....####
..................................|....|....####
.......................................|....####
.......................|....................####
.......................|.......................#
.......................|....................##.#
.......................|.#######..........####.#
.......................|.##.###............###.#
.......................|.##.##..............##.#
.....................######.##..............##.#
..................---######.##..............##.#
...................--######.##.................#
.....................######.##..............####
.......................|.##....................#
.......................|.#####..............##.#
.......................|.#####################.#
.........................######............###.#
.........................#####..............##.#
.........................#####..............##.#
.........................#####..............##.#
............................................##.#
............................................##.#
............................................##.#
...............................................#
...........................###..............####
..........................######################
.........................########=####=#########
.........................#######################
..........................=#####################
...................#############################
......................##########################
......................##########################
.........................#######################
.........................#######################
(19,26),(19,27)|(19,73),(19,74)|(21,53),(21,57)|(22,7),(22,11)|(22,25),(22,26)|(22,27),(22,29)|(22,74),(22,76)|(23,8),(23,11)|(23,25),(23,29)|(24,8),(24,11)|(24,25),(24,29)|(25,0),(25,5)|(25,11),(25,15)|(25,22),(25,25)|(25,29),(25,45)|(25,50),(25,53)|(25,57),(25,64)|(25,70),(25,72)|(25,76),(25,78)|(26,5),(26,6)|(26,21),(26,22)|(26,69),(26,70)|(27,7),(27,11)|(27,20),(27,21)|(27,51),(27,58)|(27,68),(27,69)|(27,72),(27,73)|(28,6),(28,10)|(28,51),(28,57)|(30,10),(30,11)|(30,12),(30,14)|(30,15),(30,20)|(30,21),(30,31)|(30,45),(30,52)|(30,57),(30,58)|(30,59),(30,61)|(30,64),(30,68)|(31,13),(31,14)|(31,31),(31,32)|(31,51),(31,52)|(31,60),(31,61)|(32,32),(32,33)|(32,50),(32,51)|(33,17),(33,19)|(33,70),(33,71)|(34,2),(34,4)|(34,22),(34,23)|(34,34),(34,42)|(34,70),(34,71)|(35,2),(35,4)|(35,22),(35,23)|(35,34),(35,42)|(36,32),(36,33)|(38,32),(38,33)|(38,70),(38,71)|(39,2),(39,4)|(39,22),(39,23)|(39,34),(39,42)|(39,70),(39,71)|(40,2),(40,4)|(40,22),(40,23)|(40,34),(40,42)|(41,17),(41,19)|(42,50),(42,51)|(43,13),(43,14)|(43,32),(43,33)|(43,51),(43,52)|(43,60),(43,61)|(44,4),(44,10)|(44,11),(44,12)|(44,14),(44,19)|(44,20),(44,21)|(44,25),(44,30)|(44,31),(44,32)|(44,42),(44,48)|(44,49),(44,50)|(44,52),(44,55)|(44,56),(44,57)|(44,58),(44,59)|(44,61),(44,67)|(44,68),(44,69)|(46,11),(46,19)|(46,30),(46,31)|(46,49),(46,55)|(46,58),(46,67)|(47,10),(47,20)|(47,48),(47,56)|(47,57),(47,68)|
(34,34),(35,2)|(39,39),(40,2)|(34,34),(35,4)|(39,39),(40,4)|(25,25),(26,5)|(26,26),(28,6)|(22,22),(27,7)|(23,23),(24,8)|(28,28),(30,10)|(44,44),(47,10)|(22,22),(23,11)|(24,24),(25,11)|(27,27),(30,11)|(44,44),(46,11)|(30,30),(44,12)|(31,31),(43,13)|(30,30),(31,14)|(43,43),(44,14)|(25,25),(30,15)|(33,33),(41,17)|(33,33),(41,19)|(44,44),(46,19)|(27,27),(30,20)|(44,44),(47,20)|(26,26),(27,21)|(30,30),(44,21)|(25,25),(26,22)|(34,34),(35,22)|(39,39),(40,22)|(34,34),(35,23)|(39,39),(40,23)|(22,22),(23,25)|(24,24),(25,25)|(19,19),(22,26)|(19,19),(22,27)|(22,22),(23,29)|(24,24),(25,29)|(44,44),(46,30)|(30,30),(31,31)|(44,44),(46,31)|(31,31),(32,32)|(36,36),(38,32)|(43,43),(44,32)|(32,32),(36,33)|(38,38),(43,33)|(34,34),(35,34)|(39,39),(40,34)|(34,34),(35,42)|(39,39),(40,42)|(25,25),(30,45)|(44,44),(47,48)|(44,44),(46,49)|(25,25),(32,50)|(42,42),(44,50)|(27,27),(28,51)|(31,31),(32,51)|(42,42),(43,51)|(30,30),(31,52)|(43,43),(44,52)|(21,21),(25,53)|(44,44),(46,55)|(44,44),(47,56)|(21,21),(25,57)|(28,28),(30,57)|(44,44),(47,57)|(27,27),(30,58)|(44,44),(46,58)|(30,30),(44,59)|(31,31),(43,60)|(30,30),(31,61)|(43,43),(44,61)|(25,25),(30,64)|(44,44),(46,67)|(27,27),(30,68)|(44,44),(47,68)|(26,26),(27,69)|(30,30),(44,69)|(25,25),(26,70)|(33,33),(34,70)|(38,38),(39,70)|(33,33),(34,71)|(38,38),(39,71)|(25,25),(27,72)|(19,19),(27,73)|(19,19),(22,74)|(22,22),(25,76)|

(30,5),(31,4)|(30,26),(31,25)|(30,43),(31,42)|
(23.5,17),(23.5,23)|(23.5,25),(23.5,43)|(23.5,47),(23.5,53)|(23.5,57),(23.5,60)|(34.5,3),(34.5,9)|(34.5,19),(34.5,21)|(34.5,46),(39.5,3)|(39.5,6),(39.5,19)|(39.5,21),(39.5,47)|
(18,54.5),(19,55.5)|(21,54.5),(21,55.5)|
end file : HI_B12