Pièce : HI_B09
taille : 54x78
############...####................................-+.
############...####.................................|.
############...####.................................|#
##########/........................................###
##########........................................####
########=........................................#####
##########......................................######
########=.......................................######
##########.......................................=####
########=.......................................######
##########.............................|........######
##########/............................|.|.......=####
##############.........................|.|.....#######
###############........................|.|..##########
#####################################..|.|..##########
#####################################..|.|..##########
###################....................|.|......######
#################=.....................|.|.......=####
######################################################
######################################################
#########=#########.............................######
#######|#|#########.............................######
######.|.|.#####.................................=####
######.|.|.#####.####....##.....##.....##....#########
######.|.|.#####.###.........................#.#######
######...|.#####.##..........................#.#######
######...|.#####.##..........................#+#######
######...|....................................|.######
######.....################...................|.######
######.....################...................|.######
######.....########...........................|.######
######.....#####..............................|....###
######.....#####.##########..................#####.###
######.|...#####.##########..................#####.###
######.|...#####.##|............###.............##.###
######.|...#####.##|............###.............##.###
######.|...#####.##|............................##.###
######.|...#####.##|............................##.###
######.|...#####.###............................##.###
######.|...#####.###............................##.###
######.|.........####...##.........................###
######.|...################.............##############
######.|...################.............##############
######.|.|.########.............................######
######.|.|.########..............................=####
######.|.|.################.............##############
######.|.|.################............###############
######.|.|.########.............................######
######.|.|.########.............................######
######.|.|.#########...........................#######
######.|.|.########.............................######
######.|.|.########.............................######
######.|.|.########.............................######
######.|.|.########.............................######
#######|.|.########.............................######
#######H#H#########.........############........######
#######=#=#########.........##=######=##........######
####################........############........######
###################........./##########/.......#######
###################...........|......|..........######
#################=............|......|...........=####
###################...........|......|..........######
####################..........|......|.........#######
#######=#=###########.........|......|........########
#######|#|############.....##.|......|.......#########
######.|.|.###################H######H################
######.|.|.###################.######.################
######.|.|.###################.######.################
######.|.|......................................######
######.|.|.......................................=####
######.|.|.###########################################
########.|.###########################################
#######H#H############################################
#########=############################################
######################################################
######################################################
######################################################
######################################################
(6,22),(6,54)|(6,65),(6,71)|(7,21),(7,22)|(7,54),(7,57)|(7,63),(7,65)|(7,72),(7,73)|(8,5),(8,6)|(8,7),(8,8)|(8,9),(8,10)|(8,21),(8,22)|(8,55),(8,57)|(8,63),(8,65)|(8,71),(8,73)|(9,20),(9,22)|(9,55),(9,57)|(9,63),(9,65)|(9,72),(9,74)|(10,5),(10,6)|(10,7),(10,8)|(10,9),(10,10)|(10,20),(10,22)|(10,55),(10,57)|(10,63),(10,65)|(10,72),(10,74)|(11,22),(11,27)|(11,28),(11,40)|(11,41),(11,55)|(11,65),(11,68)|(11,70),(11,72)|(12,0),(12,3)|(14,12),(14,13)|(15,0),(15,3)|(15,13),(15,14)|(16,22),(16,27)|(16,31),(16,40)|(17,17),(17,18)|(17,23),(17,27)|(17,32),(17,41)|(17,60),(17,61)|(19,0),(19,3)|(19,16),(19,17)|(19,20),(19,22)|(19,25),(19,27)|(19,30),(19,31)|(19,34),(19,38)|(19,43),(19,45)|(19,47),(19,49)|(19,50),(19,57)|(19,58),(19,60)|(19,61),(19,62)|(20,24),(20,25)|(20,38),(20,40)|(20,49),(20,50)|(20,57),(20,58)|(20,62),(20,63)|(21,23),(21,24)|(21,40),(21,41)|(21,63),(21,64)|(22,64),(22,65)|(24,40),(24,41)|(25,23),(25,24)|(26,40),(26,41)|(27,23),(27,24)|(27,28),(27,30)|(27,32),(27,34)|(27,41),(27,43)|(27,45),(27,47)|(27,64),(27,65)|(29,64),(29,65)|(30,56),(30,57)|(30,65),(30,68)|(31,56),(31,57)|(31,65),(31,68)|(32,23),(32,24)|(32,34),(32,36)|(34,23),(34,24)|(35,34),(35,36)|(37,14),(37,16)|(37,56),(37,57)|(37,65),(37,68)|(38,56),(38,57)|(38,65),(38,68)|(39,23),(39,24)|(39,46),(39,47)|(40,41),(40,43)|(40,45),(40,46)|(41,23),(41,24)|(44,13),(44,16)|(45,23),(45,27)|(45,32),(45,34)|(45,64),(45,65)|(46,24),(46,27)|(46,63),(46,64)|(47,12),(47,13)|(47,24),(47,27)|(47,49),(47,50)|(47,58),(47,59)|(47,62),(47,63)|(48,6),(48,8)|(48,9),(48,11)|(48,16),(48,17)|(48,20),(48,22)|(48,27),(48,31)|(48,34),(48,40)|(48,43),(48,44)|(48,47),(48,49)|(48,50),(48,58)|(48,59),(48,60)|(48,61),(48,62)|(48,68),(48,69)|(49,5),(49,6)|(50,4),(50,5)|(50,8),(50,9)|(50,11),(50,12)|(50,17),(50,18)|(50,22),(50,23)|(50,32),(50,40)|(50,44),(50,45)|(50,60),(50,61)|(50,69),(50,70)|(51,3),(51,4)|(51,31),(51,41)|(53,2),(53,3)|
(12,12),(15,0)|(53,53),(54,2)|(12,12),(15,3)|(19,19),(51,3)|(50,50),(51,4)|(8,8),(10,5)|(49,49),(50,5)|(8,8),(10,6)|(48,48),(49,6)|(8,8),(10,7)|(8,8),(10,8)|(48,48),(50,8)|(8,8),(10,9)|(48,48),(50,9)|(8,8),(10,10)|(48,48),(50,11)|(14,14),(47,12)|(14,14),(15,13)|(44,44),(47,13)|(15,15),(37,14)|(19,19),(37,16)|(44,44),(48,16)|(17,17),(19,17)|(48,48),(50,17)|(17,17),(50,18)|(9,9),(10,20)|(19,19),(48,20)|(7,7),(8,21)|(6,6),(7,22)|(8,8),(9,22)|(10,10),(11,22)|(16,16),(19,22)|(48,48),(50,22)|(17,17),(21,23)|(25,25),(27,23)|(32,32),(34,23)|(39,39),(41,23)|(45,45),(50,23)|(20,20),(21,24)|(25,25),(27,24)|(32,32),(34,24)|(39,39),(41,24)|(46,46),(47,24)|(19,19),(20,25)|(11,11),(16,27)|(17,17),(19,27)|(45,45),(46,27)|(47,47),(48,27)|(11,11),(27,28)|(19,19),(27,30)|(16,16),(19,31)|(48,48),(51,31)|(17,17),(27,32)|(45,45),(50,32)|(19,19),(27,34)|(32,32),(35,34)|(45,45),(48,34)|(32,32),(35,36)|(19,19),(20,38)|(11,11),(16,40)|(20,20),(21,40)|(24,24),(26,40)|(48,48),(50,40)|(11,11),(17,41)|(21,21),(24,41)|(26,26),(27,41)|(40,40),(51,41)|(19,19),(27,43)|(40,40),(48,43)|(48,48),(50,44)|(19,19),(27,45)|(40,40),(50,45)|(39,39),(40,46)|(19,19),(27,47)|(39,39),(48,47)|(19,19),(20,49)|(47,47),(48,49)|(19,19),(20,50)|(47,47),(48,50)|(6,6),(7,54)|(8,8),(9,55)|(10,10),(11,55)|(28,28),(40,55)|(30,30),(31,56)|(37,37),(38,56)|(7,7),(8,57)|(9,9),(10,57)|(19,19),(20,57)|(30,30),(31,57)|(37,37),(38,57)|(19,19),(20,58)|(47,47),(48,58)|(47,47),(48,59)|(17,17),(19,60)|(48,48),(50,60)|(17,17),(19,61)|(48,48),(50,61)|(19,19),(20,62)|(47,47),(48,62)|(7,7),(8,63)|(9,9),(10,63)|(20,20),(21,63)|(46,46),(47,63)|(21,21),(22,64)|(27,27),(29,64)|(45,45),(46,64)|(6,6),(7,65)|(8,8),(9,65)|(10,10),(11,65)|(22,22),(27,65)|(29,29),(30,65)|(31,31),(37,65)|(38,38),(45,65)|(11,11),(30,68)|(31,31),(37,68)|(38,38),(48,68)|(48,48),(50,69)|(11,11),(50,70)|(6,6),(8,71)|(7,7),(9,72)|(10,10),(11,72)|(7,7),(8,73)|(9,9),(10,74)|
(10,11),(11,12)|(28,58),(29,59)|
(10,4),(11,3)|(39,59),(40,58)|
(7.5,21),(7.5,25)|(7.5,33),(7.5,55)|(7.5,64),(7.5,71)|(9.5,21),(9.5,28)|(9.5,43),(9.5,55)|(9.5,64),(9.5,72)|(19.5,34),(19.5,38)|(30.5,59),(30.5,65)|(37.5,59),(37.5,65)|(39.5,10),(39.5,18)|(41.5,11),(41.5,18)|(46.5,32),(52.5,3)|

end file : HI_B09