Pièce : SS_LAB8
taille : 48x35
################################################
################################################
######################....................######
######################--##-----#----------+..=##
##########................................######
##########................................######
##########................................######
####.|..|.................................|.|.##
####.|..|.................................|.|.##
####.|..|.................................|.|.##
####.####.................................|.|.##
####.####.................................|.|.##
####.####.................................|.|.##
####.####.................................|.|.##
####.####.................................###.##
####.####.................................###.##
####.####.................................###.##
####.|..|.................................###.##
####.|..|.................................###.##
####.|..|.................................###.##
####.|..|.................................###.##
####.|..|.................................|.|.##
####.|..|.................................|.|.##
####.|..|.................................|.|.##
####.|..|.................................|.|.##
####.|..|.................................|.|.##
##########................................|.|.##
##########................................|.|.##
####=....+--.............................#######
##########............|..|...............#######
##########............|..|..|............#######
####=....+--......####|##|##|#####.......#######
##########........####=##=########.......#######
################################################
################################################
(4,7),(4,26)|(4,28),(4,29)|(4,31),(4,32)|(5,10),(5,17)|(9,10),(9,17)|(10,4),(10,7)|(10,26),(10,28)|(10,29),(10,31)|(10,32),(10,33)|(18,31),(18,33)|(22,2),(22,4)|(22,31),(22,33)|(23,31),(23,33)|(24,3),(24,4)|(25,31),(25,33)|(26,3),(26,4)|(26,31),(26,33)|(28,31),(28,32)|(29,31),(29,32)|(31,3),(31,4)|(32,3),(32,4)|(34,31),(34,33)|(41,28),(41,33)|(42,2),(42,3)|(42,4),(42,7)|(42,14),(42,21)|(45,14),(45,21)|(46,3),(46,4)|(46,7),(46,28)|
(22,2),(42,2)|(24,3),(26,3)|(31,3),(32,3)|(42,3),(46,3)|(10,4),(22,4)|(24,4),(26,4)|(31,4),(32,4)|(42,4),(46,4)|(4,7),(10,7)|(42,7),(46,7)|(5,10),(9,10)|(42,14),(45,14)|(5,17),(9,17)|(42,21),(45,21)|(4,26),(10,26)|(4,28),(10,28)|(41,28),(46,28)|(4,29),(10,29)|(4,31),(10,31)|(18,31),(22,31)|(23,31),(25,31)|(26,31),(28,31)|(29,31),(34,31)|(4,32),(10,32)|(28,32),(29,32)|(10,33),(18,33)|(22,33),(23,33)|(25,33),(26,33)|(34,33),(41,33)|


(5.5,7),(5.5,10)|(5.5,17),(5.5,26)|(8.5,7),(8.5,10)|(8.5,17),(8.5,26)|(22.5,29),(22.5,32)|(25.5,29),(25.5,32)|(28.5,30),(28.5,32)|(42.5,7),(42.5,14)|(42.5,21),(42.5,28)|(44.5,7),(44.5,14)|(44.5,21),(44.5,28)|
(12,28.5),(12,31.5)|(22,3.5),(24,3.5)|(26,3.5),(31,3.5)|
