Pièce : LF_B03
taille : 105x35
################..#######################################################################################
###############....###################################################.##################################
###############...####################################################..#################################
##############.....##################################################....################################
##############......#################################################....################################
#############........###############################################......###############################
#####....#.#............#..#......#........#......#..............#...........#../########################
###=............................................................................./#######################
#####...........................................................................................#########
###=.............................................................................................=#######
#####.........#........................#...................#....................................#########
###=........./#/................#...../#/...........#...../#/....................................=#######
#####.....#..###...#.........../#/....###..#......./#/....###....#..............................#########
###=...../#/.###../#/..........###...####./#/......###....###.../#/.......#####........#####.....=#######
#####....########.###.........####..#####.###.....####...####...###...########..........#####...#########
########################HH###############################################################################
#######=################..#####################=###################################=#=###################
########################..###############################################################################
########################--###############################################################################
########################..###############################################################################
########################..###############################################################################
########################--###############################################################################
###################.#..|..|..##.....########.############################################################
###################.#..|..|..##.....##........=##########################################################
#####################..+--+..#########.......############################################################
###################....|..|..#########........=##########################################################
###################....|..|..................############################################################
#####################..+--+...................=##########################################################
#####################..|..|..................############################################################
#####################..|..|...................=##########################################################
#####################..|.###...##########....############################################################
#######################H#################################################################################
#######################=#################################################################################
#########################################################################################################
#########################################################################################################
(3,7),(3,8)|(3,9),(3,10)|(3,11),(3,12)|(3,13),(3,14)|(5,6),(5,7)|(5,8),(5,9)|(5,10),(5,11)|(5,12),(5,13)|(5,14),(5,15)|(7,16),(7,17)|(8,16),(8,17)|(9,6),(9,7)|(10,6),(10,7)|(11,6),(11,7)|(12,6),(12,7)|(13,5),(13,6)|(14,3),(14,5)|(15,1),(15,3)|(16,0),(16,1)|(17,14),(17,15)|(18,0),(18,1)|(18,2),(18,3)|(19,1),(19,2)|(19,3),(19,4)|(19,12),(19,22)|(19,24),(19,25)|(20,4),(20,5)|(20,12),(20,22)|(21,5),(21,6)|(21,15),(21,22)|(21,25),(21,27)|(23,31),(23,33)|(24,6),(24,7)|(24,15),(24,22)|(24,31),(24,33)|(25,6),(25,7)|(25,30),(25,31)|(26,15),(26,22)|(27,6),(27,7)|(28,6),(28,7)|(28,30),(28,31)|(29,22),(29,26)|(30,14),(30,15)|(31,14),(31,22)|(31,24),(31,30)|(34,6),(34,7)|(35,6),(35,7)|(36,14),(36,15)|(36,22),(36,24)|(37,13),(37,14)|(38,13),(38,23)|(41,15),(41,30)|(43,6),(43,7)|(44,6),(44,7)|(44,12),(44,22)|(45,15),(45,22)|(45,23),(45,24)|(45,25),(45,26)|(45,27),(45,28)|(45,29),(45,30)|(47,16),(47,17)|(47,23),(47,24)|(47,25),(47,26)|(47,27),(47,28)|(47,29),(47,30)|(48,16),(48,17)|(50,6),(50,7)|(50,14),(50,15)|(51,6),(51,7)|(57,14),(57,15)|(65,6),(65,7)|(66,6),(66,7)|(68,5),(68,6)|(69,3),(69,5)|(70,1),(70,3)|(70,14),(70,15)|(71,1),(71,2)|(72,2),(72,3)|(73,3),(73,5)|(74,5),(74,6)|(74,13),(74,14)|(77,6),(77,7)|(78,6),(78,7)|(78,14),(78,15)|(79,13),(79,14)|(83,16),(83,17)|(84,16),(84,17)|(85,16),(85,17)|(86,16),(86,17)|(87,13),(87,14)|(88,14),(88,15)|(92,13),(92,14)|(93,14),(93,15)|(96,8),(96,9)|(96,10),(96,11)|(96,12),(96,13)|(96,14),(96,15)|(98,9),(98,10)|(98,11),(98,12)|(98,13),(98,14)|
(16,0),(18,0)|(15,1),(16,1)|(18,1),(19,1)|(70,1),(71,1)|(18,2),(19,2)|(71,2),(72,2)|(14,3),(15,3)|(18,3),(19,3)|(69,3),(70,3)|(72,3),(73,3)|(19,4),(20,4)|(13,5),(14,5)|(20,5),(21,5)|(68,5),(69,5)|(73,5),(74,5)|(5,6),(9,6)|(10,6),(11,6)|(12,6),(13,6)|(21,6),(24,6)|(25,6),(27,6)|(28,6),(34,6)|(35,6),(43,6)|(44,6),(50,6)|(51,6),(65,6)|(66,6),(68,6)|(74,6),(77,6)|(3,7),(5,7)|(9,7),(10,7)|(11,7),(12,7)|(24,7),(25,7)|(27,7),(28,7)|(34,7),(35,7)|(43,7),(44,7)|(50,7),(51,7)|(65,7),(66,7)|(77,7),(78,7)|(3,8),(5,8)|(3,9),(5,9)|(96,9),(98,9)|(3,10),(5,10)|(14,10),(15,10)|(39,10),(40,10)|(59,10),(60,10)|(96,10),(98,10)|(3,11),(5,11)|(32,11),(33,11)|(52,11),(53,11)|(96,11),(98,11)|(3,12),(5,12)|(10,12),(11,12)|(19,12),(20,12)|(43,12),(44,12)|(65,12),(66,12)|(96,12),(98,12)|(3,13),(5,13)|(37,13),(38,13)|(74,13),(79,13)|(87,13),(92,13)|(96,13),(98,13)|(3,14),(5,14)|(13,14),(16,14)|(17,14),(30,14)|(31,14),(36,14)|(37,14),(50,14)|(51,14),(57,14)|(58,14),(70,14)|(74,14),(78,14)|(79,14),(87,14)|(88,14),(92,14)|(93,14),(96,14)|(5,15),(9,15)|(17,15),(18,15)|(21,15),(24,15)|(26,15),(30,15)|(34,15),(36,15)|(41,15),(42,15)|(45,15),(50,15)|(54,15),(57,15)|(61,15),(64,15)|(67,15),(70,15)|(78,15),(88,15)|(93,15),(96,15)|(7,16),(8,16)|(47,16),(48,16)|(83,16),(84,16)|(85,16),(86,16)|(7,17),(8,17)|(47,17),(48,17)|(83,17),(84,17)|(85,17),(86,17)|(19,22),(20,22)|(21,22),(24,22)|(26,22),(29,22)|(31,22),(36,22)|(44,22),(45,22)|(38,23),(44,23)|(45,23),(47,23)|(19,24),(20,24)|(31,24),(36,24)|(45,24),(47,24)|(19,25),(21,25)|(45,25),(47,25)|(29,26),(38,26)|(45,26),(47,26)|(19,27),(21,27)|(45,27),(47,27)|(45,28),(47,28)|(45,29),(47,29)|(25,30),(28,30)|(31,30),(41,30)|(45,30),(47,30)|(21,31),(23,31)|(24,31),(25,31)|(28,31),(31,31)|(41,31),(45,31)|(23,33),(24,33)|
(11,13),(12,14)|(15,11),(16,12)|(20,13),(21,14)|(33,12),(34,13)|(40,11),(41,12)|(44,13),(45,14)|(53,12),(54,13)|(60,11),(61,12)|(66,13),(67,14)|(80,6),(82,8)|
(9,14),(10,13)|(13,12),(14,11)|(18,14),(19,13)|(31,13),(32,12)|(38,12),(39,11)|(42,14),(43,13)|(51,13),(52,12)|(58,12),(59,11)|(64,14),(65,13)|
(23.5,22),(23.5,31)|(26.5,22),(26.5,30)|
(24,18.5),(24,21.5)|(26,18.5),(26,21.5)|
end file : LF_B03