Pièce : SB_A12
taille : 48x35
################################################
################################################
###################################..###########
##################################....##########
##################################......########
################################=........=######
##################################......########
###################################....#########
###################################...##########
###################################...##########
####################################..##########
####################################...#########
####################################...#########
####################################...#########
#####################################...########
#####################################...########
######################################...#######
######################################...#######
#######################################..#######
#######################################...######
########################################...#####
########################################....####
########################################....####
#######......################.###########...####
#####..........#########...........######...####
###=.......................................#####
#####.....................................######
#############.........###.#........##..#########
################################################
##################.#############.###############
##################...............###############
################################################
################################################
################################################
################################################
(3,25),(3,26)|(5,24),(5,25)|(5,26),(5,27)|(7,23),(7,24)|(13,23),(13,24)|(13,27),(13,28)|(15,24),(15,25)|(18,29),(18,31)|(19,29),(19,30)|(22,27),(22,28)|(24,24),(24,25)|(25,27),(25,28)|(26,27),(26,28)|(27,27),(27,28)|(29,23),(29,24)|(30,23),(30,24)|(32,5),(32,6)|(32,29),(32,30)|(33,29),(33,31)|(34,3),(34,5)|(34,6),(34,7)|(35,2),(35,3)|(35,7),(35,10)|(35,24),(35,25)|(35,27),(35,28)|(36,10),(36,14)|(37,2),(37,3)|(37,14),(37,16)|(37,27),(37,28)|(38,3),(38,4)|(38,8),(38,11)|(38,16),(38,18)|(39,7),(39,8)|(39,11),(39,14)|(39,18),(39,20)|(39,27),(39,28)|(40,4),(40,5)|(40,6),(40,7)|(40,14),(40,16)|(40,20),(40,23)|(41,16),(41,19)|(41,23),(41,25)|(42,5),(42,6)|(42,19),(42,20)|(42,26),(42,27)|(43,20),(43,21)|(43,25),(43,26)|(44,21),(44,25)|
(35,2),(37,2)|(34,3),(35,3)|(37,3),(38,3)|(38,4),(40,4)|(32,5),(34,5)|(40,5),(42,5)|(32,6),(34,6)|(40,6),(42,6)|(34,7),(35,7)|(39,7),(40,7)|(38,8),(39,8)|(35,10),(36,10)|(38,11),(39,11)|(36,14),(37,14)|(39,14),(40,14)|(37,16),(38,16)|(40,16),(41,16)|(38,18),(39,18)|(41,19),(42,19)|(39,20),(40,20)|(42,20),(43,20)|(43,21),(44,21)|(7,23),(13,23)|(29,23),(30,23)|(40,23),(41,23)|(5,24),(7,24)|(13,24),(15,24)|(24,24),(29,24)|(30,24),(35,24)|(3,25),(5,25)|(15,25),(24,25)|(35,25),(41,25)|(43,25),(44,25)|(3,26),(5,26)|(42,26),(43,26)|(5,27),(13,27)|(22,27),(25,27)|(26,27),(27,27)|(35,27),(37,27)|(39,27),(42,27)|(13,28),(22,28)|(25,28),(26,28)|(27,28),(35,28)|(37,28),(39,28)|(18,29),(19,29)|(32,29),(33,29)|(19,30),(32,30)|(18,31),(33,31)|




end file : SB_A12