Pièce : SB_A01
taille : 52x35
##########################################..........
###########################################.........
###########################################.........
##########################################..........
#########################################...........
##########.............######.......................
######..............................................
#####...............................................
#####...............................................
#####...............................................
#####...............................................
#####...............................................
#####...............................................
#####...............................................
#####...............................................
#####...............................................
#####...............................................
###=...............................................#
#####..............................................#
######.............................................#
#######............................................#
##########................|...............|........#
##########................|.....####......|.../##/.#
#####...|..........|......|.....####......|...####.#
#####...|..........|.....###....####....####../##/##
#####..######....############...####...#############
#####..######....############...####...#############
#####...|..........|......|.....####......|.....=###
#####...|..........|......|.....####......|...######
#############......|......|.....####......|..#######
######=#=####.....###.....|...#########...|#########
####################################################
##########################=###############=#########
####################################################
####################################################
(3,17),(3,18)|(5,7),(5,17)|(5,18),(5,19)|(5,23),(5,29)|(6,6),(6,7)|(6,19),(6,20)|(6,30),(6,31)|(7,20),(7,21)|(7,25),(7,27)|(7,30),(7,31)|(8,30),(8,31)|(9,30),(9,31)|(10,5),(10,6)|(10,21),(10,23)|(13,25),(13,27)|(13,29),(13,31)|(17,25),(17,27)|(18,30),(18,31)|(21,30),(21,31)|(23,5),(23,6)|(25,24),(25,25)|(26,32),(26,33)|(27,32),(27,33)|(28,24),(28,25)|(29,5),(29,6)|(29,25),(29,27)|(30,30),(30,31)|(32,22),(32,30)|(36,22),(36,30)|(39,25),(39,27)|(39,30),(39,31)|(40,24),(40,25)|(41,4),(41,5)|(42,0),(42,1)|(42,3),(42,4)|(42,32),(42,33)|(43,1),(43,3)|(43,30),(43,31)|(43,32),(43,33)|(44,24),(44,25)|(45,29),(45,30)|(46,28),(46,29)|(49,22),(49,27)|(51,17),(51,24)|
(42,1),(43,1)|(42,3),(43,3)|(41,4),(42,4)|(10,5),(23,5)|(29,5),(41,5)|(6,6),(10,6)|(23,6),(29,6)|(5,7),(6,7)|(3,17),(5,17)|(51,17),(52,17)|(3,18),(5,18)|(5,19),(6,19)|(6,20),(7,20)|(7,21),(10,21)|(32,22),(36,22)|(47,22),(49,22)|(5,23),(10,23)|(25,24),(28,24)|(40,24),(44,24)|(7,25),(13,25)|(17,25),(25,25)|(28,25),(29,25)|(39,25),(40,25)|(7,27),(13,27)|(17,27),(29,27)|(39,27),(49,27)|(46,28),(49,28)|(5,29),(13,29)|(45,29),(46,29)|(6,30),(7,30)|(8,30),(9,30)|(18,30),(21,30)|(30,30),(32,30)|(36,30),(39,30)|(43,30),(45,30)|(6,31),(7,31)|(8,31),(9,31)|(13,31),(18,31)|(21,31),(30,31)|(39,31),(43,31)|(26,32),(27,32)|(42,32),(43,32)|(26,33),(27,33)|(42,33),(43,33)|
(49,22),(50,23)|
(46,23),(47,22)|
(8.5,23),(8.5,25)|(8.5,27),(8.5,29)|(19.5,23),(19.5,25)|(19.5,27),(19.5,30)|(26.5,21),(26.5,24)|(26.5,27),(26.5,31)|(42.5,21),(42.5,24)|(42.5,27),(42.5,31)|

end file : SB_A01