Piece : SB_C08
152x35
-2142x-1433
########################################################################################################################################################
########################################################################################################################################################
########################################################################################################################################################
########################################################################################################################################################
########################################################################################################################################################
###########################################################################...##########################################################################
##################################################################.....###....##################.............###########################################
##############################################...################.......#......###############................##########################################
#############################################......##############.......#.......####..#######...................########################################
##############################################..........########................###.....####......................######################################
################################################............###.................##.......###..........####...........###################################
#################################################...............................#........##..........#########........##################################
########################################################........................#........#........##############.......#################################
###########################################################......................................#################.....#################################
############################################################...................................###################......################################
#############################################################.................................#####################......###############################
#############################################################.....###........................#######################......#####.....####################
#############################################################....########...................########################......####.......###################
############################################################.....##########.................########################.......##..........#################
###########################################################.....############................#########################......#...........#################
##########################################################......###############............##########################..................#################
#########################################################......###################.........##########################.................##################
########################################################.......####################/##/.......#######################.................##################
###############.....##################################.........#########################.........####################..................#################
############...........#############################.........######################/##/###...........#################...................###############
##########................########################.........##################################...............##########......####............############
##########.....................#################..........######################################...................##......######................#######
########........................##############..........###########################################......................###########...............#####
######.......####..................######..............##########################################################.....#################.............####
###=........##########............................#######################################################################################............=##
######....#################......................############################################################################################......#####
###################################..........##################################################################################################...######
########################################################################################################################################################
########################################################################################################################################################
########################################################################################################################################################
(3,29),(3,30)|(6,28),(6,29)|(6,30),(6,31)|(8,27),(8,28)|(10,25),(10,27)|(10,30),(10,31)|(12,24),(12,25)|(12,29),(12,30)|(13,28),(13,29)|(15,23),(15,24)|(17,28),(17,29)|(20,23),(20,24)|(22,29),(22,30)|(23,24),(23,25)|(26,25),(26,26)|(27,30),(27,31)|(31,26),(31,27)|(32,27),(32,28)|(35,28),(35,29)|(35,31),(35,32)|(41,28),(41,29)|(45,8),(45,9)|(45,31),(45,32)|(46,7),(46,8)|(46,9),(46,10)|(46,27),(46,28)|(48,10),(48,11)|(48,26),(48,27)|(49,7),(49,8)|(49,11),(49,12)|(49,30),(49,31)|(50,25),(50,26)|(50,29),(50,30)|(51,8),(51,9)|(52,24),(52,25)|(54,23),(54,24)|(55,28),(55,29)|(56,9),(56,10)|(56,12),(56,13)|(56,22),(56,23)|(56,27),(56,28)|(57,21),(57,22)|(58,20),(58,21)|(58,26),(58,27)|(59,13),(59,14)|(59,19),(59,20)|(59,25),(59,26)|(60,10),(60,11)|(60,14),(60,15)|(60,18),(60,19)|(61,15),(61,18)|(61,24),(61,25)|(63,10),(63,11)|(63,21),(63,24)|(64,9),(64,10)|(64,19),(64,21)|(65,7),(65,9)|(65,17),(65,19)|(66,6),(66,7)|(66,16),(66,17)|(69,16),(69,17)|(71,6),(71,7)|(72,7),(72,9)|(73,7),(73,9)|(73,17),(73,18)|(74,6),(74,7)|(75,5),(75,6)|(75,18),(75,19)|(76,19),(76,20)|(78,5),(78,7)|(79,7),(79,8)|(79,20),(79,21)|(80,8),(80,13)|(81,11),(81,13)|(82,10),(82,11)|(82,21),(82,22)|(83,9),(83,10)|(84,8),(84,9)|(86,8),(86,9)|(88,9),(88,10)|(88,23),(88,24)|(89,10),(89,13)|(90,12),(90,13)|(90,24),(90,25)|(91,11),(91,12)|(91,20),(91,22)|(92,9),(92,11)|(92,17),(92,20)|(93,8),(93,9)|(93,16),(93,17)|(93,25),(93,26)|(94,7),(94,8)|(94,15),(94,16)|(94,22),(94,23)|(95,14),(95,15)|(96,6),(96,7)|(96,26),(96,27)|(97,13),(97,14)|(97,23),(97,24)|(98,12),(98,13)|(99,27),(99,28)|(101,11),(101,12)|(101,24),(101,25)|(102,10),(102,11)|(106,10),(106,11)|(108,25),(108,26)|(109,6),(109,7)|(110,7),(110,8)|(110,11),(110,12)|(112,8),(112,9)|(112,12),(112,13)|(113,28),(113,29)|(114,9),(114,10)|(114,13),(114,15)|(115,15),(115,16)|(115,26),(115,27)|(116,16),(116,19)|(117,10),(117,11)|(117,19),(117,24)|(117,26),(117,27)|(118,11),(118,12)|(118,24),(118,26)|(118,28),(118,29)|(119,12),(119,14)|(120,14),(120,15)|(121,15),(121,16)|(121,27),(121,28)|(122,16),(122,18)|(123,18),(123,20)|(123,26),(123,27)|(124,19),(124,20)|(124,25),(124,26)|(125,18),(125,19)|(126,17),(126,18)|(127,16),(127,17)|(128,25),(128,26)|(129,26),(129,27)|(132,16),(132,17)|(132,27),(132,28)|(133,17),(133,18)|(134,21),(134,23)|(135,18),(135,21)|(135,23),(135,24)|(135,28),(135,29)|(137,24),(137,25)|(137,29),(137,30)|(140,25),(140,26)|(141,30),(141,31)|(143,31),(143,32)|(145,26),(145,27)|(146,31),(146,32)|(147,27),(147,28)|(147,30),(147,31)|(148,28),(148,29)|(150,29),(150,30)|
(75,5),(78,5)|(66,6),(71,6)|(74,6),(75,6)|(96,6),(109,6)|(46,7),(49,7)|(65,7),(66,7)|(71,7),(72,7)|(73,7),(74,7)|(78,7),(79,7)|(94,7),(96,7)|(109,7),(110,7)|(45,8),(46,8)|(49,8),(51,8)|(79,8),(80,8)|(84,8),(86,8)|(93,8),(94,8)|(110,8),(112,8)|(45,9),(46,9)|(51,9),(56,9)|(64,9),(65,9)|(72,9),(73,9)|(83,9),(84,9)|(86,9),(88,9)|(92,9),(93,9)|(112,9),(114,9)|(46,10),(48,10)|(56,10),(60,10)|(63,10),(64,10)|(82,10),(83,10)|(88,10),(89,10)|(102,10),(106,10)|(114,10),(117,10)|(48,11),(49,11)|(60,11),(63,11)|(81,11),(82,11)|(91,11),(92,11)|(101,11),(102,11)|(106,11),(110,11)|(117,11),(118,11)|(49,12),(56,12)|(90,12),(91,12)|(98,12),(101,12)|(110,12),(112,12)|(118,12),(119,12)|(56,13),(59,13)|(80,13),(81,13)|(89,13),(90,13)|(97,13),(98,13)|(112,13),(114,13)|(59,14),(60,14)|(95,14),(97,14)|(119,14),(120,14)|(60,15),(61,15)|(94,15),(95,15)|(114,15),(115,15)|(120,15),(121,15)|(66,16),(69,16)|(93,16),(94,16)|(115,16),(116,16)|(121,16),(122,16)|(127,16),(132,16)|(65,17),(66,17)|(69,17),(73,17)|(92,17),(93,17)|(126,17),(127,17)|(132,17),(133,17)|(60,18),(61,18)|(73,18),(75,18)|(122,18),(123,18)|(125,18),(126,18)|(133,18),(135,18)|(59,19),(60,19)|(64,19),(65,19)|(75,19),(76,19)|(116,19),(117,19)|(124,19),(125,19)|(58,20),(59,20)|(76,20),(79,20)|(91,20),(92,20)|(123,20),(124,20)|(57,21),(58,21)|(63,21),(64,21)|(79,21),(82,21)|(134,21),(135,21)|(56,22),(57,22)|(82,22),(83,22)|(84,22),(86,22)|(91,22),(94,22)|(15,23),(20,23)|(54,23),(56,23)|(87,23),(88,23)|(94,23),(97,23)|(134,23),(135,23)|(12,24),(15,24)|(20,24),(23,24)|(52,24),(54,24)|(61,24),(63,24)|(88,24),(90,24)|(97,24),(101,24)|(117,24),(118,24)|(135,24),(137,24)|(10,25),(12,25)|(23,25),(26,25)|(50,25),(52,25)|(59,25),(61,25)|(90,25),(93,25)|(101,25),(108,25)|(124,25),(128,25)|(137,25),(140,25)|(26,26),(31,26)|(48,26),(50,26)|(58,26),(59,26)|(93,26),(96,26)|(108,26),(115,26)|(117,26),(118,26)|(123,26),(124,26)|(128,26),(129,26)|(140,26),(145,26)|(8,27),(10,27)|(31,27),(32,27)|(46,27),(48,27)|(56,27),(58,27)|(96,27),(99,27)|(115,27),(117,27)|(121,27),(123,27)|(129,27),(132,27)|(145,27),(147,27)|(6,28),(8,28)|(13,28),(17,28)|(32,28),(35,28)|(41,28),(46,28)|(55,28),(56,28)|(99,28),(113,28)|(118,28),(121,28)|(132,28),(135,28)|(147,28),(148,28)|(3,29),(6,29)|(12,29),(13,29)|(17,29),(22,29)|(35,29),(41,29)|(50,29),(55,29)|(113,29),(118,29)|(135,29),(137,29)|(148,29),(150,29)|(3,30),(6,30)|(10,30),(12,30)|(22,30),(27,30)|(49,30),(50,30)|(137,30),(141,30)|(147,30),(150,30)|(6,31),(10,31)|(27,31),(35,31)|(45,31),(49,31)|(141,31),(143,31)|(146,31),(147,31)|(35,32),(45,32)|(143,32),(146,32)|
(86,22),(87,23)|
None|
None|
None|
end file : SB_C08