Piece : SS_LAB3
48x35
1157x469
################################################
################################################
###########........############...........######
#########=---------########=#=#.........---=####
###########........########|#|#...........######
####.|..|..................|.|............######
####.|..|..................|..............######
####.|..|.................................|..|.#
####.|..|.................................|..|.#
####.|..|.................................|..|.#
####.|..|.................................|..|.#
####.|..|.................................|..|.#
####.|..|.................................####.#
####.|..|.................................####.#
####.####.................................####.#
####.####.................................####.#
####.####.................................####.#
####.####.................................####.#
####.####.................................####.#
####.|..|.................................####.#
####.|..|.................................####.#
####.|..|.................................|..|.#
####.|..|....................................|.#
####.|..|....................................|.#
####.|..|....................................|.#
####.|..|....................................|.#
####.|..|....................................|.#
####.|..|....................................|.#
####.|..|.................|...............|..|.#
##########................|...............######
##########..............|.|...............######
########=--.......-#####|#|####........----=####
##########.........#####=#=####...........######
################################################
################################################
(4,5),(4,29)|(5,14),(5,19)|(8,31),(8,32)|(9,3),(9,4)|(9,14),(9,19)|(10,29),(10,31)|(10,32),(10,33)|(11,2),(11,3)|(11,4),(11,5)|(19,2),(19,5)|(19,31),(19,33)|(24,31),(24,33)|(25,31),(25,33)|(26,31),(26,33)|(27,3),(27,5)|(27,31),(27,33)|(28,3),(28,5)|(29,3),(29,5)|(30,3),(30,5)|(31,2),(31,5)|(31,31),(31,33)|(42,2),(42,3)|(42,4),(42,7)|(42,12),(42,21)|(42,29),(42,31)|(42,32),(42,33)|(44,3),(44,4)|(44,31),(44,32)|(46,12),(46,21)|(47,7),(47,29)|
(11,2),(19,2)|(31,2),(42,2)|(9,3),(11,3)|(27,3),(28,3)|(29,3),(30,3)|(42,3),(44,3)|(9,4),(11,4)|(42,4),(44,4)|(4,5),(11,5)|(19,5),(27,5)|(28,5),(29,5)|(30,5),(31,5)|(42,7),(47,7)|(42,12),(46,12)|(5,14),(9,14)|(5,19),(9,19)|(42,21),(46,21)|(4,29),(10,29)|(42,29),(47,29)|(8,31),(10,31)|(19,31),(24,31)|(25,31),(26,31)|(27,31),(31,31)|(42,31),(44,31)|(8,32),(10,32)|(42,32),(44,32)|(10,33),(19,33)|(24,33),(25,33)|(26,33),(27,33)|(31,33),(42,33)|
None|
None|
(5.5,5),(5.5,14)|(5.5,19),(5.5,29)|(8.5,5),(8.5,14)|(8.5,19),(8.5,29)|(24.5,30),(24.5,32)|(26.5,28),(26.5,32)|(27.5,4),(27.5,7)|(29.5,4),(29.5,6)|(42.5,7),(42.5,12)|(42.5,21),(42.5,22)|(42.5,28),(42.5,29)|(45.5,7),(45.5,12)|(45.5,21),(45.5,29)|
(10,3.5),(19,3.5)|(40,3.5),(43,3.5)|(9,31.5),(11,31.5)|(18,31.5),(19,31.5)|(39,31.5),(43,31.5)|
end file : SS_LAB3