Pièce : SB_A10
taille : 54x35
######################################################
######################################################
######################################################
######################################################
######################################################
#####################...#####.########################
####################.....###...#######################
###################......###...#######################
##################........#.....######################
#################.........#......#####################
#################................#####################
#################.................##.#################
##############.##.................#...################
##############..#.......................##############
##############............................############
##############..............................##########
##############...............................#########
#############.................................########
#############..................................#######
############...................................#######
###########.....................................######
########........................................######
#####=..........................................######
#######........................................#######
###########....................................#######
###############...............................########
##################......................##############
######################################################
######################=####=####=#####################
######################################################
######################################################
######################################################
######################################################
######################################################
######################################################
(5,22),(5,23)|(7,23),(7,24)|(8,21),(8,22)|(11,20),(11,21)|(11,24),(11,25)|(12,19),(12,20)|(13,17),(13,19)|(14,12),(14,17)|(15,12),(15,13)|(15,25),(15,26)|(16,13),(16,14)|(17,9),(17,14)|(18,8),(18,9)|(18,26),(18,27)|(19,7),(19,8)|(20,6),(20,7)|(21,5),(21,6)|(22,28),(22,29)|(23,28),(23,29)|(24,5),(24,6)|(25,6),(25,8)|(26,8),(26,10)|(27,8),(27,10)|(27,28),(27,29)|(28,6),(28,8)|(28,28),(28,29)|(29,5),(29,6)|(30,5),(30,6)|(31,6),(31,8)|(32,8),(32,9)|(32,28),(32,29)|(33,9),(33,11)|(33,28),(33,29)|(34,11),(34,13)|(35,12),(35,13)|(36,11),(36,12)|(37,11),(37,12)|(38,12),(38,13)|(40,13),(40,14)|(40,26),(40,27)|(42,14),(42,15)|(44,15),(44,16)|(45,16),(45,17)|(46,17),(46,18)|(46,25),(46,26)|(47,18),(47,20)|(47,23),(47,25)|(48,20),(48,23)|
(21,5),(24,5)|(29,5),(30,5)|(20,6),(21,6)|(24,6),(25,6)|(28,6),(29,6)|(30,6),(31,6)|(19,7),(20,7)|(18,8),(19,8)|(25,8),(26,8)|(27,8),(28,8)|(31,8),(32,8)|(17,9),(18,9)|(32,9),(33,9)|(26,10),(27,10)|(33,11),(34,11)|(36,11),(37,11)|(14,12),(15,12)|(35,12),(36,12)|(37,12),(38,12)|(15,13),(16,13)|(34,13),(35,13)|(38,13),(40,13)|(16,14),(17,14)|(40,14),(42,14)|(42,15),(44,15)|(44,16),(45,16)|(13,17),(14,17)|(45,17),(46,17)|(46,18),(47,18)|(12,19),(13,19)|(11,20),(12,20)|(47,20),(48,20)|(8,21),(11,21)|(5,22),(8,22)|(5,23),(7,23)|(47,23),(48,23)|(7,24),(11,24)|(11,25),(15,25)|(46,25),(47,25)|(15,26),(18,26)|(40,26),(46,26)|(18,27),(40,27)|(22,28),(23,28)|(27,28),(28,28)|(32,28),(33,28)|(22,29),(23,29)|(27,29),(28,29)|(32,29),(33,29)|




