Pièce : SH_A12
taille : 48x35
################################################
################################################
################################################
##############################/..............###
###..........................................###
###..........................................###
###..........................................###
###.............................../#/........###
###...............................###........###
###............--#########----..../#/.../#/..###
###..............#=#####=#.........|....###..###
##/..........----#########---......|..../#/..###
##.............../#######/.........|.....|...###
##................/#####/......###.|.....|...###
##--#########...............---#=..|.....|....=#
##..#=#####=#..................#################
##--#########------------------#################
##../#######/..................#################
##/../#####/.................................###
###.....................##...................###
###.....................##....................=#
###...........##################################
###....../#/..#####.#.#.###=#=##.#.#.#.#########
###......###..#####.#.#.########.#.#.#.#########
###....../#/.................................###
###./#/...|..................................###
###.###...|.....................##...........###
###./#/...|.....................##...........###
###..|....|...##################################
###..|....|...#####=#=#=##################=#####
###..|....|...##################################
#####H##########################################
#####=#=##=#=###################################
################################################
################################################
3,4|31,3|30,4|35,7|34,8|37,8|36,7|35,10|34,9|37,9|36,10|41,9|40,10|43,10|42,9|3,11|2,12|41,12|40,11|43,11|42,12|17,12|26,12|19,14|24,14|31,13|34,14|34,13|45,14|13,14|4,17|13,17|31,18|45,18|3,19|2,18|6,19|11,19|24,19|26,19|45,20|14,21|19,22|21,22|20,22|23,22|22,22|24,22|24,21|26,21|32,22|34,22|33,22|36,22|35,22|38,22|37,22|39,22|10,22|9,23|12,23|11,22|14,24|19,24|21,24|20,24|23,24|22,24|24,24|32,24|34,24|33,24|36,24|35,24|38,24|37,24|39,24|45,24|10,25|9,24|12,24|11,25|5,25|4,26|7,26|6,25|32,26|34,26|5,28|4,27|7,27|6,28|14,28|32,28|34,28|45,28|3,31|14,31|