Pièce : SH_A21
taille : 48x35
################################################
################################################
####=....|.....................|.........|.=####
#########H#####################H#########H######
#####....|.....................|.........|.#####
#####....|.....................|.........|.#####
#####....|.....................|.........|.#####
###=.....|.....................|.........|.#####
#####....|..####...............|.........|....=#
############################...|....########.###
#################=#.#.#.#.##...|....##.#.###.###
###################.#.#.#.##...|....##.#.###.###
#####....|.....................|...........#.###
#####....|.....................|...........#.###
###=.....|.....................|...........#.###
#########H##...................|...........#.###
#########|##...................|...........#.###
#########|##...................|...........#.###
#####....|.....................|...........#.###
#####....|.....................|...........#.###
#####....|.....................|...........#.###
#####....|.....................|...........#.###
#####....|.....................|...........#.###
#####....|.....................|....####...#.###
#####....|.....####............|..../##/...#.###
#####....|...../##/............|....|##|...#.###
#####....|.....|##|....####....|....|..|...#.###
#####....|.....|..|..../##/....|....|..|...#.###
#####....|.....|..|....|##|....|....|..|...#.###
#####....|.....|..|....|..|....|....|..|...#.###
#####../#H#/...|..|....|..|....|....|..|......=#
#########=#####################H################
#############################=#=#=##############
################################################
################################################
(3,7),(3,8)|(3,14),(3,15)|(4,2),(4,3)|(5,4),(5,7)|(5,8),(5,9)|(5,12),(5,14)|(5,18),(5,31)|(9,3),(9,4)|(9,15),(9,18)|(9,30),(9,32)|(10,3),(10,4)|(10,15),(10,18)|(10,30),(10,32)|(12,8),(12,9)|(12,15),(12,18)|(16,8),(16,9)|(17,10),(17,11)|(18,10),(18,11)|(19,10),(19,12)|(20,10),(20,12)|(21,10),(21,12)|(22,10),(22,12)|(23,10),(23,12)|(24,10),(24,12)|(25,10),(25,12)|(26,10),(26,12)|(28,9),(28,12)|(29,32),(29,33)|(30,32),(30,33)|(31,3),(31,4)|(31,31),(31,33)|(32,3),(32,4)|(32,31),(32,33)|(33,32),(33,33)|(34,32),(34,33)|(36,9),(36,12)|(38,10),(38,12)|(39,10),(39,12)|(40,10),(40,12)|(41,3),(41,4)|(41,10),(41,12)|(42,3),(42,4)|(43,4),(43,8)|(43,12),(43,30)|(44,2),(44,3)|(44,9),(44,30)|(45,9),(45,30)|(47,8),(47,9)|(47,30),(47,31)|
(4,4),(44,2)|(4,4),(9,3)|(10,10),(31,3)|(32,32),(41,3)|(42,42),(44,3)|(5,5),(9,4)|(10,10),(31,4)|(32,32),(41,4)|(42,42),(43,4)|(3,3),(5,7)|(3,3),(5,8)|(12,12),(16,8)|(43,43),(47,8)|(5,5),(12,9)|(16,16),(28,9)|(36,36),(44,9)|(45,45),(47,9)|(17,17),(18,10)|(19,19),(20,10)|(21,21),(22,10)|(23,23),(24,10)|(25,25),(26,10)|(38,38),(39,10)|(40,40),(41,10)|(17,17),(18,11)|(5,5),(19,12)|(20,20),(21,12)|(22,22),(23,12)|(24,24),(25,12)|(26,26),(28,12)|(36,36),(38,12)|(39,39),(40,12)|(41,41),(43,12)|(3,3),(5,14)|(3,3),(9,15)|(10,10),(12,15)|(5,5),(9,18)|(10,10),(12,18)|(36,36),(40,23)|(15,15),(19,24)|(23,23),(27,26)|(37,37),(39,26)|(16,16),(18,27)|(24,24),(26,29)|(9,9),(10,30)|(43,43),(44,30)|(45,45),(47,30)|(5,5),(31,31)|(32,32),(47,31)|(9,9),(10,32)|(29,29),(30,32)|(33,33),(34,32)|(29,29),(30,33)|(31,31),(32,33)|(33,33),(34,33)|
(11,30),(12,31)|(15,25),(16,26)|(23,27),(24,28)|(36,24),(37,25)|
(7,31),(8,30)|(18,26),(19,25)|(26,28),(27,27)|(39,25),(40,24)|
(9.5,2),(9.5,3)|(9.5,4),(9.5,9)|(9.5,12),(9.5,15)|(9.5,16),(9.5,30)|(15.5,26),(15.5,31)|(18.5,26),(18.5,31)|(23.5,28),(23.5,31)|(26.5,28),(26.5,31)|(31.5,2),(31.5,3)|(31.5,4),(31.5,31)|(36.5,25),(36.5,31)|(39.5,25),(39.5,31)|(41.5,2),(41.5,3)|(41.5,4),(41.5,9)|

end file : SH_A21