Pièce : SH_A14
taille : 48x35
############################....................
#############################...................
##=....................=####....................
##########################......................
###....................##.......................
###.............................................
###.............................................
###.............................................
###.............................................
###......#########..............................
###......#=#####=#.............................#
###......#########............................##
###....../#######/...........................###
###......./#####/............................###
###.........................####.............###
###........................./##/....####.....###
###.........................|##|..../##/......=#
###.|.......................|..|....|##|.....###
###.|.........../#/.........|..|....|..|....####
#=..|.../#/.....###....|....|..|....|..|...#####
####H...###...../#/....H###############H########
###.|.../#/......|.....|.######=#######=########
###.|....|.......|.....|.#######################
###.|....|.......|.....|.#######################
#####/...|.......|..../#########################
#########H#######H##############################
#######=#=#=#=#=#=#=############################
################################################
################################################
################################################
################################################
################################################
################################################
################################################
################################################
(1,19),(1,20)|(2,2),(2,3)|(3,4),(3,19)|(3,21),(3,24)|(4,20),(4,21)|(7,26),(7,27)|(8,26),(8,27)|(9,9),(9,25)|(10,10),(10,11)|(10,25),(10,27)|(11,10),(11,11)|(11,26),(11,27)|(12,26),(12,27)|(13,26),(13,27)|(14,26),(14,27)|(15,26),(15,27)|(16,10),(16,11)|(16,26),(16,27)|(17,10),(17,11)|(17,25),(17,27)|(18,9),(18,25)|(19,26),(19,27)|(20,26),(20,27)|(23,4),(23,5)|(24,2),(24,3)|(24,20),(24,21)|(25,4),(25,5)|(25,21),(25,24)|(26,3),(26,4)|(28,0),(28,1)|(28,2),(28,3)|(29,1),(29,2)|(31,17),(31,21)|(32,14),(32,21)|(39,18),(39,20)|(40,15),(40,20)|(43,19),(43,20)|(44,18),(44,19)|(45,12),(45,16)|(45,17),(45,18)|(46,11),(46,12)|(47,10),(47,11)|(47,16),(47,17)|
(28,28),(29,1)|(2,2),(24,2)|(28,28),(29,2)|(2,2),(24,3)|(26,26),(28,3)|(3,3),(23,4)|(25,25),(26,4)|(23,23),(25,5)|(9,9),(18,9)|(10,10),(11,10)|(16,16),(17,10)|(47,47),(48,10)|(10,10),(11,11)|(16,16),(17,11)|(46,46),(47,11)|(45,45),(46,12)|(28,28),(32,14)|(36,36),(40,15)|(45,45),(47,16)|(29,29),(31,17)|(45,45),(47,17)|(37,37),(39,18)|(44,44),(45,18)|(1,1),(3,19)|(43,43),(44,19)|(1,1),(4,20)|(24,24),(39,20)|(40,40),(43,20)|(3,3),(4,21)|(24,24),(25,21)|(31,31),(32,21)|(31,31),(32,22)|(39,39),(40,22)|(3,3),(25,24)|(9,9),(10,25)|(17,17),(18,25)|(7,7),(8,26)|(11,11),(12,26)|(13,13),(14,26)|(15,15),(16,26)|(19,19),(20,26)|(7,7),(8,27)|(9,9),(10,27)|(11,11),(12,27)|(13,13),(14,27)|(15,15),(16,27)|(17,17),(18,27)|(19,19),(20,27)|
(5,24),(6,25)|(8,21),(9,22)|(9,12),(11,14)|(10,19),(11,20)|(16,20),(17,21)|(18,18),(19,19)|(28,15),(29,16)|(36,16),(37,17)|
(8,20),(9,19)|(10,22),(11,21)|(16,14),(18,12)|(16,19),(17,18)|(18,21),(19,20)|(22,25),(23,24)|(22,25),(31,16)|(22,25),(32,15)|(39,17),(40,16)|
(4.5,17),(4.5,20)|(4.5,21),(4.5,24)|(9.5,22),(9.5,25)|(17.5,21),(17.5,25)|(23.5,19),(23.5,20)|(23.5,21),(23.5,24)|(28.5,16),(28.5,20)|(31.5,16),(31.5,20)|(36.5,17),(36.5,20)|(39.5,17),(39.5,20)|

end file : SH_A14