Pièce : SH_A09
taille : 48x35
####################################............
########=#=##########################...........
########.#.###########################..........
#####..............................###..........
###=...............................####.........
########################################........
######.#######.########.#######.######..........
####/...........................................
###/............................................
###.............................................
###......................####...................
###....................../##/...................
###......................|##|...................
###.........|............|..|...................
###......|..|............|..|...................
###......####....|.......|..|...................
###....../##/....|..|....|..|.................#.
###......|##|....|..|....|..|................###
#=.......|..|....####....####................###
######...|..|..../##/..../##/........|.......###
######......|....|##|....|##|........|.......###
###.........|....|..|....|..|........|..|....###
###.........|....|..|....|..|........####....###
###......|..|.###H##H###.|..|......../##/....###
###......####.###|##|###.|..|........|##|....###
###....../##/.###|##|###.|..|........|..|..#####
###......|##|.##.|..|.############...|..|...=###
###..#...|..|.##.|..|.############...|..|..#####
#=..####.|..|....|..|.##.|..|...##...|..|.######
#################H######.|..|...################
#####################.##.###H##.################
###...........#######.##.#=#=##.##...........###
#=...............|..|....######...............=#
################################################
################################################
(1,18),(1,19)|(1,28),(1,29)|(1,32),(1,33)|(3,4),(3,5)|(3,18),(3,21)|(3,28),(3,31)|(3,32),(4,28)|(4,29),(5,3)|(5,4),(5,27)|(5,28),(6,6)|(6,7),(6,19)|(6,21),(6,27)|(6,28),(7,6)|(7,7),(8,1)|(8,3),(8,28)|(8,29),(9,1)|(9,3),(10,1)|(10,3),(11,1)|(11,3),(14,6)|(14,7),(14,23)|(14,28),(14,31)|(14,32),(15,6)|(15,7),(16,26)|(16,28),(21,30)|(22,26),(22,29)|(22,30),(22,32)|(23,6),(23,7)|(24,6),(24,7)|(24,23),(24,26)|(24,28),(24,32)|(25,10),(25,33)|(26,31),(26,32)|(27,31),(27,32)|(28,32),(29,10)|(29,32),(31,6)|(31,7),(31,30)|(31,33),(32,6)|(32,7),(32,28)|(32,32),(34,26)|(34,29),(34,31)|(34,32),(35,3)|(35,5),(36,0)|(36,1),(37,1)|(37,2),(38,2)|(38,4),(38,6)|(38,7),(39,4)|(39,5),(40,5)|(40,6),(42,28)|(42,29),(43,25)|(43,26),(43,27)|(43,28),(45,17)|(45,25),(45,26)|(45,27),(45,31)|(45,32),(46,16)|(46,17),(47,16)|(47,17),(47,32)|(47,33),(48,17)|
(36,0),(8,1)|(9,1),(10,1)|(11,1),(36,1)|(37,1),(37,2)|(38,2),(5,3)|(8,3),(9,3)|(10,3),(11,3)|(35,3),(3,4)|(5,4),(38,4)|(39,4),(3,5)|(35,5),(39,5)|(40,5),(6,6)|(7,6),(14,6)|(15,6),(23,6)|(24,6),(31,6)|(32,6),(38,6)|(40,6),(6,7)|(7,7),(14,7)|(15,7),(23,7)|(24,7),(31,7)|(32,7),(38,7)|(25,10),(29,10)|(46,16),(47,16)|(45,17),(46,17)|(47,17),(48,17)|(1,18),(3,18)|(1,19),(6,19)|(3,21),(6,21)|(14,23),(24,23)|(43,25),(45,25)|(16,26),(22,26)|(24,26),(34,26)|(43,26),(45,26)|(5,27),(6,27)|(43,27),(45,27)|(1,28),(3,28)|(4,28),(5,28)|(6,28),(8,28)|(14,28),(16,28)|(24,28),(32,28)|(42,28),(43,28)|(1,29),(4,29)|(8,29),(22,29)|(34,29),(42,29)|(21,30),(22,30)|(31,30),(3,31)|(14,31),(26,31)|(27,31),(34,31)|(45,31),(1,32)|(3,32),(14,32)|(22,32),(24,32)|(26,32),(27,32)|(28,32),(29,32)|(32,32),(34,32)|(45,32),(47,32)|(1,33),(25,33)|(31,33),(47,33)|(9,16),(10,17)|(9,25),(10,26)|(17,19),(18,20)|(25,11),(26,12)|(25,11),(37,23)|(25,11),(38,24)|(25,19),(26,20)|(3,9),(5,7)|(12,17),(13,16)|(12,26),(13,25)|(20,20),(21,19)|(20,20),(28,12)|(20,20),(29,11)|(28,20),(29,19)|(40,24),(41,23)|