Pièce : SH_A07
taille : 48x35
################################################
################################################
################################################
################################################
################################################
###################################=##=#########
###################################|##|#########
##=..........##..........=########.|..|.########
############.##.####.#############.|..|.########
############.##.####=#############.|..|.########
############.##.##################.|..|.########
############.##.##################.|..|.########
############.##.##################.|..|.########
############.##.##################.|..|.########
############.##.##################.|..|.########
############+##+##################.|..|.########
####........|..|...................|..|......###
####........|..|...................|..|......###
####........|..|...................|..|......###
##=.........|..|...................|..|.......=#
####........|..|...................|..|......###
#########/.....|../#############################
##########/....|./#################=##=#########
###########....|.###############################
###########....|.###############################
###########....|.###############################
###########....|.###############################
###########.|..|.###############################
###########.|..|.###############################
###########.|..|.###############################
###########.|..|.###############################
###########.|..|.###############################
###############H################################
############=##=################################
################################################
(2,7),(2,8)|(2,19),(2,20)|(4,16),(4,19)|(4,20),(4,21)|(12,8),(12,16)|(12,33),(12,34)|(13,7),(13,16)|(13,33),(13,34)|(15,7),(15,16)|(15,32),(15,34)|(16,8),(16,16)|(16,32),(16,34)|(20,8),(20,10)|(21,8),(21,10)|(26,7),(26,8)|(34,7),(34,16)|(35,5),(35,7)|(35,22),(35,23)|(36,5),(36,7)|(36,22),(36,23)|(38,5),(38,7)|(38,22),(38,23)|(39,5),(39,7)|(39,22),(39,23)|(40,7),(40,16)|(45,16),(45,19)|(45,20),(45,21)|(47,19),(47,20)|
(35,35),(36,5)|(38,38),(39,5)|(2,2),(13,7)|(15,15),(26,7)|(34,34),(35,7)|(36,36),(38,7)|(39,39),(40,7)|(2,2),(12,8)|(16,16),(20,8)|(21,21),(26,8)|(20,20),(21,10)|(4,4),(12,16)|(13,13),(15,16)|(16,16),(34,16)|(40,40),(45,16)|(2,2),(4,19)|(45,45),(47,19)|(2,2),(4,20)|(45,45),(47,20)|(4,4),(45,21)|(35,35),(36,22)|(38,38),(39,22)|(35,35),(36,23)|(38,38),(39,23)|(11,11),(15,32)|(16,16),(17,32)|(12,12),(13,33)|(12,12),(13,34)|(15,15),(16,34)|
(9,21),(11,23)|
(17,23),(19,21)|
(12.5,21),(12.5,27)|(12.5,32),(15.5,32)|(35.5,6),(35.5,21)|(38.5,6),(38.5,21)|

end file : SH_A07