Pièce : SH_A10
taille : 48x35
................................................
.................|..............................
.................|..|...........................
.................####...........................
................./##/...........................
.................|##|..........|................
.................|..|..........|................
.................|..|..........|....####........
.................|..|.......|..|..../##/........
.................|..|.......|..|....|##|........
.................|..|.......|..|....|..|........
..........|......|..|.......|..|....|..|........
.......|..|......|..|.......####....|..|........
.......|..|......####......./##/....|..|........
.......|..|....../##/.......|##|....|..|........
.......####......|##|.......|..|....|..|........
......./##/......|..|.......|..|....####........
.......|##|......|..|.......|..|..../##/........
.......|..|......|..|.......|..|....|##|........
.......|..|......|####......|..|....|..|........
.......|..|......###############....|..|........
.......|..|......###########=####...|..|........
.############################################...
.####.########################################..
.####.#########################################.
..###.######################=##################.
..###.######################.##################.
..###.#######......................############.
...##.....................................####..
...##########......................######.####..
..#######################################.####..
..##############=#=######################=####..
.##############################################.
.##############################################.
.##############################################.
(1,22),(1,25)|(1,32),(1,35)|(2,25),(2,28)|(2,30),(2,32)|(3,28),(3,30)|(5,23),(5,29)|(6,23),(6,28)|(13,27),(13,28)|(13,29),(13,30)|(16,31),(16,32)|(17,3),(17,13)|(17,20),(17,22)|(17,31),(17,32)|(18,6),(18,16)|(18,19),(18,20)|(18,31),(18,32)|(19,31),(19,32)|(20,6),(20,16)|(21,3),(21,13)|(22,19),(22,20)|(28,12),(28,21)|(28,22),(28,25)|(29,15),(29,21)|(29,22),(29,25)|(32,12),(32,20)|(33,21),(33,22)|(35,27),(35,28)|(35,29),(35,30)|(36,7),(36,16)|(37,10),(37,19)|(39,10),(39,19)|(40,7),(40,16)|(41,29),(41,32)|(42,28),(42,32)|(45,22),(45,23)|(46,23),(46,24)|(46,28),(46,32)|(47,24),(47,28)|(47,32),(47,35)|
(17,17),(21,3)|(18,18),(20,6)|(36,36),(40,7)|(37,37),(39,10)|(28,28),(32,12)|(17,17),(21,13)|(7,7),(11,15)|(29,29),(31,15)|(18,18),(20,16)|(36,36),(40,16)|(8,8),(10,18)|(18,18),(22,19)|(37,37),(39,19)|(17,17),(18,20)|(22,22),(32,20)|(28,28),(29,21)|(32,32),(33,21)|(1,1),(17,22)|(28,28),(29,22)|(33,33),(45,22)|(5,5),(6,23)|(45,45),(46,23)|(46,46),(47,24)|(1,1),(2,25)|(28,28),(29,25)|(13,13),(28,27)|(29,29),(35,27)|(2,2),(3,28)|(6,6),(13,28)|(35,35),(42,28)|(46,46),(47,28)|(5,5),(13,29)|(35,35),(41,29)|(2,2),(3,30)|(13,13),(35,30)|(16,16),(17,31)|(18,18),(19,31)|(1,1),(2,32)|(16,16),(17,32)|(18,18),(19,32)|(41,41),(42,32)|(46,46),(47,32)|(1,1),(47,35)|
(7,16),(8,17)|(17,4),(18,5)|(17,14),(18,15)|(28,13),(29,14)|(36,8),(37,9)|(36,17),(37,18)|
(10,17),(11,16)|(20,5),(21,4)|(20,15),(21,14)|(31,14),(32,13)|(39,9),(40,8)|(39,18),(40,17)|
(7.5,12),(7.5,15)|(7.5,17),(7.5,22)|(10.5,11),(10.5,15)|(10.5,17),(10.5,22)|(17.5,1),(17.5,3)|(17.5,5),(17.5,13)|(17.5,15),(17.5,20)|(20.5,2),(20.5,3)|(20.5,5),(20.5,13)|(20.5,15),(20.5,19)|(28.5,8),(28.5,12)|(28.5,14),(28.5,20)|(31.5,5),(31.5,12)|(31.5,14),(31.5,20)|(36.5,9),(36.5,16)|(36.5,18),(36.5,22)|(39.5,9),(39.5,16)|(39.5,18),(39.5,22)|

end file : SH_A10