Pièce : SH_A11
taille : 51x35
###################################################
###################################################
######................../##########################
######..........................................###
####=............###............................###
######............=#............................###
####################------...................---###
####################............................###
####################............................###
######..........................................###
######........................#########.........###
####=....##......###........--#=#####=#--.......###
######...##.......=#..........#########.........###
####################----------/#######/---------###
####################.........../#####/..........###
####################............................###
######.............../#/........................###
######...............###........................###
####=............###./#/..................../#/.###
######............=#..|.....................###.###
####################--+---................../#/.###
####################..|......................|..###
####################..|......................|..###
######................|......................|..###
######................|.#/................/#.|.####
####=............###..|.####################.|.####
######............=#--+-####################.|.####
####################..|.####################.|.####
########.###########..|.#/................/#.|.####
########.###########..|......................|.####
####=....##....##.....|......................|.####
########.##.##.##.#######/................/########
########....##....###########################=#####
############################=#=#=#=#=#=#=##########
###################################################
25,3|24,2|48,3|6,4|17,5|17,4|20,4|6,5|6,6|6,9|20,9|6,11|30,10|39,10|9,11|11,11|17,12|17,11|20,11|6,12|6,13|9,13|11,13|30,13|39,13|32,15|37,15|6,16|20,16|22,16|21,17|24,17|23,16|6,18|17,19|17,18|20,18|22,19|21,18|24,18|23,19|45,18|44,19|47,19|46,18|6,19|6,20|45,21|44,20|47,20|46,21|6,23|20,23|6,25|24,24|26,25|25,24|43,24|42,25|44,24|47,24|48,24|17,26|17,25|20,25|6,26|6,27|8,28|9,28|24,29|26,28|25,29|43,29|42,28|44,29|8,30|11,30|15,30|17,30|20,30|8,31|9,32|11,32|12,31|14,31|15,32|17,32|18,31|26,32|25,31|43,31|42,32|47,31|8,33|12,33|14,33|18,33|