Pièce : SH_A19
taille : 48x35
################################################
################################################
################################################
#######################=########################
#######################|########################
#####################..|..######################
#####################..|..######################
#####################..|..######################
#####################..|..######################
#####################..|..######################
#####################..|..######################
#####################..|..######################
#####################..|..######################
#####################..|..######################
######........|..|.....|......|..|....|...######
######........|..|.....|......|..|....|...######
######........|..|.....|......|..|....|...######
######........|..|.....|......|..|........######
######........|..|.....|......####........######
######........|..|.....|....../##/........######
######........####.....|.......##.........######
######......../##/....................##..######
######.........##...................#####.######
######..............................############
######..............................############
######..............................#####.######
######.................|............#####.######
######.................|...........######.######
#######................|...........######.######
#########..............|............#####.######
################################################
###########=###########=########################
################################################
################################################
################################################
6,14|6,28|7,28|7,29|9,29|9,30|11,31|11,32|12,31|12,32|15,23|17,23|21,5|21,14|23,3|23,31|23,32|24,3|24,31|24,32|26,5|26,14|31,21|33,21|35,27|35,29|36,22|36,27|36,29|36,30|38,21|38,22|40,21|40,22|41,22|41,23|41,25|41,30|42,14|42,23|42,25|42,30|
(6,14),(6,28)|(7,28),(7,29)|(9,29),(9,30)|(11,31),(11,32)|(12,31),(12,32)|(15,23),(17,23)|(21,5),(21,14)|(23,3),(23,31)|(23,32),(24,3)|(24,31),(24,32)|(26,5),(26,14)|(31,21),(33,21)|(35,27),(35,29)|(36,22),(36,27)|(36,29),(36,30)|(38,21),(38,22)|(40,21),(40,22)|(41,22),(41,23)|(41,25),(41,30)|(42,14),(42,23)|(42,25),(42,30)|
(23,3),(24,3)|(21,5),(26,5)|(6,14),(21,14)|(26,14),(42,14)|(31,21),(33,21)|(38,21),(40,21)|(36,22),(38,22)|(40,22),(41,22)|(15,23),(17,23)|(41,23),(42,23)|(41,25),(42,25)|(35,27),(36,27)|(6,28),(7,28)|(7,29),(9,29)|(35,29),(36,29)|(9,30),(36,30)|(41,30),(42,30)|(11,31),(12,31)|(23,31),(24,31)|(11,32),(12,32)|(23,32),(24,32)|