Pièce : SH_A04
taille : 54x37
######################################################
######################################################
#################################H###H###H###H########
#############..H...H.............H...H...H...H.#######
############...H...H.............H...H...H...H..?#####
###########?###H###H###.......###H###H###H###H########
############...H...H.............H...H...H...H..######
############...H...H.............H...H...H...H..######
############.......H.............H...H...H...H..######
############.......H.................H...H...H..######
###########..........................H.......H..######
###########.....................................######
###########.............../#/...................######
###########............/#/###...................######
##########.........#...######....................#####
###########.......####.#######..........H.......######
#################################.......H....#########
#################################.......H.H..#.#######
#################################.......###..#+#######
###############/../#####/../####/......./#/...H.######
##############/..../###/..../##/....H...H#H...H.######
##############......###......##...H.H...H.H...H.######
##############......###......##...###...H.H...H.######
##############......###......##.../#/...H.H...H.######
##############......###......##...H#H...H.H...H..?####
##############......###......##...H.H...H.H...HH######
##############......###......##...H.H...###...H.######
##############......###...........H.H.../#/...H.######
##############......###.......##..H.H...H#H...H.######
##############......###......###..H.H...H.H...H..#####
##############......###......#####H.H...H.H...H.######
######################################################
######################################################
######################################################
######################################################
######################################################
######################################################
47,3|12,4|13,4|47,4|23,6|23,5|30,6|30,5|48,6|11,10|12,10|27,12|29,13|28,12|10,14|11,14|24,13|23,14|25,14|48,14|49,14|20,14|19,14|10,15|11,15|18,15|20,15|19,15|22,15|29,15|30,15|48,15|49,15|11,16|18,16|22,16|23,16|30,16|33,16|46,17|45,16|47,17|48,16|45,19|48,19|16,19|18,19|25,19|27,19|33,19|41,20|40,19|43,19|42,20|14,21|20,21|23,21|29,21|31,21|35,24|34,23|37,23|36,24|48,24|29,27|31,27|41,28|40,27|43,27|42,28|30,28|32,28|48,29|49,29|29,29|30,29|32,30|48,30|49,30|14,31|20,31|23,31|29,31|48,31|