Pièce : SH_A16
taille : 48x35
################################################
################################################
################################################
#################################=##############
#################################|##############
####..|..|..|..|..|..|...........|..############
####..|..|..|..|..|..|...........|..############
##=......|..|..|..|..............|..############
####........|.....|..............|..############
##=.........|.....|..............|..############
#######...........|...#########..|..############
#######...............#########..|..############
####.....................######..|..############
####.....................######..|..############
####.....................######..|..############
###############################..|..############
#########=##=##=##=##=#########..|..############
###############################..|..############
###############################..|..############
###############################..|..############
###############################..|..############
###############################..|..############
###############################..|..############
###############################..|..############
###############################..|..############
####.............................|..############
####.............................|..############
####.............................|..############
##=..............................|..############
####.............................|..############
##########............###########H##############
##############.....##############=##############
################################################
################################################
################################################
(2,7),(2,8)|(2,9),(2,10)|(2,28),(2,29)|(4,5),(4,7)|(4,8),(4,9)|(4,12),(4,15)|(4,25),(4,28)|(4,29),(4,30)|(7,10),(7,12)|(9,16),(9,17)|(10,16),(10,17)|(10,30),(10,31)|(12,16),(12,17)|(13,16),(13,17)|(14,31),(14,32)|(15,16),(15,17)|(16,16),(16,17)|(18,16),(18,17)|(19,16),(19,17)|(19,31),(19,32)|(21,16),(21,17)|(22,10),(22,12)|(22,16),(22,17)|(22,30),(22,31)|(25,12),(25,15)|(31,10),(31,25)|(33,3),(33,5)|(33,30),(33,32)|(34,3),(34,5)|(34,30),(34,32)|(36,5),(36,30)|
(33,33),(34,3)|(4,4),(33,5)|(34,34),(36,5)|(2,2),(4,7)|(2,2),(4,8)|(2,2),(4,9)|(2,2),(7,10)|(22,22),(31,10)|(4,4),(7,12)|(22,22),(25,12)|(4,4),(25,15)|(9,9),(10,16)|(12,12),(13,16)|(15,15),(16,16)|(18,18),(19,16)|(21,21),(22,16)|(9,9),(10,17)|(12,12),(13,17)|(15,15),(16,17)|(18,18),(19,17)|(21,21),(22,17)|(4,4),(31,25)|(2,2),(4,28)|(2,2),(4,29)|(4,4),(10,30)|(22,22),(33,30)|(34,34),(36,30)|(10,10),(14,31)|(19,19),(22,31)|(14,14),(19,32)|(33,33),(34,32)|


(6.5,5),(6.5,7)|(9.5,5),(9.5,8)|(12.5,5),(12.5,10)|(15.5,5),(15.5,8)|(18.5,5),(18.5,11)|(21.5,5),(21.5,7)|(33.5,4),(33.5,30)|

end file : SH_A16