Pièce : SH_A22
taille : 48x35
################################################
################################################
########=##############=########################
########|##############|########################
######..|..###########.|.############..|..######
######..|..###########.|.##########=...|..######
######..|..###########.|.##############H########
######..|..###########.|.############..|..######
######..|..###########.|.############..|..######
######..|..###########.|.############.....######
######..|..###########.|.############.....######
######..|..###########.|..=##########.....######
######..|..##########################.....######
######..|..##########################.....######
######..|..##########################.....######
###.....|..............................|.....###
###.....|..............................|.....###
###.....|..............................|.....###
###.....|..............................|.....###
###.....|..............................|.....###
###.....|..............................|.....###
###.....|......................./#/....|.....###
###.....|....#..................###....|.....###
###.....|...####.................#.....|.....###
################################################
#####.####################################.#####
#####.####################################.#####
#####.#####..........................#####.#####
#####......................................#####
###########..........................###########
################################################
###################=#=##########################
################################################
################################################
################################################
(3,15),(3,24)|(5,25),(5,29)|(6,4),(6,15)|(6,25),(6,28)|(8,2),(8,4)|(9,2),(9,4)|(11,4),(11,15)|(11,27),(11,28)|(11,29),(11,30)|(12,23),(12,24)|(13,22),(13,23)|(14,22),(14,23)|(16,23),(16,24)|(19,31),(19,32)|(20,31),(20,32)|(21,31),(21,32)|(22,4),(22,12)|(22,31),(22,32)|(23,2),(23,4)|(24,2),(24,4)|(25,4),(25,11)|(27,11),(27,12)|(33,23),(33,24)|(34,23),(34,24)|(35,5),(35,6)|(37,4),(37,5)|(37,7),(37,15)|(37,27),(37,28)|(37,29),(37,30)|(39,6),(39,7)|(40,6),(40,7)|(42,4),(42,6)|(42,7),(42,15)|(42,25),(42,28)|(43,25),(43,29)|(45,15),(45,24)|
(8,8),(9,2)|(23,23),(24,2)|(6,6),(8,4)|(9,9),(11,4)|(22,22),(23,4)|(24,24),(25,4)|(37,37),(42,4)|(35,35),(37,5)|(35,35),(39,6)|(40,40),(42,6)|(37,37),(39,7)|(40,40),(42,7)|(25,25),(27,11)|(22,22),(27,12)|(3,3),(6,15)|(11,11),(37,15)|(42,42),(45,15)|(13,13),(14,22)|(12,12),(13,23)|(14,14),(16,23)|(32,32),(33,23)|(34,34),(35,23)|(3,3),(12,24)|(16,16),(33,24)|(34,34),(45,24)|(5,5),(6,25)|(42,42),(43,25)|(11,11),(37,27)|(6,6),(11,28)|(37,37),(42,28)|(5,5),(11,29)|(37,37),(43,29)|(11,11),(37,30)|(19,19),(20,31)|(21,21),(22,31)|(19,19),(20,32)|(21,21),(22,32)|
(34,21),(35,22)|
(32,22),(33,21)|
(8.5,3),(8.5,24)|(23.5,3),(23.5,12)|(39.5,4),(39.5,6)|(39.5,7),(39.5,9)|(39.5,15),(39.5,24)|

end file : SH_A22