Pièce : SH_B16
taille : 104x35
########################################################################################################
########################################################################################################
########################################################################################################
########################################################################################################
########################################################################################################
########################################################################################################
########################################################################################################
########################################################################################################
########################################################################################################
########################################################################################################
########################################################################################################
########################################################################################################
########################################################################################################
########################################################################################################
########################################################################################################
#####..........................................#########################################################
#####..........................................#########################################################
#####..........................................#########################################################
#####..........................................#########################################################
#####..........................................#########################################################
#####...........................|..............#########################################################
#####........................####..............#########################################################
#####.............|..|......./##/..............#########################################################
#####.............####.......|##|..............#########################################################
#####............./##/.......|..|..............#########################################################
#####.........|...|##|.......|..|..............#########################################################
#####.........|...|..|.......|..|..............#########################################################
####..........|...|..|.......|..|../#/./#/........................................................######
##=..........###..|..|...####|..|..###.###......########...........................................=####
####........#####.|..|###########../#/./#/.....#############..............................###.....######
########################################################################################################
########################################################################################################
########################################################################################################
########################################################################################################
########################################################################################################
2,28|2,29|4,27|4,28|4,29|4,30|5,15|5,27|12,29|12,30|13,28|13,29|16,28|16,29|17,29|17,30|18,24|19,25|21,25|22,24|25,28|25,29|29,21|29,22|30,23|32,23|33,22|33,30|35,28|35,30|36,27|36,29|37,27|37,29|38,28|38,30|39,28|39,30|40,27|40,29|41,27|41,29|42,28|42,30|47,15|47,27|47,29|47,30|48,28|48,29|56,28|56,29|60,29|60,30|90,29|90,30|93,29|93,30|98,27|98,28|98,29|98,30|100,28|100,29|
(2,28),(2,29)|(4,27),(4,28)|(4,29),(4,30)|(5,15),(5,27)|(12,29),(12,30)|(13,28),(13,29)|(16,28),(16,29)|(17,29),(17,30)|(18,24),(19,25)|(21,25),(22,24)|(25,28),(25,29)|(29,21),(29,22)|(30,23),(32,23)|(33,22),(33,30)|(35,28),(35,30)|(36,27),(36,29)|(37,27),(37,29)|(38,28),(38,30)|(39,28),(39,30)|(40,27),(40,29)|(41,27),(41,29)|(42,28),(42,30)|(47,15),(47,27)|(47,29),(47,30)|(48,28),(48,29)|(56,28),(56,29)|(60,29),(60,30)|(90,29),(90,30)|(93,29),(93,30)|(98,27),(98,28)|(98,29),(98,30)|(100,28),(100,29)|
(5,15),(47,15)|(29,21),(29,22)|(33,22),(30,23)|(32,23),(18,24)|(22,24),(19,25)|(21,25),(4,27)|(5,27),(36,27)|(37,27),(40,27)|(41,27),(47,27)|(98,27),(2,28)|(4,28),(13,28)|(16,28),(25,28)|(35,28),(38,28)|(39,28),(42,28)|(48,28),(56,28)|(98,28),(100,28)|(2,29),(4,29)|(12,29),(13,29)|(16,29),(17,29)|(25,29),(36,29)|(37,29),(40,29)|(41,29),(47,29)|(48,29),(56,29)|(60,29),(90,29)|(93,29),(98,29)|(100,29),(4,30)|(12,30),(17,30)|(33,30),(35,30)|(38,30),(39,30)|(42,30),(47,30)|(60,30),(90,30)|(93,30),(98,30)|