Pièce : SH_B05
taille : 104x35
########################################################################################################
###=####################################################################################################
###|####################################################################################################
##.|...............................................................................................#####
##.|...............................................................................................#####
##.|...............................................................................................#####
##.|...............................................................................................#####
##.|...............................................................................................#####
##.|...............................................................................................#####
##.#...............................................................................................#####
######.............................................................................................#####
#####..................................................................###.........................#####
##...................................................###......###......###......###........|.......#####
##...............###......###...............###......###......###......###......###........|........=###
##......###......###......###......###......###......###......###.......|.......###....../#H#/.....#####
##......###......###......###......###......###.......|........|........|........|.......##=############
##......###.......|........|.......###.......|........|........|........|........|.......###############
##.......|........|........|........|........|........|........|........|........|.......###############
##.......|........|........|........|........|........|........|........|........|.......###############
##.......|........|........|........|........|........|........|........|........|........=#############
##.......|........|........|........|........|........|........|........|........|.......###############
##.......|........|........|........|........|....../#H#/..../#H#/..../#H#/..../#H#/......=#############
##.......|........|........|........|...............###########=########=########=######################
##.......|.................|........|...............####################################################
##.......|.................|........|...............####################################################
##.......|.................|........|........|......####################################################
##.......|........|........|........|........|......####################################################
##.......|........|........|........|........|......####################################################
##.......|........|........|........|........|.......=##################################################
##.......|........|........|........|........|......####################################################
##...../###/..../###/..../#H#/..../###/..../#H#/.....=##################################################
#########=########=########=########=########=##########################################################
########################################################################################################
########################################################################################################
########################################################################################################
2,3|2,10|2,12|2,31|3,1|3,10|4,1|4,10|5,11|5,12|6,10|6,11|7,31|8,14|8,17|8,30|9,31|9,32|10,31|10,32|11,14|11,17|11,30|12,31|16,31|17,13|17,16|17,30|18,31|18,32|19,31|19,32|20,13|20,16|20,30|21,31|25,31|26,13|26,16|26,30|27,32|28,32|29,13|29,16|29,30|30,31|34,31|35,14|35,17|35,30|36,31|36,32|37,31|37,32|38,14|38,17|38,30|39,31|43,31|44,13|44,16|44,30|45,32|46,32|47,13|47,16|47,30|48,31|52,22|52,28|52,29|52,30|53,12|53,15|53,21|54,28|54,29|54,30|54,31|56,12|56,15|56,21|57,22|61,22|62,12|62,15|62,21|63,23|64,23|65,12|65,15|65,21|66,22|70,22|71,11|71,14|71,21|72,23|73,23|74,11|74,14|74,21|75,22|79,22|80,12|80,15|80,21|81,23|82,23|83,12|83,15|83,21|84,22|89,15|89,19|89,20|89,21|90,14|91,16|91,19|91,20|91,21|91,22|92,16|93,14|94,15|99,3|99,13|99,14|99,15|101,13|101,14|
(2,3),(2,10)|(2,12),(2,31)|(3,1),(3,10)|(4,1),(4,10)|(5,11),(5,12)|(6,10),(6,11)|(7,31),(8,14)|(8,17),(8,30)|(9,31),(9,32)|(10,31),(10,32)|(11,14),(11,17)|(11,30),(12,31)|(16,31),(17,13)|(17,16),(17,30)|(18,31),(18,32)|(19,31),(19,32)|(20,13),(20,16)|(20,30),(21,31)|(25,31),(26,13)|(26,16),(26,30)|(27,32),(28,32)|(29,13),(29,16)|(29,30),(30,31)|(34,31),(35,14)|(35,17),(35,30)|(36,31),(36,32)|(37,31),(37,32)|(38,14),(38,17)|(38,30),(39,31)|(43,31),(44,13)|(44,16),(44,30)|(45,32),(46,32)|(47,13),(47,16)|(47,30),(48,31)|(52,22),(52,28)|(52,29),(52,30)|(53,12),(53,15)|(53,21),(54,28)|(54,29),(54,30)|(54,31),(56,12)|(56,15),(56,21)|(57,22),(61,22)|(62,12),(62,15)|(62,21),(63,23)|(64,23),(65,12)|(65,15),(65,21)|(66,22),(70,22)|(71,11),(71,14)|(71,21),(72,23)|(73,23),(74,11)|(74,14),(74,21)|(75,22),(79,22)|(80,12),(80,15)|(80,21),(81,23)|(82,23),(83,12)|(83,15),(83,21)|(84,22),(89,15)|(89,19),(89,20)|(89,21),(90,14)|(91,16),(91,19)|(91,20),(91,21)|(91,22),(92,16)|(93,14),(94,15)|(99,3),(99,13)|(99,14),(99,15)|(101,13),(101,14)|
(3,1),(4,1)|(2,3),(99,3)|(2,10),(3,10)|(4,10),(6,10)|(5,11),(6,11)|(71,11),(74,11)|(2,12),(5,12)|(53,12),(56,12)|(62,12),(65,12)|(80,12),(83,12)|(17,13),(20,13)|(26,13),(29,13)|(44,13),(47,13)|(99,13),(101,13)|(8,14),(11,14)|(35,14),(38,14)|(71,14),(74,14)|(90,14),(93,14)|(99,14),(101,14)|(53,15),(56,15)|(62,15),(65,15)|(80,15),(83,15)|(89,15),(94,15)|(99,15),(17,16)|(20,16),(26,16)|(29,16),(44,16)|(47,16),(91,16)|(92,16),(8,17)|(11,17),(35,17)|(38,17),(89,19)|(91,19),(89,20)|(91,20),(53,21)|(56,21),(62,21)|(65,21),(71,21)|(74,21),(80,21)|(83,21),(89,21)|(91,21),(52,22)|(57,22),(61,22)|(66,22),(70,22)|(75,22),(79,22)|(84,22),(91,22)|(63,23),(64,23)|(72,23),(73,23)|(81,23),(82,23)|(52,28),(54,28)|(52,29),(54,29)|(8,30),(11,30)|(17,30),(20,30)|(26,30),(29,30)|(35,30),(38,30)|(44,30),(47,30)|(52,30),(54,30)|(2,31),(7,31)|(9,31),(10,31)|(12,31),(16,31)|(18,31),(19,31)|(21,31),(25,31)|(30,31),(34,31)|(36,31),(37,31)|(39,31),(43,31)|(48,31),(54,31)|(9,32),(10,32)|(18,32),(19,32)|(27,32),(28,32)|(36,32),(37,32)|(45,32),(46,32)|