Pièce : SH_B01
taille : 107x35
.....................................................................................................######
..........................................................................................|..........######
..........................................................................................|..........######
..........................................................................................|..........######
..........................................................................................|..........######
..........................................................................................|..........######
..........................................................................................|..........######
..........................................................................................|..........######
..........................................................................................|...........=####
######....................................................................................|..........######
######--..................................................................................|...........=####
######-.......................................................................###################H#########
######....................|.....................................................####.#.#=######.#|#########
/####/....................|........................................................#.#.########.#|#########
./##/...........######....|............###########################........................|......|...######
..##............######....|............#########=#################........................|......|...######
..##............#####.....|............###########################........................|......|...######
..##............#####.....|............/####/./####/./####/./####/........................|......|...######
..##...........######.....|............./##/.../##/.../##/.../##/...|.....................|......|....=####
..##...........######.....|...#######....##.....##.....##.....##....|.....................|......|...######
..##............#####.....|...#######....##.....##.....##.....##....|.....................|......|..#######
..##............#####.....|....######....##.....##.....##.....##....|.....................|......|..#######
..##....#####...#####.....|....######....##.....##.....##.....##....|.....................|......|...######
..##....#####...######....|....#######...##.....##.....##.....##....|.....######..........|......|...######
..##....#####...######....|....#######...##.....##.....##.....##....|.....#######.......######...|...######
..##...######...#####.....|....######....##.....##.....##.....##....|.....#######...|...######...|...######
..##...######...#####.....|...#######....##............##.....##....|.....######....|..#######...|...######
..##....#####...#####.....|...#######.....#....###............#.....|.....######....|..########..|...######
..##....#####...#####.....|....######.........####.##..###..........|.....######....|...#######..|..#######
##########################H#####################################/...|....#######/...|../######...|.########
######=#######=########=##=#=#########=#############################H###############H############H#########
##################################################################=####=##########=############=###########
###########################################################################################################
###########################################################################################################
###########################################################################################################
0,9|0,13|0,29|2,15|2,29|4,15|4,29|6,9|6,13|6,30|6,31|7,25|7,27|7,30|7,31|8,22|8,25|8,27|8,29|13,22|13,29|14,30|14,31|15,18|15,20|15,30|15,31|16,14|16,18|16,20|16,29|21,16|21,23|21,25|21,29|22,14|22,16|22,23|22,25|23,30|23,31|24,30|24,31|26,31|27,31|28,30|28,31|29,30|29,31|30,19|30,21|30,26|30,28|31,21|31,26|31,28|31,29|37,19|37,23|37,25|37,29|38,23|38,25|38,30|38,31|39,14|39,17|39,30|39,31|41,19|41,27|42,27|42,28|43,19|43,28|45,17|46,17|46,28|46,29|47,27|47,28|48,15|48,16|48,19|48,26|49,15|49,16|50,19|50,26|50,27|50,29|51,28|51,29|52,17|53,17|53,28|53,29|55,19|55,27|55,28|55,29|57,19|57,27|58,28|58,29|59,17|60,17|62,19|62,28|63,27|63,28|64,19|64,27|64,29|65,30|66,14|66,17|66,31|66,32|67,31|67,32|71,31|71,32|72,31|72,32|73,29|73,30|74,23|74,29|78,11|78,12|80,12|80,13|80,23|80,24|80,26|80,29|81,24|81,26|81,30|82,31|82,32|83,13|83,14|83,31|83,32|84,12|84,14|85,12|85,14|86,12|86,14|87,12|87,14|87,26|87,28|87,30|88,12|88,13|88,24|88,26|88,28|88,29|89,12|89,13|94,24|94,27|94,29|94,30|95,12|95,14|95,27|95,29|95,31|95,32|96,12|96,14|96,31|96,32|99,29|99,30|100,20|100,22|100,28|100,29|101,0|101,8|101,9|101,10|101,14|101,18|101,19|101,20|101,22|101,28|103,8|103,9|103,10|103,11|103,18|103,19|
(0,9),(0,13)|(0,29),(2,15)|(2,29),(4,15)|(4,29),(6,9)|(6,13),(6,30)|(6,31),(7,25)|(7,27),(7,30)|(7,31),(8,22)|(8,25),(8,27)|(8,29),(13,22)|(13,29),(14,30)|(14,31),(15,18)|(15,20),(15,30)|(15,31),(16,14)|(16,18),(16,20)|(16,29),(21,16)|(21,23),(21,25)|(21,29),(22,14)|(22,16),(22,23)|(22,25),(23,30)|(23,31),(24,30)|(24,31),(26,31)|(27,31),(28,30)|(28,31),(29,30)|(29,31),(30,19)|(30,21),(30,26)|(30,28),(31,21)|(31,26),(31,28)|(31,29),(37,19)|(37,23),(37,25)|(37,29),(38,23)|(38,25),(38,30)|(38,31),(39,14)|(39,17),(39,30)|(39,31),(41,19)|(41,27),(42,27)|(42,28),(43,19)|(43,28),(45,17)|(46,17),(46,28)|(46,29),(47,27)|(47,28),(48,15)|(48,16),(48,19)|(48,26),(49,15)|(49,16),(50,19)|(50,26),(50,27)|(50,29),(51,28)|(51,29),(52,17)|(53,17),(53,28)|(53,29),(55,19)|(55,27),(55,28)|(55,29),(57,19)|(57,27),(58,28)|(58,29),(59,17)|(60,17),(62,19)|(62,28),(63,27)|(63,28),(64,19)|(64,27),(64,29)|(65,30),(66,14)|(66,17),(66,31)|(66,32),(67,31)|(67,32),(71,31)|(71,32),(72,31)|(72,32),(73,29)|(73,30),(74,23)|(74,29),(78,11)|(78,12),(80,12)|(80,13),(80,23)|(80,24),(80,26)|(80,29),(81,24)|(81,26),(81,30)|(82,31),(82,32)|(83,13),(83,14)|(83,31),(83,32)|(84,12),(84,14)|(85,12),(85,14)|(86,12),(86,14)|(87,12),(87,14)|(87,26),(87,28)|(87,30),(88,12)|(88,13),(88,24)|(88,26),(88,28)|(88,29),(89,12)|(89,13),(94,24)|(94,27),(94,29)|(94,30),(95,12)|(95,14),(95,27)|(95,29),(95,31)|(95,32),(96,12)|(96,14),(96,31)|(96,32),(99,29)|(99,30),(100,20)|(100,22),(100,28)|(100,29),(101,0)|(101,8),(101,9)|(101,10),(101,14)|(101,18),(101,19)|(101,20),(101,22)|(101,28),(103,8)|(103,9),(103,10)|(103,11),(103,18)|
(101,0),(101,8)|(103,8),(0,9)|(6,9),(101,9)|(103,9),(101,10)|(103,10),(78,11)|(103,11),(78,12)|(80,12),(84,12)|(85,12),(86,12)|(87,12),(88,12)|(89,12),(95,12)|(96,12),(0,13)|(6,13),(80,13)|(83,13),(88,13)|(89,13),(16,14)|(22,14),(39,14)|(66,14),(83,14)|(84,14),(85,14)|(86,14),(87,14)|(95,14),(96,14)|(101,14),(2,15)|(4,15),(48,15)|(49,15),(21,16)|(22,16),(48,16)|(49,16),(39,17)|(45,17),(46,17)|(52,17),(53,17)|(59,17),(60,17)|(66,17),(15,18)|(16,18),(101,18)|(103,18),(30,19)|(37,19),(41,19)|(43,19),(48,19)|(50,19),(55,19)|(57,19),(62,19)|(64,19),(101,19)|(103,19),(15,20)|(16,20),(100,20)|(101,20),(30,21)|(31,21),(8,22)|(13,22),(100,22)|(101,22),(21,23)|(22,23),(37,23)|(38,23),(74,23)|(80,23),(80,24)|(81,24),(88,24)|(94,24),(7,25)|(8,25),(21,25)|(22,25),(37,25)|(38,25),(30,26)|(31,26),(48,26)|(50,26),(80,26)|(81,26),(87,26)|(88,26),(7,27)|(8,27),(41,27)|(42,27),(47,27)|(50,27),(55,27)|(57,27),(63,27)|(64,27),(94,27)|(95,27),(30,28)|(31,28),(42,28)|(43,28),(46,28)|(47,28),(51,28)|(53,28),(55,28)|(58,28),(62,28)|(63,28),(87,28)|(88,28),(100,28)|(101,28),(0,29)|(2,29),(4,29)|(8,29),(13,29)|(16,29),(21,29)|(31,29),(37,29)|(46,29),(50,29)|(51,29),(53,29)|(55,29),(58,29)|(64,29),(73,29)|(74,29),(80,29)|(88,29),(94,29)|(95,29),(99,29)|(100,29),(6,30)|(7,30),(14,30)|(15,30),(23,30)|(24,30),(28,30)|(29,30),(38,30)|(39,30),(65,30)|(73,30),(81,30)|(87,30),(94,30)|(99,30),(6,31)|(7,31),(14,31)|(15,31),(23,31)|(24,31),(26,31)|(27,31),(28,31)|(29,31),(38,31)|(39,31),(66,31)|(67,31),(71,31)|(72,31),(82,31)|(83,31),(95,31)|(96,31),(66,32)|(67,32),(71,32)|(72,32),(82,32)|(83,32),(95,32)|