Pièce : SH_B10
taille : 104x35
########################################################################################################
########################################################################################################
########################################################################################################
#################################################################################################|######
###############################################################################################..|..####
###############################################################################################..|..####
####...|...|..####...####..####..####..####...........#########################################..|..####
##################...####..####..####..####...........#########################################..|..####
##################...####..####..####..####...........#########################################..|..####
##################...####..####..####..####...........#########################################..|..####
##################...####...#.#..####....#............#########################################..|..####
####...|...|..........##..........#...................######.........###.........###.........##..|..####
####...#...#..........#................................#####.........###.........###.........##..|..####
####...|...|..............................................##.........###.........###.........##..|..####
####.......|..........................................###.##.........###.........###.........##..|..####
####...............................................######.##.........###.........###.............|..####
####..................................................###.............##.........##..........#...|..####
####..................................................#####..................................##..|..####
####..................................................######.........##..........###.........##..|..####
##=...................................................#########################################..|..####
####..................................................#########################################..|..####
##=..............................................................................................|..####
####.............................................................................................|..####
##=..............................................................................................|..####
####............................................................##......................####.....|..####
#########............................................/###########################################H######
######.##.........................................../############################################=######
######.##........................................../####################################################
######.##........................................./#####################################################
######.##.........................................######################################################
######.##.........................................######################################################
######............................................######################################################
#########........########.....#######.............######################################################
#####################=###########=######################################################################
########################################################################################################
(2,19),(2,20)|(2,21),(2,22)|(2,23),(2,24)|(4,6),(4,7)|(4,11),(4,19)|(4,20),(4,21)|(4,22),(4,23)|(4,24),(4,25)|(6,26),(6,32)|(7,12),(7,13)|(7,26),(7,31)|(8,12),(8,13)|(9,25),(9,31)|(9,32),(9,33)|(11,12),(11,13)|(12,12),(12,13)|(14,6),(14,7)|(17,32),(17,33)|(18,6),(18,11)|(21,6),(21,11)|(21,33),(21,34)|(22,11),(22,13)|(22,33),(22,34)|(23,12),(23,13)|(24,11),(24,12)|(25,6),(25,11)|(25,32),(25,33)|(27,6),(27,10)|(28,10),(28,11)|(29,10),(29,11)|(30,10),(30,11)|(30,32),(30,33)|(31,6),(31,11)|(33,6),(33,11)|(33,33),(33,34)|(34,11),(34,12)|(34,33),(34,34)|(35,11),(35,12)|(37,6),(37,11)|(37,32),(37,33)|(39,6),(39,10)|(41,10),(41,11)|(42,10),(42,11)|(43,6),(43,10)|(51,15),(51,16)|(54,6),(54,12)|(54,14),(54,15)|(54,16),(54,21)|(55,12),(55,13)|(57,14),(57,17)|(58,13),(58,16)|(59,17),(59,18)|(60,11),(60,16)|(60,18),(60,19)|(64,24),(64,25)|(66,24),(66,25)|(69,11),(69,16)|(69,18),(69,19)|(70,16),(70,17)|(71,18),(71,19)|(72,11),(72,17)|(81,11),(81,17)|(81,18),(81,19)|(83,16),(83,17)|(84,11),(84,16)|(84,18),(84,19)|(88,24),(88,25)|(92,24),(92,25)|(93,11),(93,15)|(93,16),(93,19)|(94,16),(94,17)|(95,4),(95,15)|(95,17),(95,21)|(97,3),(97,4)|(97,25),(97,27)|(98,3),(98,4)|(98,25),(98,27)|(100,4),(100,25)|
(97,97),(98,3)|(95,95),(97,4)|(98,98),(100,4)|(4,4),(14,6)|(18,18),(21,6)|(25,25),(27,6)|(31,31),(33,6)|(37,37),(39,6)|(43,43),(54,6)|(4,4),(14,7)|(27,27),(28,10)|(29,29),(30,10)|(39,39),(41,10)|(42,42),(43,10)|(4,4),(18,11)|(21,21),(22,11)|(24,24),(25,11)|(28,28),(29,11)|(30,30),(31,11)|(33,33),(34,11)|(35,35),(37,11)|(41,41),(42,11)|(60,60),(69,11)|(72,72),(81,11)|(84,84),(93,11)|(7,7),(8,12)|(11,11),(12,12)|(23,23),(24,12)|(34,34),(35,12)|(54,54),(55,12)|(7,7),(8,13)|(11,11),(12,13)|(22,22),(23,13)|(55,55),(58,13)|(54,54),(57,14)|(51,51),(54,15)|(93,93),(95,15)|(51,51),(54,16)|(58,58),(60,16)|(69,69),(70,16)|(83,83),(84,16)|(93,93),(94,16)|(57,57),(59,17)|(70,70),(72,17)|(81,81),(83,17)|(94,94),(95,17)|(59,59),(60,18)|(69,69),(71,18)|(81,81),(84,18)|(2,2),(4,19)|(60,60),(69,19)|(71,71),(81,19)|(84,84),(93,19)|(2,2),(4,20)|(2,2),(4,21)|(54,54),(95,21)|(2,2),(4,22)|(2,2),(4,23)|(2,2),(4,24)|(64,64),(66,24)|(88,88),(92,24)|(4,4),(9,25)|(64,64),(66,25)|(88,88),(92,25)|(97,97),(98,25)|(6,6),(7,26)|(97,97),(98,27)|(7,7),(9,31)|(6,6),(9,32)|(17,17),(25,32)|(30,30),(37,32)|(9,9),(17,33)|(21,21),(22,33)|(25,25),(30,33)|(33,33),(34,33)|(37,37),(50,33)|(21,21),(22,34)|(33,33),(34,34)|

(50,29),(54,25)|
(7.5,6),(7.5,7)|(7.5,11),(7.5,12)|(7.5,13),(7.5,14)|(11.5,6),(11.5,7)|(11.5,11),(11.5,12)|(11.5,13),(11.5,15)|(97.5,3),(97.5,25)|

end file : SH_B10