Pièce : SH_C09
taille : 152x35
########################################################################################################################################################
########################################################################################################################################################
########################################################################################################################################################
########################################################################################################################################################
##################################################################################################.............####............................#########
##################################################################################################.............####............................#########
##################################################################################################.............####.............................=#######
###################################################################################################............####............................#########
###################################################################################################################................##H##################
###################################################################################################################................##|##################
###################################################################################################################..................|.#################
###################################################################################################################..................|.#################
###################################################################################################..................................|.#################
##################################################################################################...................................|.#################
##################################################################################################...................................|.#################
##################################################################################################...................................|.#################
##################################################################################################...................................|.#################
#####................................................................................................................................|.#################
#####..................................................................................................................................#################
#####............................../#/......../#/............................................................../#/............/#/......#################
###=...............................###........###......................................................./#/....###...../#/....###......#################
#####...........###............##../#/.....###/#/.......................##..................##..........###..../#/.....###..../#/......#################
##################################################################################################....../#/............/#/.............#################
##################################################################################################.....................................#################
###################################################################################################...................................##################
####################################################################################################................................####################
########################################################################################################################################################
#########################################################################################################=######=#######=######=########################
########################################################################################################################################################
########################################################################################################################################################
########################################################################################################################################################
########################################################################################################################################################
########################################################################################################################################################
########################################################################################################################################################
########################################################################################################################################################
111,4|115,4|143,4|143,6|98,7|99,7|143,7|99,8|111,8|131,8|143,8|131,10|135,10|99,12|115,12|98,13|99,13|5,17|98,17|5,20|36,19|35,20|38,20|37,19|47,19|46,20|49,20|48,19|112,19|111,20|114,20|113,19|127,19|126,20|129,20|128,19|105,20|104,21|107,21|106,20|120,20|119,21|122,21|121,20|5,21|16,21|19,21|31,21|33,21|36,21|35,22|38,22|37,21|43,21|47,21|46,22|49,22|48,21|72,21|74,21|92,21|94,21|112,22|111,21|114,21|113,22|127,22|126,21|129,21|128,22|5,22|16,22|19,22|31,22|33,22|43,22|72,22|74,22|92,22|94,22|98,22|105,23|104,22|107,22|106,23|120,23|119,22|122,22|121,23|98,24|99,24|134,24|135,24|99,25|100,25|132,25|134,25|100,26|132,26|