Pièce : SH_S10
taille : 48x35
################################################
################################################
################################################
################################################
################################################
################################################
################################################
################################################
#####################...########################
#######################...######################
###########....#################################
################################################
################################################
###############################.################
#######################...#####..###############
#################=........######################
#######################...######################
################################################
################################################
################################################
##############.....#############################
##################..############################
################################################
################################################
################################################
################################################
################################################
################################################
################################################
################################################
################################################
################################################
################################################
################################################
################################################
(11,10),(11,11)|(14,20),(14,21)|(15,10),(15,11)|(17,15),(17,16)|(18,21),(18,22)|(19,20),(19,21)|(20,21),(20,22)|(21,8),(21,9)|(23,9),(23,10)|(23,14),(23,15)|(23,16),(23,17)|(24,8),(24,9)|(26,9),(26,10)|(26,14),(26,17)|(31,13),(31,15)|(32,13),(32,14)|(33,14),(33,15)|
(21,21),(24,8)|(21,21),(23,9)|(24,24),(26,9)|(11,11),(15,10)|(23,23),(26,10)|(11,11),(15,11)|(31,31),(32,13)|(23,23),(26,14)|(32,32),(33,14)|(17,17),(23,15)|(31,31),(33,15)|(17,17),(23,16)|(23,23),(26,17)|(14,14),(19,20)|(14,14),(18,21)|(19,19),(20,21)|(18,18),(20,22)|




end file : SH_S10