Pièce : LF_A06
taille : 48x35
################################################
################################################
################################################
################################################
################################################
#####=########.......###########################
#####.########.#####.###########################
#####+########+#####.#####################=#####
####.|.######.|.####.#####################|#####
####.|.######.|.####.####################.|.####
####.|.######.|.####.####################.|.####
####.|.######.|.####.####.................|.####
####.|.######.|.####......................|#####
####.|.######.|.####.####................#######
####.|.######.|.####.###########################
#####H########H#####.###########################
#####.########.#####.###########################
#####.########.#####+###########################
#####.########.####.|.##########################
#####..........####.|.##########################
##########.########.|.##########################
##########.#######/.|./#########################
##########.#######.....#########################
##########.#######.....#########################
##########.#######.....#########################
##########.#######.....#########################
#####......#######..|..#########################
#####.####.#######/.|./#########################
#####.####.########.|.##########################
#####.####.########.|.##########################
#####.####.########.|.##########################
#####=####.#########H###########################
##########...........###########################
################################################
################################################
(4,8),(4,15)|(5,5),(5,8)|(5,15),(5,20)|(5,26),(5,32)|(6,5),(6,8)|(6,15),(6,19)|(6,27),(6,32)|(7,8),(7,15)|(10,20),(10,26)|(10,27),(10,33)|(11,20),(11,32)|(13,8),(13,15)|(14,5),(14,8)|(14,15),(14,19)|(15,6),(15,8)|(15,15),(15,20)|(16,8),(16,15)|(19,18),(19,21)|(19,28),(19,31)|(20,6),(20,18)|(20,31),(20,32)|(21,5),(21,12)|(21,13),(21,18)|(21,31),(21,33)|(22,18),(22,21)|(22,28),(22,31)|(25,11),(25,12)|(25,13),(25,14)|(41,9),(41,11)|(41,13),(41,14)|(42,7),(42,9)|(43,7),(43,9)|(43,12),(43,13)|(44,9),(44,12)|
(5,5),(6,5)|(14,5),(21,5)|(15,6),(20,6)|(42,7),(43,7)|(4,8),(5,8)|(6,8),(7,8)|(13,8),(14,8)|(15,8),(16,8)|(41,9),(42,9)|(43,9),(44,9)|(25,11),(41,11)|(21,12),(25,12)|(43,12),(44,12)|(21,13),(25,13)|(41,13),(43,13)|(25,14),(41,14)|(4,15),(5,15)|(6,15),(7,15)|(13,15),(14,15)|(15,15),(16,15)|(19,18),(20,18)|(21,18),(22,18)|(6,19),(14,19)|(5,20),(10,20)|(11,20),(15,20)|(19,21),(22,21)|(5,26),(10,26)|(6,27),(10,27)|(19,28),(22,28)|(19,31),(20,31)|(21,31),(22,31)|(5,32),(6,32)|(11,32),(20,32)|(10,33),(21,33)|
(18,27),(19,28)|(22,21),(23,22)|
(18,22),(19,21)|(22,28),(23,27)|
(5.5,15),(14.5,15)|(20.5,22),(20.5,26)|(20.5,31),(42.5,8)|

end file : LF_A06