Pièce : SH_B05
taille : 104x35
########################################################################################################
###=####################################################################################################
###|####################################################################################################
##.|...............................................................................................#####
##.|...............................................................................................#####
##.|...............................................................................................#####
##.|...............................................................................................#####
##.|...............................................................................................#####
##.|...............................................................................................#####
##.#...............................................................................................#####
######.............................................................................................#####
#####..................................................................###.........................#####
##...................................................###......###......###......###........|.......#####
##...............###......###...............###......###......###......###......###........|........=###
##......###......###......###......###......###......###......###.......|.......###....../#H#/.....#####
##......###......###......###......###......###.......|........|........|........|.......##=############
##......###.......|........|.......###.......|........|........|........|........|.......###############
##.......|........|........|........|........|........|........|........|........|.......###############
##.......|........|........|........|........|........|........|........|........|.......###############
##.......|........|........|........|........|........|........|........|........|........=#############
##.......|........|........|........|........|........|........|........|........|.......###############
##.......|........|........|........|........|....../#H#/..../#H#/..../#H#/..../#H#/......=#############
##.......|........|........|........|...............###########=########=########=######################
##.......|.................|........|...............####################################################
##.......|.................|........|...............####################################################
##.......|.................|........|........|......####################################################
##.......|........|........|........|........|......####################################################
##.......|........|........|........|........|......####################################################
##.......|........|........|........|........|.......=##################################################
##.......|........|........|........|........|......####################################################
##...../###/..../###/..../#H#/..../###/..../#H#/.....=##################################################
#########=########=########=########=########=##########################################################
########################################################################################################
########################################################################################################
########################################################################################################
(2,3),(2,10)|(2,12),(2,31)|(3,1),(3,3)|(3,9),(3,10)|(4,1),(4,3)|(4,9),(4,10)|(5,11),(5,12)|(6,10),(6,11)|(8,14),(8,17)|(9,31),(9,32)|(10,31),(10,32)|(11,14),(11,17)|(17,13),(17,16)|(18,31),(18,32)|(19,31),(19,32)|(20,13),(20,16)|(26,13),(26,16)|(27,30),(27,32)|(28,30),(28,32)|(29,13),(29,16)|(35,14),(35,17)|(36,31),(36,32)|(37,31),(37,32)|(38,14),(38,17)|(44,13),(44,16)|(45,30),(45,32)|(46,30),(46,32)|(47,13),(47,16)|(52,28),(52,29)|(52,30),(53,12)|(53,15),(54,21)|(54,22),(54,28)|(54,29),(54,30)|(54,31),(55,21)|(55,22),(56,12)|(56,15),(62,12)|(62,15),(63,21)|(63,23),(64,21)|(64,23),(65,12)|(65,15),(71,11)|(71,14),(72,21)|(72,23),(73,21)|(73,23),(74,11)|(74,14),(80,12)|(80,15),(81,21)|(81,23),(82,21)|(82,23),(83,12)|(83,15),(89,19)|(89,20),(89,21)|(91,14),(91,16)|(91,19),(91,20)|(91,21),(91,22)|(92,14),(92,16)|(99,3),(99,13)|(99,14),(99,15)|(101,13),(101,14)|
(3,1),(4,1)|(2,3),(3,3)|(4,3),(99,3)|(3,9),(4,9)|(2,10),(3,10)|(4,10),(6,10)|(5,11),(6,11)|(71,11),(74,11)|(2,12),(5,12)|(53,12),(56,12)|(62,12),(65,12)|(80,12),(83,12)|(17,13),(20,13)|(26,13),(29,13)|(44,13),(47,13)|(99,13),(101,13)|(8,14),(11,14)|(35,14),(38,14)|(71,14),(74,14)|(91,14),(92,14)|(99,14),(101,14)|(53,15),(56,15)|(62,15),(65,15)|(80,15),(83,15)|(99,15),(17,16)|(20,16),(26,16)|(29,16),(44,16)|(47,16),(91,16)|(92,16),(8,17)|(11,17),(35,17)|(38,17),(89,19)|(91,19),(89,20)|(91,20),(54,21)|(55,21),(63,21)|(64,21),(72,21)|(73,21),(81,21)|(82,21),(89,21)|(91,21),(54,22)|(55,22),(91,22)|(63,23),(64,23)|(72,23),(73,23)|(81,23),(82,23)|(52,28),(54,28)|(52,29),(54,29)|(27,30),(28,30)|(45,30),(46,30)|(52,30),(54,30)|(2,31),(9,31)|(10,31),(18,31)|(19,31),(36,31)|(37,31),(54,31)|(9,32),(10,32)|(18,32),(19,32)|(27,32),(28,32)|(36,32),(37,32)|(45,32),(46,32)|
(11,30),(12,31)|(20,30),(21,31)|(29,30),(30,31)|(38,30),(39,31)|(47,30),(48,31)|(56,21),(57,22)|(65,21),(66,22)|(74,21),(75,22)|(83,21),(84,22)|(93,14),(94,15)|
(7,31),(8,30)|(16,31),(17,30)|(25,31),(26,30)|(34,31),(35,30)|(43,31),(44,30)|(43,31),(52,22)|(43,31),(53,21)|(61,22),(62,21)|(70,22),(71,21)|(79,22),(80,21)|(89,15),(90,14)|
(3.5,2),(3.5,9)|(9.5,17),(9.5,30)|(18.5,16),(18.5,23)|(18.5,26),(18.5,30)|(27.5,16),(27.5,30)|(36.5,17),(36.5,30)|(45.5,16),(45.5,22)|(45.5,25),(45.5,30)|(54.5,15),(54.5,21)|(63.5,15),(63.5,21)|(72.5,14),(72.5,21)|(81.5,15),(81.5,21)|(91.5,12),(91.5,14)|

