Pièce : SH_C12
taille : 152x35
########################################################################################################################################################
########################################################################################################################################################
########################################################################################################################################################
################################################################################################################################################=#######
######################################################################################=#########################################################|#######
##########|###########################################################################|#######################################################..|..#####
########..|..#######################################################################..|..#####################################################..|..#####
########..|..######################################################........#########..|..#####################################################..|..#####
########..|...........................................................................|.........................................................|..#####
########..............................................................................|...............................###.......................|..#####
########......######################........########################################..|..##########.............##############################..|..#####
########.....#######################################################################..|..############.........################################..|..#####
#########....#######################################################################..|..#####################################################..|.######
#########....########################################################################.|.#######################################################.|#######
######################################################################################H#########################################################H#######
##########=###########################################################################=#################################################################
########################################################################################################################################################
########################################################################################################################################################
########################################################################################################################################################
########################################################################################################################################################
########################################################################################################################################################
########################################################################################################################################################
########################################################################################################################################################
########################################################################################################################################################
########################################################################################################################################################
########################################################################################################################################################
########################################################################################################################################################
########################################################################################################################################################
########################################################################################################################################################
########################################################################################################################################################
########################################################################################################################################################
########################################################################################################################################################
########################################################################################################################################################
########################################################################################################################################################
########################################################################################################################################################
(8,6),(8,12)|(9,12),(9,14)|(10,5),(10,6)|(10,15),(10,16)|(11,5),(11,6)|(11,15),(11,16)|(13,6),(13,8)|(13,11),(13,14)|(14,10),(14,11)|(36,10),(36,11)|(44,10),(44,11)|(67,7),(67,8)|(75,7),(75,8)|(84,6),(84,8)|(84,10),(84,13)|(85,13),(85,14)|(86,4),(86,6)|(86,14),(86,16)|(87,4),(87,6)|(87,14),(87,16)|(88,13),(88,14)|(89,6),(89,8)|(89,10),(89,13)|(99,10),(99,11)|(101,11),(101,12)|(110,11),(110,12)|(112,10),(112,11)|(118,9),(118,10)|(121,9),(121,10)|(142,5),(142,8)|(142,10),(142,13)|(143,13),(143,14)|(144,3),(144,5)|(144,14),(144,15)|(145,3),(145,5)|(145,13),(145,15)|(146,12),(146,13)|(147,5),(147,12)|
(144,3),(145,3)|(86,4),(87,4)|(10,5),(11,5)|(142,5),(144,5)|(145,5),(147,5)|(8,6),(10,6)|(11,6),(13,6)|(84,6),(86,6)|(87,6),(89,6)|(67,7),(75,7)|(13,8),(67,8)|(75,8),(84,8)|(89,8),(142,8)|(118,9),(121,9)|(14,10),(36,10)|(44,10),(84,10)|(89,10),(99,10)|(112,10),(118,10)|(121,10),(142,10)|(13,11),(14,11)|(36,11),(44,11)|(99,11),(101,11)|(110,11),(112,11)|(8,12),(9,12)|(101,12),(110,12)|(146,12),(147,12)|(84,13),(85,13)|(88,13),(89,13)|(142,13),(143,13)|(145,13),(146,13)|(9,14),(13,14)|(85,14),(86,14)|(87,14),(88,14)|(143,14),(144,14)|(10,15),(11,15)|(144,15),(145,15)|(10,16),(11,16)|(86,16),(87,16)|


(10.5,5),(10.5,9)|(86.5,5),(86.5,14)|(144.5,4),(144.5,14)|

