SI_A23
48*35|-1|0
3.6319*7.1281|0|0
-220,-30
Border: Passable




20|8|15|0,31,0,0,1,-1 -1,499 11,-1 -1,-1 -1,-1 -1,-1 -1,-1 -1,-1 -1,-1 -1,499 11,-1 -1,-1 -1,-1 -1,-1 -1,-1 -1,-1 -1,-1 -1,599 21,-1 -1,-1 -1,-1 -1,-1 -1,-1 -1,-1 -1,-1 -1,65 34,48 26,-1 -1,-1 -1,-1 -1,-1 -1,-1 -1,-1 -1,65 34,47 25,-1 -1,-1 -1,-1 -1,-1 -1,-1 -1,-1 -1,499 11,-1 -1,-1 -1,-1 -1,-1 -1,-1 -1,-1 -1,-1 -1,1127 48,1013 32,-1 -1,-1 -1,-1 -1,746 31,692 22,-1 -1,-1 -1,-1 -1,-1 -1,-1 -1,-1 -1,-1 -1,-1 -1,-1 -1,66 34,50 26,-1 -1,-1 -1,-1 -1,-1 -1,-1 -1,-1 -1,-1 -1,-1 -1,-1 -1,-1 -1,-1 -1,-1 -1,-1 -1,-1 -1,-1 -1,-1 -1,-1 -1,-1 -1,-1 -1,-1 -1,-1 -1,-1 -1,-1 -1,-1 -1,-1 -1,-1 -1,-1 -1,-1 -1,-1 -1,-1 -1,118 36,102 28,-1 -1,-1 -1,-1 -1,-1 -1,-1 -1,-1 -1,-1 -1,-1 -1,-1 -1,-1 -1,-1 -1,-1 -1,-1 -1,-1 -1,259 11,-1 -1,-1 -1,-1 -1,-1 -1,-1 -1,-1 -1,|0,25,0,0,1,593 21,-1 -1,-1 -1,-1 -1,-1 -1,-1 -1,-1 -1,-1 -1,593 21,-1 -1,-1 -1,-1 -1,-1 -1,-1 -1,-1 -1,-1 -1,599 21,-1 -1,-1 -1,-1 -1,-1 -1,-1 -1,-1 -1,-1 -1,65 34,-1 -1,84 43,-1 -1,-1 -1,-1 -1,-1 -1,-1 -1,65 34,-1 -1,81 41,-1 -1,-1 -1,-1 -1,-1 -1,-1 -1,593 21,-1 -1,-1 -1,-1 -1,-1 -1,-1 -1,-1 -1,-1 -1,1127 48,-1 -1,853 37,-1 -1,-1 -1,-1 -1,808 30,831 39,-1 -1,-1 -1,-1 -1,-1 -1,-1 -1,-1 -1,-1 -1,-1 -1,66 34,-1 -1,84 43,-1 -1,-1 -1,-1 -1,-1 -1,-1 -1,-1 -1,-1 -1,-1 -1,-1 -1,-1 -1,-1 -1,-1 -1,-1 -1,-1 -1,-1 -1,-1 -1,-1 -1,-1 -1,-1 -1,-1 -1,-1 -1,-1 -1,-1 -1,-1 -1,-1 -1,-1 -1,-1 -1,-1 -1,-1 -1,118 36,-1 -1,116 35,-1 -1,-1 -1,-1 -1,-1 -1,-1 -1,-1 -1,-1 -1,-1 -1,-1 -1,-1 -1,-1 -1,-1 -1,-1 -1,4813 21,-1 -1,-1 -1,-1 -1,-1 -1,-1 -1,-1 -1,-1 -1,|1,1,0,0,1,-1 -1,-1 -1,-1 -1,-1 -1,-1 -1,-1 -1,-1 -1,-1 -1,-1 -1,-1 -1,-1 -1,-1 -1,-1 -1,-1 -1,-1 -1,-1 -1,-1 -1,-1 -1,-1 -1,-1 -1,-1 -1,-1 -1,-1 -1,-1 -1,48 26,81 33,-1 -1,-1 -1,-1 -1,-1 -1,-1 -1,-1 -1,47 25,81 41,-1 -1,-1 -1,-1 -1,-1 -1,-1 -1,-1 -1,-1 -1,-1 -1,-1 -1,-1 -1,-1 -1,-1 -1,-1 -1,-1 -1,1013 32,853 37,-1 -1,-1 -1,-1 -1,-1 -1,898 36,694 17,-1 -1,-1 -1,-1 -1,-1 -1,-1 -1,-1 -1,-1 -1,-1 -1,50 26,84 43,-1 -1,-1 -1,-1 -1,-1 -1,-1 -1,-1 -1,-1 -1,-1 -1,-1 -1,-1 -1,-1 -1,-1 -1,-1 -1,-1 -1,-1 -1,-1 -1,-1 -1,-1 -1,-1 -1,-1 -1,-1 -1,-1 -1,-1 -1,-1 -1,-1 -1,-1 -1,-1 -1,-1 -1,-1 -1,-1 -1,92 28,106 35,-1 -1,-1 -1,-1 -1,-1 -1,-1 -1,-1 -1,-1 -1,-1 -1,-1 -1,-1 -1,-1 -1,-1 -1,-1 -1,-1 -1,-1 -1,-1 -1,-1 -1,-1 -1,-1 -1,-1 -1,-1 -1,-1 -1,|3,-1,0,-1,35,-1 -1,-1 -1,-1 -1,-1 -1,-1 -1,-1 -1,-1 -1,-1 -1,-1 -1,-1 -1,-1 -1,-1 -1,-1 -1,-1 -1,-1 -1,-1 -1,-1 -1,-1 -1,-1 -1,-1 -1,-1 -1,-1 -1,-1 -1,-1 -1,-1 -1,-1 -1,-1 -1,-1 -1,-1 -1,-1 -1,-1 -1,-1 -1,-1 -1,-1 -1,-1 -1,-1 -1,-1 -1,-1 -1,-1 -1,-1 -1,-1 -1,-1 -1,-1 -1,-1 -1,-1 -1,-1 -1,-1 -1,-1 -1,-1 -1,-1 -1,-1 -1,-1 -1,-1 -1,-1 -1,-1 -1,-1 -1,-1 -1,-1 -1,-1 -1,-1 -1,-1 -1,-1 -1,-1 -1,-1 -1,-1 -1,-1 -1,-1 -1,-1 -1,-1 -1,-1 -1,-1 -1,-1 -1,-1 -1,-1 -1,-1 -1,-1 -1,-1 -1,-1 -1,-1 -1,-1 -1,-1 -1,-1 -1,-1 -1,-1 -1,-1 -1,-1 -1,-1 -1,-1 -1,-1 -1,-1 -1,-1 -1,-1 -1,94 48,-1 -1,-1 -1,-1 -1,-1 -1,-1 -1,-1 -1,-1 -1,-1 -1,-1 -1,-1 -1,-1 -1,-1 -1,-1 -1,-1 -1,-1 -1,94 48,-1 -1,-1 -1,-1 -1,-1 -1,-1 -1,-1 -1,-1 -1,-1 -1,-1 -1,-1 -1,-1 -1,|3,-1,0,-1,35,-1 -1,-1 -1,-1 -1,-1 -1,-1 -1,-1 -1,-1 -1,-1 -1,-1 -1,-1 -1,-1 -1,-1 -1,-1 -1,-1 -1,-1 -1,-1 -1,-1 -1,-1 -1,-1 -1,-1 -1,-1 -1,-1 -1,-1 -1,-1 -1,-1 -1,-1 -1,-1 -1,-1 -1,-1 -1,-1 -1,-1 -1,-1 -1,-1 -1,-1 -1,-1 -1,-1 -1,-1 -1,-1 -1,-1 -1,-1 -1,-1 -1,-1 -1,-1 -1,-1 -1,-1 -1,-1 -1,-1 -1,-1 -1,-1 -1,-1 -1,-1 -1,-1 -1,-1 -1,-1 -1,-1 -1,-1 -1,-1 -1,-1 -1,-1 -1,-1 -1,-1 -1,-1 -1,-1 -1,-1 -1,-1 -1,-1 -1,-1 -1,-1 -1,-1 -1,-1 -1,-1 -1,-1 -1,-1 -1,-1 -1,-1 -1,-1 -1,-1 -1,-1 -1,-1 -1,-1 -1,-1 -1,-1 -1,-1 -1,-1 -1,-1 -1,-1 -1,-1 -1,-1 -1,-1 -1,-1 -1,-1 -1,94 48,-1 -1,-1 -1,-1 -1,-1 -1,-1 -1,-1 -1,-1 -1,-1 -1,-1 -1,-1 -1,-1 -1,-1 -1,-1 -1,-1 -1,-1 -1,94 48,-1 -1,-1 -1,-1 -1,-1 -1,-1 -1,-1 -1,-1 -1,-1 -1,-1 -1,-1 -1,-1 -1,-1 -1,|4,-1,0,-1,48,-1 -1,-1 -1,-1 -1,-1 -1,-1 -1,-1 -1,-1 -1,-1 -1,-1 -1,-1 -1,-1 -1,-1 -1,-1 -1,-1 -1,-1 -1,-1 -1,-1 -1,-1 -1,-1 -1,-1 -1,-1 -1,-1 -1,-1 -1,-1 -1,-1 -1,-1 -1,-1 -1,-1 -1,-1 -1,-1 -1,-1 -1,-1 -1,-1 -1,-1 -1,-1 -1,-1 -1,-1 -1,-1 -1,-1 -1,-1 -1,-1 -1,-1 -1,-1 -1,-1 -1,-1 -1,-1 -1,-1 -1,-1 -1,-1 -1,-1 -1,-1 -1,-1 -1,-1 -1,-1 -1,-1 -1,-1 -1,-1 -1,-1 -1,-1 -1,-1 -1,-1 -1,-1 -1,-1 -1,-1 -1,-1 -1,-1 -1,-1 -1,-1 -1,-1 -1,-1 -1,-1 -1,-1 -1,-1 -1,-1 -1,-1 -1,-1 -1,-1 -1,-1 -1,-1 -1,-1 -1,-1 -1,-1 -1,-1 -1,-1 -1,-1 -1,-1 -1,-1 -1,-1 -1,-1 -1,-1 -1,-1 -1,-1 -1,-1 -1,-1 -1,-1 -1,-1 -1,-1 -1,-1 -1,-1 -1,-1 -1,-1 -1,-1 -1,-1 -1,-1 -1,-1 -1,-1 -1,-1 -1,-1 -1,-1 -1,-1 -1,-1 -1,-1 -1,-1 -1,-1 -1,-1 -1,-1 -1,-1 -1,-1 -1,-1 -1,-1 -1,|6,-1,0,-1,1,-1 -1,-1 -1,-1 -1,-1 -1,-1 -1,-1 -1,-1 -1,-1 -1,-1 -1,-1 -1,-1 -1,-1 -1,-1 -1,-1 -1,-1 -1,-1 -1,-1 -1,-1 -1,-1 -1,-1 -1,-1 -1,-1 -1,-1 -1,-1 -1,-1 -1,-1 -1,-1 -1,-1 -1,-1 -1,-1 -1,-1 -1,-1 -1,-1 -1,-1 -1,-1 -1,-1 -1,-1 -1,-1 -1,-1 -1,-1 -1,-1 -1,-1 -1,-1 -1,-1 -1,-1 -1,-1 -1,-1 -1,-1 -1,746 31,808 30,898 36,-1 -1,-1 -1,-1 -1,-1 -1,866 38,-1 -1,-1 -1,-1 -1,-1 -1,-1 -1,-1 -1,-1 -1,-1 -1,-1 -1,-1 -1,-1 -1,-1 -1,-1 -1,-1 -1,-1 -1,-1 -1,-1 -1,-1 -1,-1 -1,-1 -1,-1 -1,-1 -1,-1 -1,-1 -1,-1 -1,-1 -1,-1 -1,-1 -1,-1 -1,-1 -1,-1 -1,-1 -1,-1 -1,-1 -1,-1 -1,-1 -1,-1 -1,-1 -1,-1 -1,-1 -1,-1 -1,-1 -1,-1 -1,-1 -1,-1 -1,-1 -1,-1 -1,-1 -1,-1 -1,-1 -1,-1 -1,-1 -1,-1 -1,-1 -1,-1 -1,-1 -1,-1 -1,-1 -1,-1 -1,-1 -1,-1 -1,-1 -1,-1 -1,-1 -1,|6,-1,0,-1,1,-1 -1,-1 -1,-1 -1,-1 -1,-1 -1,-1 -1,-1 -1,-1 -1,-1 -1,-1 -1,-1 -1,-1 -1,-1 -1,-1 -1,-1 -1,-1 -1,-1 -1,-1 -1,-1 -1,-1 -1,-1 -1,-1 -1,-1 -1,-1 -1,-1 -1,-1 -1,-1 -1,-1 -1,-1 -1,-1 -1,-1 -1,-1 -1,-1 -1,-1 -1,-1 -1,-1 -1,-1 -1,-1 -1,-1 -1,-1 -1,-1 -1,-1 -1,-1 -1,-1 -1,-1 -1,-1 -1,-1 -1,-1 -1,692 22,831 39,694 17,-1 -1,-1 -1,-1 -1,866 38,-1 -1,-1 -1,-1 -1,-1 -1,-1 -1,-1 -1,-1 -1,-1 -1,-1 -1,-1 -1,-1 -1,-1 -1,-1 -1,-1 -1,-1 -1,-1 -1,-1 -1,-1 -1,-1 -1,-1 -1,-1 -1,-1 -1,-1 -1,-1 -1,-1 -1,-1 -1,-1 -1,-1 -1,-1 -1,-1 -1,-1 -1,-1 -1,-1 -1,-1 -1,-1 -1,-1 -1,-1 -1,-1 -1,-1 -1,-1 -1,-1 -1,-1 -1,-1 -1,-1 -1,-1 -1,-1 -1,-1 -1,-1 -1,-1 -1,-1 -1,-1 -1,-1 -1,-1 -1,-1 -1,-1 -1,-1 -1,-1 -1,-1 -1,-1 -1,-1 -1,-1 -1,-1 -1,-1 -1,-1 -1,-1 -1,|
0|0|0,4,3|0|0|0|0|0|0|0|0|0|0|0|0|0|0|0|0|0|0|0|0|0|0|0|0|0|0|0|0|0|0|0|0|0|0|0,3|0|0|0|0|0|0|0|0|0|0|0|0|0|0|0|0|0|0|0|0|0|0|0|0|0|0|0|0|0|0|0|0|0|0|0,3|0|0|0|0|0|0|0|0|0|0|0|0|0|0|1|1|2|0|0|0|0|0|0|0|0|0|0|0|0|0|0|0|0|0|0,3|0|0|0|0|0|0|0|0|0|0|0|0|0|0|1|1|1|0|0|0|0|0|0|0|0|0|0|0|0|0|0|0|0|0|0,3|0|0|0|0|0|0|0|0|0|0|0|0|0|0|1|1|2|0|0|0|0|0|0|0|0|0|0|0|0|0|0|0|0|0|0,3|0|0|0|0|0|0|0|0|0|0|0|0|0|0|0|0,2|0|0|0|0|0|0|0|0|0|0|0|0|0|0|0|0|0|0|0,3|0|0|0|0|0|0|0|0|0|0|0|0|0|0|0|0,2|0|0|0|0|0|0|0|0|0|0|0|0|0|0|0|0|0|0|0,3|0|0|0|0|0|0|0|0|0|0|0|0|0|0|0|0,2|0|0|0|0|0|0|0|0|0|0|0|0|0|0|0|0|0|0|0,3|0|0|0|0|0|0|0|0|0|0|0|0|0|0|0|0,2|0|0|0|0|0|0|0|0|0|0|0|0|0|0|0|0|0|0|0,3|0|0|0|0|0|0|0|0|0|0|0|0|0|0|0|0,2|0|0|0|0|0|0|0|0|0|0|0|0|0|0|0|0|0|0|0,3|0|0|0|0|0|0|0|0|0|0|0|0|0|0|0|0,2|0|0|0|0|0|0|0|0|0|0|0|0|0|0|0|0|0|0|0,3|0|0|0|0|0|0|0|0|0|0|0|0|0|0|0|0,2|0|0|0|0|0|0|0|0|0|0|0|0|0|0|0|0|0|0|0,3|0|0|0|0|0|0|0|0|0|0|0|0|0|0|0|0,2|0|0|0|0|0|0|0|0|0|0|0|0|0|0|0|0|0|0|0,3|0|0|0|0|0|0|0|0|0|0|0|0|0|0|0|0,2|0|0|0|0|0|0|0|0|0|0|0|0|0|0|0|0|0|0|0,3|0|0|0|0|0|0|0|0|0|0|0|0|0|0|0|0,2|0|0|0|0|0|0|0|0|0|0|0|0|0|0|0|0|0|0|0,3|0|0|0|0|0|0|0|0|0|0|0|0|0|0|0|0,2|0|0|0|0|0|0|0|0|0|0|0,2|0|0|0|0|0|0|0|0,3|0|0|0|0|0|0|0|0|0|0|0|0|0,7|1|1|1|1|1|0|0|0|0|0|0|0|0|0,2|0|0|0|0|0|0|0|0,3|0|0|0|0|0|0|0|0|0|0|0|0|0|3,6|4,3,6|1,3|1,9,3|1|0|0|0|0|0|0|0|0|0,2|0|0|0|0|0|0,6|0,6|0,3,6|0,6|0,1,6|0,1,6|0,1|0,1|0,1|0,1|0,1|0,1|0,1|0,1|0,1|0,1|1|1|1|1|1|0,1,6|0,1,6|0,1,6|0,1,6|0,1,6|0,1,6|0,1,6|0,1,6|0,1,2,6|0,1|0,1|0|0|0|0,6|0,6|0,3,6|0,3,6|0,3,6|0,3,6|0|0|0|0|0|0|0|0|0|0|3,6|4,3,6|1,3|1,3|1,3|0,3,6|0,3,6|0,3,6|0,3,6|0,3,6|0,3,6|0,3,6|0,3,6|0,3,6|0|0|0|0|0|0,6|0,6|0,6|0,6|0,6|0,3,6|0,6|0,6|0,6|0,6|0,6|0,6|0,6|0,6|0,6|0,6|1|1|1|1|1|0,6|0,6|0,6|0,6|0,6|0,6|0,6|0,6|0,3,6|0,6|0,6|0,6|0,6|0,6|0,6|0,6|0,6|0,6|0,6|0,3,6|0,6|0,6|0,6|0,6|0,6|0,6|0,6|0,6|0,6|0,6|0,6|0,6|0,2,6|0,6|0,6|0,6|0,6|0,6|0,6|0,6|0,6|0,6|0,6|0,3,6|0,6|0,6|0,6|0,6|0,6|0,6|0,6|0,6|0,6|0,6|0,3,6|0,6|0,6|0,6|0,6|0,6|0,6|0,6|0,6|0,6|0,6|0,6|0,6|0,2,6|0,6|0,6|0,6|0,6|0,6|0,6|0,6|0,6|0,6|0,6|0,2,3,6|0,6|0,6|0,6|0,6|0,6|0,6|0,6|0,6|0,6|0,6|0,3,2,6|0,6|0,6|0,6|0,6|0,6|0,6|0,6|0,6|0,6|0,6|0,6|0,6|0,2,6|0,6|0,6|0,6|0,6|0,6|0,6|0,6|0,6|0,6|0,6|0,2,3,6|0,6|0,6|0,6|0,6|0,6|0,6|0,6|0,6|0,6|0,6|0,2,3,6|0,6|0,6|0,6|0,6|0,6|0,6|0,6|0,6|0,6|0,6|0,6|0,6|0,2,6|0,6|0,6|0,6|0,6|0,6|0,6|0,6|0,6|0,6|0,6|0,2,3,6|0,6|0,6|0,6|0,6|0,6|0,6|0,6|0,6|0,6|0,6|0,2,3,6|0,6|0,6|0,6|0,6|0,6|0,6|0,6|0,6|0,6|0,6|0,6|0,6|0,2,6|0,6|0,6|0,6|0,6|0,6|0,6|0,6|0,6|1|1|1,3|1|1|0,6|0,6|0,6|0,6|0,6|0,6|1|1|1,3|1|1|0,6|0,6|0,6|0,6|0,6|0,6|0,6|0,6|0,6|0,6|0,2,6|0,6|0,6|0,6|0,6|0,6|0,6|0,6|0,6|3,6|4,3,6|1,3|1|1|0,6|0,6|0,6|0,6|0,6|0,6|3,6|4,3,6|1,3|1|1|0,6|0,6|0,6|0,6|0,6|0,6|0,6|0,6|0,6|0,6|0,2,6|0,6|0,6|0,6|0,6|0,6|0,6|0,6|0,6|1|1|1|1|1|0,6|0,6|0,6|0|0|0|1|1|1|1|1|0,6|0,6|0,6|0,6|0,6|0,6|0,6|0,6|0,6|0,6|0,2,6|0|0|0|0|0|0|0|0|3,6|4,3,6|1,3|1,3|1,3|0,3,6|0,3,6|0,3,6|0|0|0|3,6|4,3,6|1,3|1,9,3|1|0,6|0,6|0,6|0,6|0,6|0,6|0,6|0,6|0,6|0,6|0,2,6|0|0|0|0|0|0|0|0|1|1|1|1|1|0,6|0,6|0,3,6|0|0|0|1|1|1|1|1|0|0|0|0|0|0|0|0|0|0|0,2|0|0|0|0|0|0|0|0|0|0|0,2|0|0|0|0|0,3|0|0|0|0|0,6|0,2|0,6|0|0|0|0|0|0|0|0|0|0|0|0,2|0|0|0|0|0|0|0|0|0|0|0,2|0|0|0|0|0,3|0|0|0|0|0,6|0,2|0,6|0|0|0|0|0|0|0|0|0|0|0|0,2|0|0|0|0|0|0|0|0|0|0|0,2|0|0|0|0|0,3|0|0|0|0|0,6|0,2|0,6|0|0|0|0|0|0|0|0|0|0|0|0,2|0|0|0|0|0|0|0|0|0|0|0,2|0|0|0|0|0,3|0|0|0|0|0,1,6|0,2,1|0,1,6|0,1|0,1|0|0|0|0,1|0,1|0,1|0,1|0,1|0,1|0,2,1|0,1|0,1|0,1|0|0|0|0|0|0|0|0,2|0|0|0|0|0,3|0|0|0|0|0,6|0,2|0,6|0|0|0|0|0|0|0|0|0|0|0|0|0|0|0|0|0|0|0|0|0|0|0,2|0|0|0|0|0,3|0|0|0|0|0,6|0,2|0,6|0|0|0|0|0|0|0|0|0|0|0|0|0|0|0|0|0|0|0|0|0|0|0,2|0|0|0|0|0,3|0|0|0|0|0,6|0,2|0,6|0|0|0|0|0|0|0|0|0|0|0|0|0|0|0|0|0|0|0|0|0|0|0,2|0|0|0|0|0,3|0|0|0|0|0,6|0,2|0,6|0|0|0|0|0|0|0|0|0|0|0|0|0|0|0|0|0|0|0|0|0|1|1|2|0|0|0|0,3|0|0|0|0|0,6|0,2|0,6|0|0|0|0|0|0|0|0|0|0|0|0|0|0|0|0|0|0|0|0|0|1|1|1|0|0|0|0,3|0|0|0|0|0,6|0,2|0,6|0|0|0|0|0|0|0|0|0|0|0|0|0|0|0|0|0|0|0|0|0|1|1|2|0|0|0|0,3|0,6|0,6|0,6|0,7,6|1|1|1|1|0|0|0|0|0|0|0|0|0|0|0|0|0|0|0|0|0|0|0|0|0|0|0|0|0|0|0,3|0,6|0,6|0,6|0,7,6|1|1,5,3|4,3,6|0,6|0|0|0|0|0|0|0|0|0|0|0|0|0|0|0|0|0|0|0|0|0|0|0|0|0|0|0,3|0|0|0|0,7|1|1|1|1|0|0|0|0|0|0|0|0|0|0|0|0|0|0|0|0|0|0|0|0|0|0|0|0|0|0|0,3|0|0|0|0|0|0|0|0|0|0|0|0|0|0|0|0|0|0|0|0|0|0|0|0|0|0|0|0|0|0|0|0|0|0|0,3|0|0|0|0|0|0|0|0|0|0|0|0|0|0|0|0|0|0|0|0|0|0|0|0|0|0|0|0|0|0|0|0|0|0|0,3|0|0|0|0|0|0|0|0|0|0|0|0|0|0|0|0|0|0|0|0|0|0|0|0|0|0|0|0|0|0|0|0|0|0|0,3|0|0|0|0|0|0|0|0|0|0|0|0|0|0|0|0|0|0|0|0|0|0|0|0|0|0|0|0|0|0|0|0|0|0|0,4,3|
0|0,4,3|
