SU_A14
48*35|-1|0
2.2294*2.0074|0|0
-220,-30
Border: Passable
1,36,34|0,38,34|1,40,34|0,41,3|



17|4|14|0,8,0,0,1,-1 -1,312 100,-1 -1,-1 -1,-1 -1,312 100,-1 -1,-1 -1,-1 -1,692 93,-1 -1,-1 -1,-1 -1,302 97,481 84,-1 -1,-1 -1,234 104,254 89,-1 -1,-1 -1,312 100,-1 -1,-1 -1,-1 -1,2779 43,4005 63,-1 -1,-1 -1,-1 -1,-1 -1,-1 -1,-1 -1,204 102,169 84,-1 -1,-1 -1,-1 -1,-1 -1,-1 -1,-1 -1,-1 -1,-1 -1,-1 -1,-1 -1,-1 -1,-1 -1,-1 -1,-1 -1,-1 -1,-1 -1,-1 -1,-1 -1,-1 -1,-1 -1,-1 -1,|0,2,0,0,1,942 42,-1 -1,-1 -1,-1 -1,942 42,-1 -1,-1 -1,-1 -1,-1 -1,-1 -1,-1 -1,-1 -1,308 101,-1 -1,331 61,-1 -1,234 104,-1 -1,149 61,-1 -1,942 42,-1 -1,-1 -1,-1 -1,2779 43,-1 -1,3660 67,-1 -1,-1 -1,-1 -1,-1 -1,-1 -1,204 102,-1 -1,126 63,-1 -1,-1 -1,-1 -1,-1 -1,-1 -1,-1 -1,-1 -1,-1 -1,-1 -1,-1 -1,-1 -1,-1 -1,-1 -1,-1 -1,-1 -1,-1 -1,-1 -1,-1 -1,-1 -1,-1 -1,-1 -1,|1,3,0,0,1,1117 59,255 58,-1 -1,-1 -1,1117 59,255 58,-1 -1,-1 -1,-1 -1,376 58,-1 -1,-1 -1,481 84,331 61,-1 -1,-1 -1,373 158,149 61,-1 -1,-1 -1,1117 59,255 58,-1 -1,-1 -1,4005 63,3660 67,-1 -1,-1 -1,-1 -1,-1 -1,-1 -1,-1 -1,169 84,127 63,-1 -1,-1 -1,-1 -1,-1 -1,-1 -1,-1 -1,-1 -1,-1 -1,-1 -1,-1 -1,-1 -1,-1 -1,-1 -1,-1 -1,-1 -1,-1 -1,-1 -1,-1 -1,-1 -1,-1 -1,-1 -1,-1 -1,|3,-1,0,-1,22,-1 -1,-1 -1,-1 -1,-1 -1,-1 -1,-1 -1,-1 -1,-1 -1,-1 -1,-1 -1,-1 -1,-1 -1,-1 -1,-1 -1,-1 -1,-1 -1,-1 -1,-1 -1,-1 -1,-1 -1,-1 -1,-1 -1,-1 -1,-1 -1,-1 -1,-1 -1,-1 -1,-1 -1,-1 -1,-1 -1,-1 -1,-1 -1,-1 -1,-1 -1,-1 -1,-1 -1,-1 -1,-1 -1,-1 -1,-1 -1,-1 -1,-1 -1,-1 -1,-1 -1,-1 -1,-1 -1,-1 -1,-1 -1,-1 -1,-1 -1,-1 -1,-1 -1,-1 -1,-1 -1,-1 -1,-1 -1,|
1|1|1|1|1|1|1|1|1|1|1,9,3|1|1|1|1,3|1,3|1,3|1,3|1,3|1|1|1|1|1|1|1|1|1|1|1|1|1|1|1|1|1|1|1|1|1,3|1,3|1,3|1,3|1|1|1,3|1|1|1|1,3|1|1|1|4,3,6|1|1|1|1|1|1|1|1|1|1,3|1|1|1|1|1|1|1|1|1|1|1|1|1|4,3,6|1|1|4,3,6|1|1|1|1,3|1|1|1|0,6|1|1|1|1|1|1|1|1|1|4,3,6|1|1|1|1|1|1|1,4,3|1|1|1|1|1|1|0,6|1|1|0,6|1|1|1|4,3,6|1|1|2|0|0|0|0|0|0|0|0|2|1|0,6|1|1|1|1|1|1|1,3|1|2|0|0|0|0|0|0|0|0|0|1|1|0,6|1|1|0|0|0|1|1|1|0|0,6|0,6|0,6|0|0|0,6|1|1|1|1|1|1,3|2|0|0|0|0,6|0,6|0,6|0|0|0|0|1|1|0|1|1|0|0|0|1|1|1|0|0,6|0,6|0,6|0|0|0,6|3,6|4,3,6|1,3|1,4,3|1|1,3|0|0|0|0|0,6|0,6|0,6|0|0|0|2|1|1|0|2|1|0|0|0|1|1|1|0|0,6|0,6|0,6|0|0|0|1|1|1|1|1|1,3|0|0|0|0|0,6|0,6|0,6|0|0|0|1|1|1|0|0|1|0|0|0|1|1|1|0|0,6|0,6|0,6|0|0|0|1|1|1|1|1|1,3|1|0|0|0|0,6|0,6|0,6|0|0|0|1|1|1|0|0|1|0|0|0|0|0|0|0|0|0|0|0|0|0|1|1|1|1|1|1,3|1|1|0|0|0|0|0|0|0|0|1|1|1|0|0|1|0|0|0|0|0|0|0|0|0|0|0|0|0|1|1|1|1|1|1,3|4,3,1,6|0,1,6|0,1|0,1|0,1|0,1|0,1|0,1|0,1|0,1|1|1|1|0|0|1|0|0|0|0|0|0|0|1|1|1|0|0|0|1|1|1|1|1|1|1|1|0|0|0|0|0|0|0|0|1|1|1|0|0|1|0|0|0|0|0,1|0,1|0,1|1|1|1|0,1|0,1|0,1|3,1,6|4,3,6|1,3|1|1|1|1|0|0|0|0|0|0|0|0|0|1|1|1|0|0|1|0|0|0|0|0|0|0|1|1|1|0|0|0|1|1|1|1|1|2|0|0|0|0|0|0|0|0|0|0|1|1|1|0|0|1|0|0|0|0|0|0|0|1|1|1|0|0|0|1|1|1|1|1|0|0|0|0|0|0|0|0|0|0|0|2|1|1|0|2|1|0|0|0|0|0|0|0|0|0|0|0|0|0|1|1|1|1|1|0|0|0|0,6|0,6|0,6|0|0|0|0|0|0|1|1|0|1|1|0|0|1|1|1|0|0|0|0|0|0|0|0|1|1|1|1|1|0|0|0|0,6|0,6|0,6|0|0|1|1|1|0|1|1|0|1|1|0|0|1|1|1|0|0|0|1|1|1|0|0|1|1|1|1|1|0|0|0|0,6|0,6|0,6|0|0|1|1|1|0|1|1|0|1|1|0|0|1|1|1|0|0|0|1|1|1|0|0|1|1|1|1|1|0|0|0|0,6|0,6|0,6|0|0|1|1|1|0|1|1|0|1|1|0|0|1|1|1|0|0|0|1|1|1|0|0|1|1|1|1|1|0|0|0|0|0|0|0|0|1|1|1|0|1|1|0|1|1|0|0|0|0|0|0|0|0|1|1|1|0|0|1|1|1|1|1|0|0|0|0|0|0|0|0|0|0|0|0|1|1|0|1|1|0|0|0|0|0|0|0|0|0|0|0|0|0|1|1|1|1|1|0|0|0|0|0|0|0|0|0|0|0|0|1|1|0|1|1|0|0|0|0|0|0|0|0|0|0|0|0|0|1|1|1|1|1|0|0,6|0,6|0,6|0|0|1|1|1|0|0|0,6|1|1|0|1|1|0|0|0|0|0|0|0|1|1|1|0|0|0|1|1|1|1|1|0|0,6|0,6|0,6|0|0|1|1|1|0|0|0,6|1|1|0|1|1|0|0|0|0,1|0,1|0,1|0,1|1|1|1|0,1|0,1|0,1|3,1,6|4,3,6|1,3|1,3|1,9,3|0|0,6|0,1,6|0,1,6|0,1|0,1|1|1|1|0,1|0,1|0,1,6|1|1|0|1|1|0|0|0|0|0|0|0|1|1|1|0|0|0|1|1|1|1|1|0|0,6|0,6|0,6|0|0|1|1|1|0|0|0,6|1|1|0|1|1|0|0|0|0|0|0|0|1|1|1|0|0|0|1|1|1|1|1|0|0|0|0|0|0|0|0|0|0|0,6|0,6|1|1|0|1|1|0|0|0|0|0|0|0|0|0|0|0|0|0|1|1|1|1|1|0|0|0|0|0|0|0|0|0|0|0|0,6|1|1|0|1|1|0|0|0|0|0|0|0|0|0|0|0|0|0|1|1|1|1|1|0|0|0,6|0,6|0,6|0|1|1|1|0|0|0,6|1|1|0|1|1|0|0|1|1|1|0|0|0|0|1|1|1|0|1|1|1,5,3|1|1|0|0|0,6|0,6|0,6|0|1|1|1|0|0|0,6|1|1|0|1|1|0|0|1|1|1|0|0|0|0|1|1|1|0|1|1|1,3|1|1|0|0|0,6|0,6|0,6|0|1|1|1|0|0|0|1|1|0|1|1|0|0|1|1|1|0|0|0|0|1|1|1|0|1|1|1,3|1|1|0|0|0,6|0,6|0,6|0|1|1|1|0|0|0|1|1|0|1|1|0|0|1|1|1|0|0|0|0|1|1|1|0|1|1|4,3,6|1|1|0|0|0|0|0|0|0|0|0|0|0|0|1|1|0|1|1|0|0|0|0|0|0|0|0|0|0|0|0|0|1|1|0,6|1|1|0|0|0|0|0|0|0|0|0|0|0|0|1|2|0|1|1|0|0|0|0|0|0|0|0|0|0|0|0|2|1|1|0|2|1|2|0|0|0|0|0|0|1|1|1|0|0|1|0|0|1|1|0|0|0|0|0|0|0|0|0|0|0|0|1|1|1|0|0|1|1|0|0|0|0,1|0,1|0,1|1|1|1|0,1|0,1|1|0|0|1|1|0|0|0|0|0|0|0|0|0|0|0|0|1|1|1|0|0|1|1|0|0|0|0|0|0|1|1|1|0|0|1|0|0|1|1|1|0|0|0|0|0|0|0|0|0|0|0|1|1|1|0|0|1|1|0|0|0|0|0|0|1|1|1|0|0|1|0|0|3,6|0,6|0,6|0,1|0,1|0,1|0|0|0|0,1|0,1|0,1|0,1|0,1|1|1|1|0|0|1|1|0,6|0|3|0|0|0|0|0|0|0|0|1|0|0|1|1|1|0|0|0|0|0|0|0|0|0|0|0|1|1|1|0|0|1|1|0,6|0,6|3|0|0|0|0|0|0|0|0|1|0|0|1|1|0|0|0|0|0|0|0|0|0|0|0|0|1|1|1|0|0|1|1|0,6|0,6|1|2|0|0|0|0|0|0|0|1|0|0|1|1|0|0|0|0|0|0,6|0,6|0,6|0|0|0|0|1|1|1|0|0|1|1|0,6|0,6|1|1|0|0|0|0|0|0|0|1|2|0|1|1|0|0|0|0|0|0,6|0,6|0,6|0|0|0|0|2,6|1|1|0|2|1|1|0,6|0,6|1|1|2|0|0|0|0|0|0|1|1|0|1|1|0|0|0|0|0|0,6|0,6|0,6|0|0|0|0|0,6|1|1|0,6|1|1|1|2,6|0,6|1|1|1|1|1|1|0,6|1|0,6|1|1|0,6|1|1|0|0|0|0|0|0,6|0,6|0,6|0|0|0|0,6|0,6|1|1|4,3,6|1|1|1|1|0,6|1|1|1|1|1|1|4,3,6|1|4,3,6|1|1|4,3,6|1|1|2|0|0|0|0|0|0|0|0|0|0|0|2,6|1|1|1,3|1|1|1|1|4,3,6|1|1|1|1|1|1|1,3|1|1,3|1|1|1,3|1|1|1|1|1|1|1|1|0,6|1|1|1|1|1|1|1|1|1,3|1|1|1|1|1,3|1|1|1|1|1|1|1,3|1|1,3|1,3|1,3|1,3|1|1|1|1|1|1|1|1|4,3,6|1|1|1|1|1|1|1|1|1,3|1|1|1|1|1,3|1,3|1,3|1,3|1,3|1,3|1,3|1,3|1|1|1|1|1|1|1|1|1|1|1|1|1|1,3|1,3|1,3|1,3|1,3|1,3|1,3|1,3|1,3|1,3|1|1|
