SU_A53
50*38|-1|0
3.7094*5.9363|0|0
-200,-20
Border: Passable




20|5|15|0,3,0,0,1,-1 -1,377 57,294 25,324 39,-1 -1,-1 -1,351 53,294 25,324 39,-1 -1,-1 -1,626 57,542 25,573 39,-1 -1,-1 -1,100 48,62 32,101 52,-1 -1,-1 -1,141 52,62 32,101 52,-1 -1,-1 -1,351 53,294 25,324 39,-1 -1,-1 -1,2044 54,1837 52,1641 53,-1 -1,-1 -1,-1 -1,-1 -1,-1 -1,-1 -1,-1 -1,141 70,62 32,103 52,-1 -1,-1 -1,-1 -1,-1 -1,-1 -1,-1 -1,-1 -1,-1 -1,-1 -1,-1 -1,-1 -1,-1 -1,-1 -1,-1 -1,-1 -1,-1 -1,-1 -1,-1 -1,-1 -1,-1 -1,-1 -1,-1 -1,-1 -1,-1 -1,-1 -1,-1 -1,-1 -1,251 53,173 22,204 39,-1 -1,|0,3,0,0,1,793 50,-1 -1,103 43,61 23,-1 -1,793 50,-1 -1,103 43,61 23,-1 -1,803 50,-1 -1,104 43,63 23,-1 -1,156 80,-1 -1,104 53,63 33,-1 -1,156 80,-1 -1,104 53,63 33,-1 -1,793 50,-1 -1,103 43,61 23,-1 -1,2044 54,-1 -1,1559 51,1246 34,-1 -1,-1 -1,-1 -1,-1 -1,-1 -1,-1 -1,141 70,-1 -1,87 43,45 23,-1 -1,-1 -1,-1 -1,-1 -1,-1 -1,-1 -1,-1 -1,-1 -1,-1 -1,-1 -1,-1 -1,-1 -1,-1 -1,-1 -1,-1 -1,-1 -1,-1 -1,-1 -1,-1 -1,-1 -1,-1 -1,-1 -1,-1 -1,-1 -1,-1 -1,-1 -1,6204 50,-1 -1,114 43,72 23,-1 -1,|0,7,0,0,1,744 34,103 43,-1 -1,50 25,-1 -1,744 34,103 43,-1 -1,50 25,-1 -1,753 34,104 43,-1 -1,51 25,-1 -1,62 32,104 53,-1 -1,49 25,-1 -1,62 32,104 53,-1 -1,49 25,-1 -1,744 34,103 43,-1 -1,50 25,-1 -1,1837 52,1559 51,-1 -1,985 30,-1 -1,-1 -1,-1 -1,-1 -1,-1 -1,-1 -1,62 32,87 43,-1 -1,49 25,-1 -1,-1 -1,-1 -1,-1 -1,-1 -1,-1 -1,-1 -1,-1 -1,-1 -1,-1 -1,-1 -1,-1 -1,-1 -1,-1 -1,-1 -1,-1 -1,-1 -1,-1 -1,-1 -1,94 24,-1 -1,-1 -1,-1 -1,-1 -1,-1 -1,-1 -1,6144 34,114 43,-1 -1,50 25,-1 -1,|0,3,0,0,1,740 32,61 23,50 25,-1 -1,-1 -1,740 32,61 23,50 25,-1 -1,-1 -1,750 32,63 23,51 25,-1 -1,-1 -1,101 52,63 33,49 25,-1 -1,-1 -1,101 52,63 33,49 25,-1 -1,-1 -1,740 32,61 23,50 25,-1 -1,-1 -1,1641 53,1246 34,985 30,-1 -1,-1 -1,-1 -1,-1 -1,-1 -1,-1 -1,-1 -1,103 52,45 23,49 25,-1 -1,-1 -1,-1 -1,-1 -1,-1 -1,-1 -1,-1 -1,-1 -1,-1 -1,-1 -1,-1 -1,-1 -1,-1 -1,-1 -1,-1 -1,-1 -1,-1 -1,-1 -1,-1 -1,94 24,-1 -1,-1 -1,-1 -1,-1 -1,-1 -1,-1 -1,-1 -1,6140 32,72 23,50 25,-1 -1,-1 -1,|4,-1,0,-1,30,-1 -1,-1 -1,-1 -1,-1 -1,-1 -1,-1 -1,-1 -1,-1 -1,-1 -1,-1 -1,-1 -1,-1 -1,-1 -1,-1 -1,-1 -1,-1 -1,-1 -1,-1 -1,-1 -1,-1 -1,-1 -1,-1 -1,-1 -1,-1 -1,-1 -1,-1 -1,-1 -1,-1 -1,-1 -1,-1 -1,-1 -1,-1 -1,-1 -1,-1 -1,-1 -1,-1 -1,-1 -1,-1 -1,-1 -1,-1 -1,-1 -1,-1 -1,-1 -1,-1 -1,-1 -1,-1 -1,-1 -1,-1 -1,-1 -1,-1 -1,-1 -1,-1 -1,-1 -1,-1 -1,-1 -1,-1 -1,-1 -1,-1 -1,-1 -1,-1 -1,-1 -1,-1 -1,-1 -1,-1 -1,-1 -1,-1 -1,-1 -1,-1 -1,-1 -1,-1 -1,-1 -1,-1 -1,-1 -1,-1 -1,-1 -1,|
1|1|1|1|1|1|1|1|1,4,3|1|1|1|1|1|1|1|1|1|1,9,3|1|1|1|1|1|1|1|1|1|1|1|1|1|1|1|1|1|1|1|1|1|1|1|1|1|1|1|1,3|1|1|1|1|1|1|1|1|1|1,3|1|1|1|1|1|1|1|1|1|1|1|1,4,3|1|1|1|1|1|1|1|1|1|1|1|1|1|1|1|1,3|1|1|1|1|1|1|1|1|1|1,3|1|1|1|1|1|1|1|1|1|1,3|1|1,3|1|1|1|1|1|1|1|1|1|1|1|1|1|1|1|4,3,6|1|1|1|1|1|1|1|1|1|4,3,6|1|1|1|1|1|1|1|1|1|1,3|1|1,3|1|1|1|1|1|1|1|1|1|1|1|1|1|1|1|0,6|1|1|1|1|1|1|1|1|1|0,6|1|1|1|1|1|1|1|1|1|1,3|1|1,3|1|1|1|1|1|1|1|1|1|1|1|1|1|1|2,2,6|0,6|1|1|1|1|1|1|1|1|1|0,6|1|1|1|1|1|1|1|1|1|1,3|1|1,3|1|1|1|1|1|1|1|1|1|1|1|1|1|1|0,2,6|0,6|1|1|1|1|1|1|1|1|2,6|0,6|1|1|1|1|1|1|1|1|1|1,3|1|1,3|1|1|1|1|1|1|1|1|1|1|1|1|1|1|0,2,6|0,6|3,6|0,6|0,6|0,6|0,6|0,6|0,6|0,6|0,6|0,6|3,6|4,3,1,6|1,3|1|1|1|1|1|1|1,3|1|1,3|1|1|1|1|1|1|1|1|1|1|1|1|1|1|0,2,6|0,6|1|1|1|1|1|1|1|1|0,6|0,6|1|1|1|1|1|1|1|1|1|4,3,6|1|4,3,6|1|1|1|1|1|1|1|1|1|1|1|1|1|1|0,2,6|0,6|1|1|1|1|1|1|1|1|0,6|0,6|1|1|1|1|1|1|1|1|1|0,6|1|0,6|1|1|1|1|1|1|1|0,6|0,6|1|1|0,6|1|0,6|0,2,6|0,6|0,6|3,6|0,6|0,6|0,6|0,6|0,6|0,6|0,6|0,6|0,6|0,6|0,6|0,6|0,6|3,6|0,6|0,6|0,6|0,6|0,6|0,6|0,6|1|1|1|1|1|1|0,6|0,6|1|1|0,6|1|0,1,6|0,2,1,6|0,1,6|0,1,6|3,1,6|0,1,6|0,1,6|0,1,6|0,6|0,6|0,6|0,6|0,6|0,6|0,6|0,6|0,6|0,6|3,6|0,6|0,6|0,6|0,6|0,6|0,6|0,6|1|1|1|1|1|1|0,6|0,6|0,6|1|0,6|1|0,6|0,2,6|0,6|0,6|3,6|0,6|0,6|0,6|0,6|0,6|0,6|0,6|0,6|0,6|0,6|0,6|0,6|0,6|3,6|0,6|0,6|0,6|0,6|0,6|0,6|0,6|1|1|1|1|1|1|0,6|0,6|0,6|1|0,6|1|0,6|0,2,6|0,6|0,6|1|1|0,1,6|0,1,6|0,1,6|0,1,6|0,1,6|0,6|0,6|0,6|1|1|0,6|0,6|1|1|0,1,6|0,1,6|0,1,6|0,1,6|0,1,6|0,1,6|1|1|1|1|1|1|0|0|0|1|0|1|0|0,2|0|0|1|1|0|0|0|0|0|0|0|0|1|1|0|0|1|1|0|0|0|0|0|0|2|1|1|1|1|1|0|0|0|1|0|1|0|0,2|0|0|0,2|0|0|0|0|0|0|0|0|0|0,2|0|0|0|0,2|0|0|0|0|0|0|0|0|2,6|1|1|1|1|0|0|0|1|1|1|0|0,2|0|0|0,2|0|0|0|0|0|0|0|0|0|0,2|0|0|0|0,2|0|0|0|0|0|0|0|0,6|0,6|1|1|1|1|0|0|0|1|1|1|0|0,2|0|0|0|0|0|0|0|0|0|0|0|0|0,2|0|0|0|0,2|0|0|0,6|0,6|0|0|0|0,6|0,6|1|1|1|1|0|0|0|1|1|1|0|0,2|0|0|0|0|0|0|0|0|0|0|0|0|0,2|0|0|0|0|0|0|0,6|0,6|0|0|0|0,6|2,6|1|1|1|1|0|0|0|1|1|1|0|0,2|0|0|0|0|0|0|0|0|0|0|0|0|0,2|0|0|0|0|0|0|0|0|0|0|0|0|1|1|1|1|1|0|0|0|1|0,2|1|0|0,2|0|0|0|0|0|0|0|0|0|0|0|0|0|0|0|0|0|0|0|0|0|0|0|0|0|3,6|4,3,6|1,9,3|1|1|0|0|0|1|0,2|1|0|0,2|0|0|0|0|0|0|0|0|0|0|0|0|0|0|0|0|0|0|0|0,6|0,6|0|0|0|0|1|1|1|1|1|0|0|0|0|0,2|0|0|0,2|0|0|0|0|0|0|0|0|0|0|0|0|0|0|0|0|0|0|0|0,6|0,6|0|0|0|0|2,6|1|1|1|1|0|0|0|0|0,2|0|0|0,2|0|0|0|0|0|0|0|0|0|0,2|0|0|0|0|0|0|0|0|0|0|0|0|0|0|0,6|0,6|1|1|1|1|0|0|0|0|0,2|0|0|0,2|0|0|0|0|0|0|0|0|0|0,2|0|0|0|0|0|0|0|0|0|0|0|0|0|0|0,6|0,6|1|1|1|1|0|0|0|0|0|0|0|0,2,1|0,1|0,1|0|0|0|0|0,1|0,1|0,1|0,1,2|0,1|0,1|0,1|0,1|0,1|0|0|0|0|0,6|0,6|0|0|0|0|0,6|1|1|1|1|0|0|0|0|0|0|0|0,2|0|0|0|0|0|0|0|0|0|0,2|0|0|0|0|0|0|0|0|0|0,6|0,6|0|0|0|0|0,6|1|1|1|1|0|0|0|0|0|0|0|0|0|0|0|0|0|0|0|0|0|0,2|0|0|0|0|0|0|0|0|0|0|0|0|0|0|0|2,6|1|1|1|1|0|0|0|0|0|0|0|0|0|0|0|0|0|0|0|0|0|0,2|0|0|0|0|0|0|0|0|0|0|0|0|0|0|0|1|1|1|1|1|0|0|0|0|0|0|0|0|0|0|0|0|0|0|0|0|0|0,2|0|0|0|0|0|0|0|0|0|0|0|0|0|0|0|3,6|4,3,6|1,3|1,3|1,4,3|0|0|0|0|0|0|0|0|0|0|0|0|0|0|0|0|0|0,2|0|0|0|0|0|0|0|0|0|0|0|0|0|0|0|1|1|1|1|1|0|0|0|0|0|0|0|0|0|0|0|0|0|0|0|0|0|0,2|0|0|0|0|0|0|0|0|0|0,6|0,6|0|0|0|0|2,6|1|1|1|1|0|0|0|0|0|0|0|0|0|0|0|0|0|0|0|0|0|0,2|0|0|0|0|0|0|0|0|0|0,6|0,6|0|0|0|0,6|0,6|1|1|1|1|0|0|0|0|0|0|0|0|0|0|0,2|0|0|0|0|0|0|0,2|0|0|0|0|0|0|0|0|0|0|0|0|0|0,6|0,6|0,6|1|1|1|1|0|0|0|0|0|0|0|0|0|0|0,2|0|0|0|0|0|0|0,2|0|0|0|0|0|0|0|0|0,2|0|0|0|0|0|0,6|2,6|1|1|1|1|0|0|0|0|0|0|0|0|0|0|1|1|0|0|0|0|0|0,2|0|0|0|0|0,2|0|0|0|1|1|0|0|0|0|2,6|1|1|1|1|1|0,6|0,6|0,6|0,6|0,6|0,6|0,6|0,6|0,6|0,6|1|1|0,1,6|0,1,6|0,1,6|0,1,6|0,1,6|0,2,1,6|0,6|0,6|0,6|0,6|0,2,6|0,6|0,6|0,6|1|1|0,1,6|0,1,6|0,1,6|0,1,6|1|1|1|1|1|1|0,6|0,6|0,6|0,6|0,6|0,6|0,6|0,2,6|0,6|0,6|3,6|0,6|0,6|0,6|0,6|0,6|0,6|0,2,6|0,6|0,6|0,6|0,6|0,2,6|0,6|0,6|0,6|3,6|0,6|0,6|0,6|0,6|0,6|1|1|1|1|1|1|0,6|0,6|0,6|0,6|0,6|0,6|0,6|0,2,6|0,6|0,6|3,6|0,6|0,6|0,6|0,6|0,6|0,6|0,2,6|0,6|3,6|0,6|0,6|0,2,6|0,6|0,6|0,6|3,6|0,6|0,6|0,6|0,6|0,6|1|1|1|1|1|1|0,6|0,6|0,6|0,6|0,6|0,6|0,6|0,2,6|0,6|0,6|3,6|0,6|0,6|0,6|0,6|0,6|0,6|0,2,6|0,6|3,6|0,6|0,6|0,2,6|0,6|0,6|0,6|3,6|0,6|0,6|0,6|0,6|0,6|1|1|1|1|1|1|1|1|1|1|1|1|1|0,2,6|0,6|1|1|1|1|1|1|1|1|0,2,6|0,6|1|1|1|1|1|1|1|1|1|1|1|0,6|1|1|1|1|1|1|1|1|1|1|1|1|1|1|0,2,6|0,6|1|1|1|1|1|1|1|1|0,2,6|0,6|1|1|1|1|1|1|1|1|1|1|1|4,3,6|1|1|1|1|1|1|1|1|1|1|1|1|1|1|0,2,6|0,6|3,6|0,6|1|1|1|0,6|0,6|0,6|0,2,6|0,6|3,6|4,3,6|1,3|1,3|1,3|1,3|1,3|1,3|1,3|1,3|1,3|1,3|1|1|1|1|1|1|1|1|1|1|1|1|1|1|0,2,6|0,6|1|1|1|1|1|1|1|1|0,2,6|0,6|1|1|1|1|1|1|1|1|1|1|1|1|1|1|1|1|1|1|1|1|1|1|1|1|1|1|2,2,6|0,6|1|1|1|1|1|1|1|1|2,2,6|0,6|1|1|1|1|1|1|1|1|1|1|1|1|1|1|1|1|1|1|1|1|1|1|1|1|1|1|1|0,6|1|1|1|1|1|1|1|1|1|0,6|1|1|1|1|1|1|1|1|1|1|1|1|1|1|1|1|1|1|1|1|1|1|1|1|1|1|1|4,3,6|1|1|1|1|1|1|1|1|1|4,3,6|1|1|1|1|1|1|1|1|1|1|1|1|1|1|1|1|1|1|1|1|1|1|1|1|1|1|1|1,3|1|1|1|1|1|1|1|1|1|1,3|1|1|1|1|1|1|1|1|1|1|1|1|1|1|1|1|1|1|1|1|1|1|1|1|1|1|1|1,3|1|1|1|1|1|1|1|1|1|1,3|1|1|1|1|1|1|1|1|1|1|1|1|1|1|1|1|1|1|1|1|1|1|1|1|1|1|1|1,9,3|1|1|1|1|1|1|1|1|1|1,4,3|1|1|1|1|1|1|1|1|1|1|1|1|1|1|1|1|1|1|1|
