SU_A25
54*35|-1|0
1.1695*3.8252|0|0
-160,-30
Border: Solid
0,14,30|0,16,30|1,19,30|1,21,30|1,29,17|



20|5|15|0,22,0,0,1,-1 -1,299 49,231 25,265 44,-1 -1,-1 -1,299 49,231 25,265 44,-1 -1,-1 -1,1442 36,549 14,603 41,-1 -1,-1 -1,69 33,36 18,100 49,-1 -1,-1 -1,84 43,35 17,98 48,-1 -1,-1 -1,299 49,231 25,265 44,-1 -1,-1 -1,1418 40,710 20,2476 55,-1 -1,-1 -1,-1 -1,-1 -1,-1 -1,-1 -1,-1 -1,67 33,39 20,104 53,-1 -1,-1 -1,-1 -1,-1 -1,-1 -1,-1 -1,-1 -1,-1 -1,-1 -1,-1 -1,-1 -1,-1 -1,-1 -1,-1 -1,-1 -1,-1 -1,-1 -1,114 34,72 18,-1 -1,-1 -1,-1 -1,-1 -1,-1 -1,-1 -1,-1 -1,-1 -1,219 49,139 17,185 44,-1 -1,|0,15,0,0,1,-1 -1,-1 -1,135 55,102 40,-1 -1,-1 -1,-1 -1,135 55,102 40,-1 -1,-1 -1,-1 -1,758 39,724 22,-1 -1,69 33,-1 -1,93 46,75 40,-1 -1,83 41,-1 -1,101 52,74 40,-1 -1,-1 -1,-1 -1,135 55,102 40,-1 -1,1418 40,-1 -1,1541 49,2279 40,-1 -1,-1 -1,-1 -1,-1 -1,-1 -1,-1 -1,67 33,-1 -1,93 47,78 40,-1 -1,-1 -1,-1 -1,-1 -1,-1 -1,-1 -1,-1 -1,-1 -1,-1 -1,-1 -1,-1 -1,-1 -1,-1 -1,-1 -1,-1 -1,-1 -1,114 34,-1 -1,140 47,-1 -1,-1 -1,-1 -1,-1 -1,-1 -1,-1 -1,-1 -1,-1 -1,-1 -1,135 55,102 40,-1 -1,|0,17,0,0,1,-1 -1,135 55,-1 -1,101 50,-1 -1,-1 -1,135 55,-1 -1,101 50,-1 -1,-1 -1,944 45,-1 -1,104 50,-1 -1,36 18,93 46,-1 -1,101 51,-1 -1,35 17,100 52,-1 -1,100 51,-1 -1,-1 -1,135 55,-1 -1,101 50,-1 -1,710 20,1541 49,-1 -1,2599 64,-1 -1,-1 -1,-1 -1,-1 -1,-1 -1,-1 -1,39 20,93 47,-1 -1,100 51,-1 -1,-1 -1,-1 -1,-1 -1,-1 -1,-1 -1,-1 -1,-1 -1,-1 -1,-1 -1,-1 -1,-1 -1,-1 -1,-1 -1,-1 -1,-1 -1,72 18,140 47,-1 -1,-1 -1,-1 -1,-1 -1,-1 -1,-1 -1,-1 -1,-1 -1,-1 -1,135 55,-1 -1,101 50,-1 -1,|0,5,0,0,1,-1 -1,102 40,101 50,-1 -1,-1 -1,-1 -1,102 40,101 50,-1 -1,-1 -1,-1 -1,977 62,104 50,-1 -1,-1 -1,100 49,75 40,101 51,-1 -1,-1 -1,97 46,74 40,100 51,-1 -1,-1 -1,-1 -1,102 40,101 50,-1 -1,-1 -1,2476 55,2279 40,2599 64,-1 -1,-1 -1,-1 -1,-1 -1,-1 -1,-1 -1,-1 -1,104 53,78 40,100 51,-1 -1,-1 -1,-1 -1,-1 -1,-1 -1,-1 -1,-1 -1,-1 -1,-1 -1,-1 -1,-1 -1,-1 -1,-1 -1,-1 -1,-1 -1,-1 -1,-1 -1,-1 -1,-1 -1,-1 -1,-1 -1,-1 -1,-1 -1,-1 -1,-1 -1,-1 -1,-1 -1,-1 -1,102 40,101 50,-1 -1,-1 -1,|4,-1,0,-1,10,-1 -1,-1 -1,-1 -1,-1 -1,-1 -1,-1 -1,-1 -1,-1 -1,-1 -1,-1 -1,-1 -1,-1 -1,-1 -1,-1 -1,-1 -1,-1 -1,-1 -1,-1 -1,-1 -1,-1 -1,-1 -1,-1 -1,-1 -1,-1 -1,-1 -1,-1 -1,-1 -1,-1 -1,-1 -1,-1 -1,-1 -1,-1 -1,-1 -1,-1 -1,-1 -1,-1 -1,-1 -1,-1 -1,-1 -1,-1 -1,-1 -1,-1 -1,-1 -1,-1 -1,-1 -1,-1 -1,-1 -1,-1 -1,-1 -1,-1 -1,-1 -1,-1 -1,-1 -1,-1 -1,-1 -1,-1 -1,-1 -1,-1 -1,-1 -1,-1 -1,-1 -1,-1 -1,-1 -1,-1 -1,-1 -1,-1 -1,-1 -1,-1 -1,-1 -1,-1 -1,-1 -1,-1 -1,-1 -1,-1 -1,-1 -1,|
1|1|1|1|1|1|1|1|1|1|1|1|1|1|1|1|1|1|1|1|1|1|1|1|1|1|1|1|1|1|1|1|1|1|1|1|1|1|1|1|1|1|1|1|1|1|1|1|1|1|1|1|1|1|1|1|1|1|1|1|1|1|1|1|1|1|1|1|1|1|1|1|1|1|1|1|1|1|1|1|1|1|1|1|1|1|1|1|1|1|1|1|1|1|1|1|1|1|1|1|1|1|1|1|1|1,4,3|1,3|1,3|1,3|1|1|1|1|1|1|1|1|1|1|1|1|1|1|1|1|1,3|1,3|1,3|1,3|1,3|1,3|1,3|1,3|1,3|1,3|1,3|1,3|1,3|1,3|1,4,3|1|1|1|1,3|1|1|1|1|1|1|1|1|1|1|1|1|1|1|1|1|1,3|1|1|1|1|1|1|1|1|1|1|1|1|1|1|1|1|1|1,3|1|1|1|1|1|1|1|1|1|1|1|1|1|1|1|1|1,3|1|1|1|1|1|0,6|0,6|0,6|0,6|1|1|1|1|1|1|1|1|1,3|1|1|1|1|1|1|1|1|1|1|1|1|1|1|1|1|4,3,6|1|1|1|1|1|0,6|1|1|0,6|1|1|1|1|1|1|1|1|1,3|1|1|1|1|1|1|1|1|1|1|1|1|1|1|1|1|0,6|1|1|1|1|1|0,6|1|1|0,6|1|1|1|1|1|1|1|1|1,3|1|1|1|1|1|1|1|1|1|1|2,6|0,6|2,6|1|1|2|0|0|1|1|1|1|0,6|1|0,6|0,6|1|1|1|1|1|1|1|1|1,3|1|1|1|1|1|1|1|1|2,6|0|0|0|0|0|0,6|0|0|0|2|1|1|1|0,6|1|0,6|1|1|1|1|1|1|1|1|1|1,3|1|1|1|1|1|1|1|1|0|0|0|0|0|0|0,6|0|0|0|0|0|0,6|1|0,6|1|0,6|1|1|1|1|1|1|1|1|1|1,3|1|1|1|1|1|1|2,6|0|0|0|0|0|0|0|0,6|0,6|0|0|0|0|0,6|3,6|0|1|0,6|1|1|1|1|1|1|1|1|1|1,3|1|1|1|1|1|1|0,6|0,6|0,6|0,6|0,6|0|0|0|0,6|0,6|0|0|0|0|0,6|1|0|1|0|2|1|1|1|1|1|1|1|1|1,3|1|1|1|1|1|1|1|2|0|0|0,6|0|0|0|0,6|0,6|0|0|0|0|0|1|0|1|0|0|1|1|1|1|1|1|1|1|1,3|1|1|1|1|1|1|1|1|0|0|0,6|0|0|0|0,6|0,6|0|0|0|0|0|1|0|1|0|0|1|1|1|1|1|1|1|1|1,3|1,3|1,3|1,3|1,3|1,3|1,3|4,3,6|0,1,6|0,1|0,1|0,1,6|0|0|0|0,6|0|0|0|0|0|0|1|0|1|0|0|1|1|1|1|1|1|1|1|1|1|1|1|1|1|1|1|1|0|0|0,6|0|0|0|0,6|0|0|0|0|0|0|1|1|1|0|0|1|1|1|1|1|1,3|1,3|1,3|1,3|1,3|1,3|1,3|1,3|1,3|1,3|4,3,6|0,1,6|0,1|0|0,6|0|0|0|0,6|0|0|0|0,1|0,1|0,1|1|1|1|0,1|0,1|3,1,6|4,3,6|1,3|1,3|1,9,3|1|1|1|1|1|1|1|1|1|1|1|1|0|0|0,6|0|0|0|0,6|0|0|0|0|0|0|1|1|1|0|0|1|1|1|1|1|1|1,3|1,3|1,3|1,3|1,3|1,3|1,3|1,3|1,3|4,3,6|0,1,6|0,1|0,1|0,1,6|0,1|0,1|0|0,6|0|0|0|0|0|0|1|0|1|0|0|1|1|1|1|1|1|1|1|1|1|1|1|1|1|1|1|1|0|0|0,6|0|0|0|0,6|0|0|0|0|0|0|3,6|0|1|0|0|1|1|1|1|1|1|1|1|1|1|1|1|1|1|1|1|2|0|0|0,6|0|0|0|0,6|0|0|0|0|0|0|1|0|1|0|0|1|1|1|1|1|1|1|1|1|1|1|1|1|1|1|0,6|0|0|0|0,6|0|0|0|0,6|0|0,6|0,6|0,6|0,6|0,6|1|0,6|1|0,6|2,6|1|1|1|1|1|1|1|1|1|1|1|1|1|1|1|0,6|0|0|0|0,6|0|0|0|0,6|0|0,6|0|0|0|0|1|0|1|0|1|1|1|1|1|1|1|1|1|1|1|1|1|1|1|1|0,6|0|0|0|0,6|0|0|0|0,6|0|0,6|0|0|0|0,6|1|0|3,6|0|1|1|1|1|1|1|1|1|1|1|1|1|1|1|1|1|0,6|0|0|0|0,6|0|0|0,6|0,6|0,6|0,6|0,6|0,6|0,6|0,6|1|1|1|1|1|1|1|1|1|1|1|1|1|1|1|1|1|1|1|1|0,6|0|0|0|0,6|0,6|0,6|1|1|1|1|1|1|1|0,6|1|1|1|1|1|1|1|1|1|1|1|1|1|1|1|1|1|1,9,3|1|1|2,6|0|0|0|0|0|0|1|1|1|1|1|1|1|0,6|1|1|1|1|1|1|1|1|1|1|1|1|1|1|1|1,3|1|1,3|1|1|1|0|0|0|0|0|0|1|1|1|1|1|1|1|0,6|1|1|1|1|1|1|1|1|1|1|1|1|1|1|1|1,3|1|1,3|1|1|1|2,6|0,6|0,6|0,6|0,6|0,6|1|1|1|1|1|1|1|0,6|1|1|1|1|1|1|1|1|1|1|1|1|1|1|1|1,3|1|1,3|1|1|1|1|0|0|0|0|0|0,6|0,6|0,6|0,6|0,6|0,6|0,6|0,6|1|1|1|1|2,6|0,6|0,6|2,6|1|1|1|1|0,6|1|1|4,3,6|1|4,3,6|1|1|2,6|0|0|0|0|0|0|0|0,6|0|0,6|0,6|0|0|0,6|1|0,6|1|0|0|0|0|0,6|0,6|1|0,6|1|0|1|1|0,6|1|0,6|1|2|0|0|0|0|0|0|0|0|0,6|0|0,6|0,6|0|0|0,6|1|0,6|1|0|0|0|0|0|0,6|2,6|0|1|0|1|0|0|0|0|1|0|0|0|0|0|0|0|0|0|0,6|0|0,6|0,6|0|0|0|1|0|1|0|0|0|0|0|0|0,6|0|1|0|1|0|0|0|0|1|0|0|0|0|0|0|0|0|0|0,6|0|0,6|0,6|0|0|0|1|0|1|0|0|0|0|0|0|0|0|1|1|1|0|0|0|0|3,6|0|0|0|0|0|0|0|0|0|0,6|0|0,6|0|0|0|0|1|1|1|0|0|0|0|0|0|0|0,1|1|1|1|0,1|0,1|0,1|0,1|3,1,6|0,1|0,1|0,1|0,1|0,1|0,1|0,1|0,1|0,1|0,1,6|0,1|0,1,6|0,1|0,1|0,1|0,1|1|1|1|0|0|0|0|0|0|0|0|1|1|1|0|0|0|0|3,6|0|0|0|0|0|0|0|0|0|0,6|0|0,6|0|0|0|0|1|1|1|0|0|0|0|0|0|0|0|1|0|1|0|0|0|0|1|0|0|0|0|0|0|0|0|0|0,6|0|0,6|0|0|0|0|1|0|1|0|0|0|0|0|0|0|0|1|0|1|0|0|0|0|1|0|0|0|0|0|0|0|0|0|0,6|0|0,6|0|0|0|0,6|3,6|0|1|0|0|0|0|0|0|0|0,6|1|0|1|1|0,6|1|0,6|1|2|0|0|0|0|0|0|0|0|0,6|0|0,6|0|0|0|0,6|1|0|1|0|0|0|0|0|0|0|2,6|1|0,6|1|1|4,3,6|1|4,3,6|1|1|2|0|0|0|0|0|0|0|0,6|0|0,6|0|0|0,6|0,6|1|0,6|1|0|0|0|0|0|0|0,6|1|1|1|1|1|1,3|1|1,3|1|1|1|0|0|0|0|0|0|0,6|0,6|0,6|0,6|0,6|0,6|0,6|0,6|1|0,6|1|0|0|0|0|0|0,6|0,6|1|1|1|1|1|1,3|1|1,3|1|1|1|0,6|0|0|0|0|0|1|1|1|1|1|1|1|0,6|1|0,6|1|1|1|1|2,6|0,6|2,6|1|1|1|1|1|1|1,3|1|1,3|1|1|1|1|2,6|0,6|1|1|1|1|1|1|1|1|1|1|0,6|1|0,6|1|1|1|1|1|1|1|1|1|1|1|1|1|1,3|1|1,3|1|1|1|1|1|0,6|1|1|1|1|1|1|1|1|1|1|0,6|1|0,6|1|1|1|1|1|1|1|1|1|1|1|1|1|1,3|1|1,3|1|1|1|1|1|0,6|1|1|1|1|1|1|1|1|1|1|0,6|1|0,6|1|1|1|1|1|1|1|1|1|1|1|1|1|1,3|1|1,3|1|1|1|1|1|0,6|1|1|1|1|1|1|1|1|1|1|0,6|1|0,6|1|1|1|1|1|1|1|1|1|1|1|1|1|1|1|1,3|1|1|1|1|1|0,6|0,6|0,6|0,6|0,6|0,6|0,6|0,6|0,6|0,6|0,6|0,6|1|0,6|0,6|0,6|4,3,6|1,3|1,3|1,3|1,3|1,4,3|1|1|1|1|1|1|1|1,3|1|1|1|1|1|1|1|1|1|1|1|1|1|1|1|1|1|1|1|1|1|1|1|1|1|1|1|1|1,4,3|1,3|1,3|1,3|1,3|1,3|1,3|1|1|1|1|1|1|1|1|1|1|1|1|1|1|1|1|1|1|1|1|1|1|1|1|1|1|1|1|1|1|1|1|1|1|1|1|1|1|1|1|1|1|1|1|1|1|1|1|1|1|1|1|1|1|1|1|1|1|1|1|1|1|1|1|1|1|1|1|1|1|1|1|1|1|1|1|1|1|1|1|1|1|1|1|1|1|1|1|1|1|1|1|1|1|1|1|1|1|1|1|1|1|1|1|1|1|1|1|1|1|1|1|1|1|1|1|1|1|1|1|1|1|1|1|1|1|1|1|1|1|1|1|
