SU_A03
48*35|-1|0
1.3893*1.4387|0|0
-220,-30
Border: Passable
1,27,5|



17|7|14|0,2,0,0,1,-1 -1,-1 -1,346 52,311 43,306 42,298 37,-1 -1,-1 -1,-1 -1,346 52,311 43,306 42,298 37,-1 -1,-1 -1,-1 -1,-1 -1,874 32,870 31,863 26,-1 -1,-1 -1,136 69,174 87,164 79,145 73,152 77,-1 -1,-1 -1,191 66,174 87,161 51,145 73,149 45,-1 -1,-1 -1,-1 -1,346 52,311 43,306 42,298 37,-1 -1,-1 -1,1810 47,1434 56,1927 51,1817 45,1614 46,-1 -1,-1 -1,-1 -1,-1 -1,-1 -1,-1 -1,-1 -1,-1 -1,-1 -1,77 37,129 62,92 43,99 48,96 45,-1 -1,-1 -1,-1 -1,-1 -1,-1 -1,-1 -1,-1 -1,-1 -1,-1 -1,-1 -1,-1 -1,-1 -1,-1 -1,-1 -1,-1 -1,-1 -1,-1 -1,-1 -1,-1 -1,-1 -1,-1 -1,-1 -1,-1 -1,176 65,150 52,214 79,176 65,198 76,-1 -1,-1 -1,-1 -1,-1 -1,-1 -1,-1 -1,-1 -1,-1 -1,|0,2,0,0,1,-1 -1,-1 -1,187 66,61 15,147 56,74 21,-1 -1,-1 -1,-1 -1,187 66,61 15,147 56,74 21,-1 -1,-1 -1,-1 -1,-1 -1,62 15,148 56,76 21,-1 -1,136 69,-1 -1,143 70,40 21,115 56,51 26,-1 -1,191 66,-1 -1,143 70,40 21,115 56,51 26,-1 -1,-1 -1,-1 -1,187 66,61 15,147 56,74 21,-1 -1,1810 47,-1 -1,1373 56,1209 17,1674 57,1064 30,-1 -1,-1 -1,-1 -1,-1 -1,-1 -1,-1 -1,-1 -1,-1 -1,77 37,-1 -1,146 70,34 17,116 56,47 23,-1 -1,-1 -1,-1 -1,-1 -1,-1 -1,-1 -1,-1 -1,-1 -1,-1 -1,-1 -1,-1 -1,-1 -1,-1 -1,-1 -1,-1 -1,-1 -1,-1 -1,-1 -1,-1 -1,-1 -1,-1 -1,-1 -1,166 65,-1 -1,124 44,114 29,156 55,98 26,-1 -1,-1 -1,-1 -1,-1 -1,-1 -1,-1 -1,-1 -1,-1 -1,|0,2,0,0,1,-1 -1,-1 -1,-1 -1,128 54,73 27,115 48,-1 -1,-1 -1,-1 -1,-1 -1,128 54,73 27,115 48,-1 -1,-1 -1,-1 -1,-1 -1,274 49,228 28,262 43,-1 -1,174 87,143 70,-1 -1,113 55,41 21,101 49,-1 -1,174 87,143 70,-1 -1,113 55,41 21,101 49,-1 -1,-1 -1,-1 -1,-1 -1,128 54,73 27,115 48,-1 -1,1434 56,1373 56,-1 -1,1490 60,1111 34,1177 55,-1 -1,-1 -1,-1 -1,-1 -1,-1 -1,-1 -1,-1 -1,-1 -1,129 62,146 70,-1 -1,119 58,41 21,107 52,-1 -1,-1 -1,-1 -1,-1 -1,-1 -1,-1 -1,-1 -1,-1 -1,-1 -1,-1 -1,-1 -1,-1 -1,-1 -1,-1 -1,-1 -1,-1 -1,-1 -1,-1 -1,-1 -1,-1 -1,-1 -1,-1 -1,140 52,124 44,-1 -1,168 56,106 30,152 53,-1 -1,-1 -1,-1 -1,-1 -1,-1 -1,-1 -1,-1 -1,-1 -1,|0,2,0,0,1,-1 -1,-1 -1,133 56,-1 -1,93 46,20 11,-1 -1,-1 -1,-1 -1,133 56,-1 -1,93 46,20 11,-1 -1,-1 -1,-1 -1,-1 -1,-1 -1,93 46,21 11,-1 -1,164 83,40 21,113 55,-1 -1,85 41,20 11,-1 -1,161 51,40 21,113 55,-1 -1,85 41,20 11,-1 -1,-1 -1,-1 -1,133 56,-1 -1,93 46,20 11,-1 -1,1927 51,1209 17,1490 60,-1 -1,1751 53,794 12,-1 -1,-1 -1,-1 -1,-1 -1,-1 -1,-1 -1,-1 -1,-1 -1,92 43,34 17,119 58,-1 -1,90 44,20 11,-1 -1,-1 -1,-1 -1,-1 -1,-1 -1,-1 -1,-1 -1,-1 -1,-1 -1,-1 -1,-1 -1,-1 -1,-1 -1,-1 -1,-1 -1,-1 -1,-1 -1,-1 -1,-1 -1,-1 -1,-1 -1,-1 -1,206 80,106 30,160 57,-1 -1,138 46,80 17,-1 -1,-1 -1,-1 -1,-1 -1,-1 -1,-1 -1,-1 -1,-1 -1,|1,3,0,0,1,-1 -1,-1 -1,79 29,93 46,-1 -1,81 40,-1 -1,-1 -1,-1 -1,79 29,93 46,-1 -1,81 40,-1 -1,-1 -1,-1 -1,-1 -1,93 46,-1 -1,82 40,-1 -1,145 73,115 56,41 21,85 41,-1 -1,72 35,-1 -1,145 73,115 56,41 21,85 41,-1 -1,72 35,-1 -1,-1 -1,-1 -1,79 29,93 46,-1 -1,81 40,-1 -1,1817 45,1674 57,1111 34,1751 53,-1 -1,1438 48,-1 -1,-1 -1,-1 -1,-1 -1,-1 -1,-1 -1,-1 -1,-1 -1,99 48,116 56,41 21,90 44,-1 -1,77 38,-1 -1,-1 -1,-1 -1,-1 -1,-1 -1,-1 -1,-1 -1,-1 -1,-1 -1,-1 -1,-1 -1,-1 -1,-1 -1,-1 -1,-1 -1,-1 -1,-1 -1,-1 -1,-1 -1,-1 -1,-1 -1,-1 -1,176 65,156 55,106 30,146 45,-1 -1,130 42,-1 -1,-1 -1,-1 -1,-1 -1,-1 -1,-1 -1,-1 -1,-1 -1,|1,1,0,0,1,-1 -1,-1 -1,121 50,20 11,81 40,-1 -1,-1 -1,-1 -1,-1 -1,121 50,20 11,81 40,-1 -1,-1 -1,-1 -1,-1 -1,-1 -1,21 11,82 40,-1 -1,-1 -1,152 77,51 26,101 49,20 11,72 35,-1 -1,-1 -1,149 45,51 26,101 49,20 11,72 35,-1 -1,-1 -1,-1 -1,-1 -1,121 50,20 11,81 40,-1 -1,-1 -1,1614 46,1064 30,1177 55,794 12,1438 48,-1 -1,-1 -1,-1 -1,-1 -1,-1 -1,-1 -1,-1 -1,-1 -1,-1 -1,96 45,47 23,107 52,20 11,77 38,-1 -1,-1 -1,-1 -1,-1 -1,-1 -1,-1 -1,-1 -1,-1 -1,-1 -1,-1 -1,-1 -1,-1 -1,-1 -1,-1 -1,-1 -1,-1 -1,-1 -1,-1 -1,-1 -1,-1 -1,-1 -1,-1 -1,-1 -1,198 76,98 26,152 53,88 16,130 42,-1 -1,-1 -1,-1 -1,-1 -1,-1 -1,-1 -1,-1 -1,-1 -1,-1 -1,|3,-1,0,-1,37,-1 -1,-1 -1,-1 -1,-1 -1,-1 -1,-1 -1,-1 -1,-1 -1,-1 -1,-1 -1,-1 -1,-1 -1,-1 -1,-1 -1,-1 -1,-1 -1,-1 -1,-1 -1,-1 -1,-1 -1,-1 -1,-1 -1,-1 -1,-1 -1,-1 -1,-1 -1,-1 -1,-1 -1,-1 -1,-1 -1,-1 -1,-1 -1,-1 -1,-1 -1,-1 -1,-1 -1,-1 -1,-1 -1,-1 -1,-1 -1,-1 -1,-1 -1,-1 -1,-1 -1,-1 -1,-1 -1,-1 -1,-1 -1,-1 -1,-1 -1,-1 -1,-1 -1,-1 -1,-1 -1,-1 -1,-1 -1,-1 -1,-1 -1,-1 -1,-1 -1,-1 -1,-1 -1,-1 -1,-1 -1,-1 -1,-1 -1,-1 -1,-1 -1,-1 -1,-1 -1,-1 -1,-1 -1,-1 -1,-1 -1,-1 -1,-1 -1,-1 -1,-1 -1,-1 -1,-1 -1,-1 -1,-1 -1,-1 -1,-1 -1,-1 -1,-1 -1,-1 -1,-1 -1,-1 -1,-1 -1,-1 -1,-1 -1,-1 -1,-1 -1,-1 -1,-1 -1,-1 -1,-1 -1,|
1|1,4,3|1|1,3|1,3|1,3|1,3|1|1|1|1|1,4,3|1|1|1|1|1|1|1,3|1,3|1,3|1,3|1,3|1,3|1,3|1,3|1|1,4,3|1|1|1|1|1|1|1|1|1,3|1|1,3|1|1|1,3|1|1|1|1|1,3|1|1|1|1|1|1|1,3|1|1|1|1|1|1|1,3|1|1,3|1|1|1|1|1|1|1|1|4,3,6|1|4,3,6|1|1|1,3|1|1|1|1|4,3,6|1|1|1|1|1|1|1,3|1|1|1|1|1|1|4,3,6|1|4,3,6|1|1|1|1|1|1|1|1|0,6|1|0,6|1|1|1,3|1|1|1|1|0,6|1|1|1|1|1|1|1,3|1|1|1|1|1|1|0,6|1|0,6|1|1|1|1|1|1|1|0|0|0|0|0|1|1,3|1|0|0,6|0,6|0|0|0|3,6|0,6|0,6|0|0,3,6|0,6|0|0|0|0|0|0|0|0|1|1|1|1|1|1|1|0|0|0|0|0|1|1,3|1|0|0,6|0,6|0|0|0|3,6|0,6|0,6|0|0,3,6|0,6|0|0|0|0|0|0|0|0|0,6|1|1|1|1|1|1|0|0|0|0|1|1|1,3|1|0|0,6|0,6|0|0|0|1|1|1|0,6|0,3,6|0,6|0|0|0|0|0|0|0|0,6|2,6|1|1|1|1|1|1|0|0|0|0|1|1|1,3|1|0,1|0,1,6|0,1,6|0,1|0,1|0,1|3,1,6|4,3,6|1,3|0,3,1,6|0,3,1,6|0,6|0|0|0|0|0|1|0,1|0,1,6|1|1|1|1|1|1|1|0|0|0|1|1|1|1,3|1|0|0,6|0,6|0|0|0|1|1|1|0|0|0|0|0|0|0|0|3|0|0|2,6|1|1|1|1|1|1|0|0|0,1|1|1|1|1,3|1|0|0,6|0,6|0|0|0|0|0|0|0|0|0|0|0|0|0|0|3|0|0|0,6|1|1|1|1|1|1|0|0|0|1|1|1|1,3|1|0|0,6|0,6|0|0|0|0|0|0|0|0|0|0|0|0|0|0|3|0|0|0|3,6|4,3,6|1,5,3|1|1|1|0|0|0|1|1|1|1,3|1|0,6|0,6|0,6|0|0|0|0|0|0|0|0|0|0|0|0|0|0|3|0|0|0|1|1|1|1|1|1|0|0|0|0|1|1|1,3|1|0,6|0,6|0,6|0|0|0|0|0|0|0|0|0|0|0|0|0|0|3|0|0|2|1|1|1|1|1|1|0|0|0,1|0,1|1|1|1,3|1|0,1|0,1|0,1|0,1|1|0|0|0|0,1|0,1|0,1|0,1|0,1|0,1|0,1|0,1|0,1|1|0,1|0,1|1|1|1|1|1|1|1|0|0|0|0|0|1|1,3|1|0|0|0|0|3|0|0|0|0|0|0|0|0|0|0|0|0|0|0|0|2|1|1|1|1|1|1|0|0|0|0|0|1|1,3|1|0|0|0|0|3|0|0|0|0|0|0|0|0|0|0|0|0|0|0|0|0|1|1|1|1|1|1|0|0|0|0|0|1|1,3|1|0|0|0|0|3|0|0|0|0|0|0|0|0|0|0|0|0|0|0|0|0|3,6|4,3,6|1,9,3|1|1|1|0|0|0|0|0|1|1,3|1|0|0|0|0|3|0|0|0|0|0|0|0|0|0|0|0|0|0|0|0|0|1|1|1|1|1|1|0|0|0|0|0|1|1,3|1|0|0|0|0|3|0|0|0|0|0|0|0|0|0|0|0|0|0|0|0|2|1|1|1|1|1|1|0|0|0|0,1|0,1,6|1|1,3|1|0,1|0,1|0,1|0,1|1|0|0|0|0|0|0|0|0|0|0,1|0,1|0,1|0,1|0,1|0,1|1|1|1|1|1|1|1|0|0|0|0|0,6|1|1,3|1|0|0|0|0|0|0|0|0|0|0|0|0|0|0|0|0|0|0|0|0|2|1|1|1|1|1|1|0|0|0|0,6|0,6|1|1,3|1|0|0|0|0|0|0|0|0|0|0|0|0|0|0|0|0|0|0|0|0|0|1|1|1|1|1|1|0|0|0|0|0,6|1|1,3|1|0|0|0|0|0|0|0|0|0|0|0|0|0|0|0|0|0|0|0|0|0|1|1|1|1|1|1|0|0|0|0|0,6|1|1,3|1|0|0|0|0|0|0|0|0|0|0|0|0|0|0|0|0|0|0|0|0|0|1|1|1|1|1|1|0|0|0|0|0|1|1,3|1|1|0,6|0,6|0,6|0,6|0,6|0,6|0,6|0,6|0,6|0,6|0,6|0,6|0,6|0,6|0,6|0,6|0,6|0,6|0,6|2,6|1|1|1|1|1|1|0|0|0|0|0|1|1,3|4,3,1,6|0,1,6|0,1,6|0,1,6|0,1,6|0,1,6|0,1,6|0,1,6|0,1,6|0,1,6|0,1,6|0,1,6|0,1,6|0,6|0,6|0,6|0,6|0,6|0,6|0,1,6|0,1,6|1|1|1|1|1|1|1|0|0|0|0|0|1|1|1|1|0,6|0,6|0,6|0,6|0,6|0,6|0,6|0,6|0,6|0,6|0,6|0,6|0,6|0,6|0,6|0,6|0,6|0,6|0,6|2,6|1|1|1|1|1|1|0|0|0|0|0|1|1|1|1|0,6|0,6|0,6|0,6|0,6|0,6|0,6|0,6|0,6|0,6|0,6|0,6|0,6|0,6|0,6|0,6|0,6|0,6|0,6|0,6|1|1|1|1|1|1|0|0|0|0|0|1|1|1|0|0|0|0|0|0|0|0|0|0|0|0|0|0|0|0|0|0|0|0|0|1|1|1|1|1|1|0|0|0|0|0|0|0|0|0|0|0|0|0|0|0|0|0|0|0|0|0|0|0|0|0|0|0|0|0|1|1|1|1|1|1|0|0|0|0|0|0|0|0|0|0|0|0|0|0|0|0|0|0|0|0|0|0|0|0|0|0|0|0|1|1|1|1|1|1|1|0|0|0|0|0|0|0|0|0|0|0|0|0|0|0|0|0|0,6|0,6|0,6|0,6|1|0,6|0,6|0,6|0,6|0,6|0,6|1|1|1|1|1|1|1|0|0|0|0|0|0|0|0|0|0|0|0|0|0,6|0,6|0,6|0,6|0,6|0,6|0,6|0,6|3,6|0,6|0,6|0,6|0,6|0,6|1|1|1|1|1|1|1|1|0|0|0|0|0|0|0|0|0|0|0|0|0|0,6|0,6|0,6|0,6|0,6|0,6|0,1,6|0,1,6|3,1,6|0,1,6|0,1,6|0,1,6|3,1,6|0,1,6|0,1,6|1|1|1|1|1|1|1|0|0|0|0|0|0|0|0|0|0|0|0|0|0|0|0|0,6|0,6|0,6|0,6|0,6|3,6|0,6|0,6|0,6|3,6|0,6|0,6|1|1|1|1|1|1|1|0|0|0|0|0|0|0|0|0|0|0|0|0|0|0|0|0,6|0,6|0,6|0,6|0,6|3,6|0,6|0,6|0,6|3,6|0,6|0,6|0,6|1|1|1|1|1|1|0|0|0|0|0|0|0|0|0|0|0|0|0|0,6|0,6|0,6|0,6|0,6|0,1,6|0,1,6|0,1,6|3,1,6|0,1,6|0,1,6|0,1,6|3,1,6|0,1,6|0,1,6|0,1,6|1|1|1|1|1|1|0|0|0|0|0|0|0|0|0|0|0|0|0|0,6|0,6|0,6|0,6|0,6|0,6|0,6|0,6|3,6|0,6|0,6|0,6|3,6|0,6|0,6|0,6|1|1|1|1|1|1|0|0|3|0|0|0|0|0|0|0|0|0|0|0|0|0|0|0,6|0,6|0,6|0,6|1|0,6|0,6|0,6|1|0,6|0,6|0,6|1|1|1|1|1|1|0|0|3|0|0|0|0|0|0|0|0|0|0|0|0|0|0|0|0|0|0|0|0|0|0|0|0|0|0,6|1|1|1|1|1|1|0|0|3|0|0|0|0|0|0|0|0|0|0|0|0|0|0|0|0|0|0|0|0|0|0|0|0|0,6|0,6|1|1|1|1|1|1|1|0,6|1|0,6|1|1|2|0|0|0|0|0|0|0|0|0|0|0|2|1|1|1|1|1|1|1|1|0,6|1|1|1|1|1|1|1|1|4,3,6|1|4,3,6|1|1|1|2|0|0|0|0|0,1|0,1|0,1|0,1|0,1|2,1|1|1|1|1|1|1|1|1|1|4,3,6|1|1|1|1|1|1|1|1|1,3|1|1,3|1|1|1|1|2|0|0|0|0|0|0|0|2|1|1|1|1|1|1|1|1|1|1|1,3|1|1|1|1|1|1|1|1|1,3|1|1|1|1|1|1|1|0,6|1|0,6|1|0,6|1|0,6|1|1|1|1|1|1|1|1|1|1|1|1,3|1|1|1|1|1|1|1|1|1,3|1|1|1|1|1|1|1|4,3,6|1|4,3,6|1|4,3,6|1|4,3,6|1|1|1|1|1|1|1|1|1|1|1|1,5,3|1|1|1|1|1|1|1|1|1,3|1|1|1|1|1|1|1|1,3|1|1,3|1|1,3|1|1,3|1|1|1|1|1|1|1|1|1|1|1|1|1|1|1|1|1|1|1|1|1,3|1,3|1,3|1,3|1,3|1,3|1,3|1,3|1,3|1|1,4,3|1|1,3|1|1,9,3|1|1|1|1|1|1|1|1|1|1|1|1|1|1|1|1|1|1|1|
