SU_A28
48*35|-1|0
0.0000*1.0000|0|0
-220,-30
Border: Solid
0,15,18|0,29,20|1,30,31|1,32,31|



17|2|14|0,2,0,0,1,-1 -1,144 72,-1 -1,144 72,-1 -1,171 72,-1 -1,145 70,-1 -1,140 70,-1 -1,144 72,-1 -1,5552 70,-1 -1,-1 -1,-1 -1,138 70,-1 -1,-1 -1,-1 -1,-1 -1,-1 -1,-1 -1,-1 -1,-1 -1,-1 -1,-1 -1,|0,2,0,0,1,144 72,-1 -1,144 72,-1 -1,171 72,-1 -1,145 70,-1 -1,140 70,-1 -1,144 72,-1 -1,5552 70,-1 -1,-1 -1,-1 -1,138 70,-1 -1,-1 -1,-1 -1,-1 -1,-1 -1,-1 -1,-1 -1,-1 -1,-1 -1,-1 -1,-1 -1,|
1,6|1,6|1,6|1,6|1,6|1,6|1,6|1,6|1,6|1,6|1,6|1,6|1,6|1,6|1,6|1,6|1,6|1,6|1,6|1,6|1,6|1,6|1,6|1,6|1,6|1,6|1,6|1,6|1,6|1,6|1,6|1,6|1,6|1,6|1,6|1,6|1,6|1,6|1,6|1,6|1,6|1,6|1,6|1,6|1,6|1,6|1,6|1,6|1,6|1,6|1,6|1,6|1,6|1,6|1,6|1,6|1,6|1,6|1,6|1,6|1,6|1,6|1,6|1,6|1,6|1,6|1,6|1,6|1,6|1,6|1,6|1,6|1,6|1,6|1,6|1,6|1,6|1,6|1,6|1,6|1,6|1,6|1,6|1,6|1,6|1,6|1,6|1,6|1,6|1,6|1,6|1,6|1,6|1,6|1,6|1,6|1,6|1,6|1,6|1,6|1,6|1,6|1,6|1,6|1,6|1,6|1,6|1,6|1,6|1,6|1,6|1,6|1,6|1,6|1,6|1,6|1,6|1,6|1,6|1,6|1,6|1,6|1,6|1,6|1,6|1,6|1,6|1,6|1,6|1,6|1,6|1,6|1,6|1,6|1,6|1,6|1,6|1,6|1,6|1,6|1,4,3,6|1,3,6|4,3,6|0,6|0,6|0,6|0,6|0,6|0,6|0,6|0,6|0,6|0,6|0,6|0,6|0,6|0,6|1,6|1,6|1,6|1,6|1,6|1,6|1,6|1,6|1,6|1,6|1,6|1,6|1,6|1,6|1,6|1,6|1,6|1,6|1,6|1,6|1,6|1,6|1,6|1,6|1,6|1,6|1,6|1,6|1,6|1,6|1,6|1,6|1,6|1,6|0,6|1,6|1,6|1,6|1,6|1,6|1,6|1,6|1,6|1,6|1,6|1,6|1,6|1,6|1,6|1,6|1,6|1,6|1,6|1,6|1,6|1,6|1,6|1,6|1,6|1,6|1,6|1,6|1,6|1,6|1,6|1,6|1,6|1,6|1,6|0,6|1,6|1,6|1,6|1,6|1,6|1,6|1,6|1,6|1,6|1,6|1,6|1,6|1,6|1,6|1,6|1,6|1,6|1,6|1,6|1,6|1,6|1,6|1,6|1,6|1,6|1,6|1,6|1,6|1,6|1,6|1,6|1,6|1,6|1,6|0,6|1,6|1,6|1,6|1,6|1,6|1,6|1,6|1,6|1,6|1,6|1,6|1,6|1,6|1,6|1,6|1,6|1,6|1,6|1,6|1,6|1,6|1,6|1,6|1,6|1,6|1,6|1,6|1,6|1,6|1,6|1,6|1,6|1,6|1,6|0,6|1,6|1,6|1,6|1,6|1,6|1,6|1,6|1,6|1,6|1,6|1,6|1,6|1,6|1,6|1,6|1,6|1,6|1,6|1,6|1,6|1,6|1,6|1,6|1,6|1,6|1,6|1,6|1,6|1,6|1,6|1,6|1,6|1,6|1,6|0,6|1,6|1,6|1,6|1,6|1,6|1,6|1,6|1,6|1,6|1,6|1,6|1,6|1,6|1,6|1,6|1,6|1,6|1,6|1,6|1,6|1,6|1,6|1,6|1,6|1,6|1,6|1,6|1,6|1,6|1,6|1,6|1,6|1,6|1,6|0,6|1,6|1,6|1,6|1,6|1,6|1,6|1,6|1,6|1,6|1,6|1,6|1,6|1,6|1,6|1,6|1,6|1,6|1,6|1,6|1,6|1,6|1,6|1,6|1,6|1,6|1,6|1,6|1,6|1,6|1,6|1,6|1,6|1,6|1,6|0,6|1,6|1,6|1,6|1,6|1,6|1,6|1,6|1,6|1,6|1,6|1,6|1,6|1,6|1,6|1,6|1,6|1,6|1,6|1,6|1,6|1,6|1,6|1,6|1,6|1,6|1,6|1,6|1,6|1,6|1,6|1,6|1,6|1,6|1,6|0,6|1,6|1,6|1,6|1,6|1,6|1,6|1,6|1,6|1,6|1,6|1,6|1,6|1,6|1,6|1,6|1,6|1,6|1,6|1,6|1,6|1,6|1,6|1,6|1,6|1,6|1,6|1,6|1,6|1,6|1,6|1,6|1,6|1,6|2|0|2|1,6|1,6|1,6|1,6|1,6|1,6|1,6|1,6|1,6|1,6|1,6|1,6|1,6|1,6|1,6|1,6|1,6|1,6|1,6|1,6|1,6|1,6|1,6|1,6|1,6|1,6|1,6|1,6|1,6|1,6|1,6|1,6|0|0|0|1,6|1,6|1,6|1,6|1,6|1,6|1,6|1,6|1,6|1,6|1,6|1,6|1,6|1,6|1,6|1,6|1,6|1,6|1,6|1,6|1,6|1,6|1,6|1,6|1,6|1,6|1,6|1,6|1,6|1,6|1,6|1,6|0|0|0|1,6|1,6|1,6|1,6|1,6|1,6|1,6|1,6|1,6|1,6|1,6|1,6|1,6|1,6|1,6|1,6|1,6|1,6|1,6|1,6|1,6|1,6|1,6|1,6|1,6|1,6|1,6|1,6|1,6|1,6|1,6|1,6|0,1|0|0|0,6|1,6|1,6|1,6|1,6|1,6|1,6|1,6|1,6|1,6|1,6|1,6|1,6|1,6|1,6|1,6|1,6|1,6|1,6|1,6|1,6|1,6|1,6|1,6|1,6|1,6|1,6|1,6|1,6|1,6|1,6|1,6|0|0|0|0|1,6|1,6|1,6|1,6|1,6|1,6|1,6|1,6|1,6|1,6|1,6|1,6|1,6|1,6|1,6|1,6|1,6|1,6|1,6|1,6|1,6|1,6|1,6|1,6|1,6|1,6|1,6|1,6|1,6|1,6|1,6|0|0|0|0|0,6|1,6|1,6|1,6|1,6|1,6|1,6|1,6|1,6|1,6|1,6|1,6|1,6|1,6|1,6|1,6|1,6|1,6|1,6|1,6|1,6|1,6|1,6|1,6|1,6|0,6|0,6|0,6|0,6|0,2,1,6|0,1,6|0,1|0,1|0|0|0,6|1,6|1,6|1,6|1,6|1,6|1,6|1,6|1,6|1,6|1,6|1,6|1,6|1,6|1,6|1,6|1,6|1,6|1,6|1,6|1,6|1,6|1,6|1,6|1,6|0,6|1,6|1,6|1,6|1,6|1,6|0|0|0|0|0,6|2,6|1,6|1,6|1,6|1,6|1,6|1,6|1,6|1,6|1,6|1,6|1,6|1,6|1,6|1,6|1,6|1,6|1,6|1,6|1,6|1,6|1,6|1,6|1,6|0,6|1,6|1,6|1,6|1,6|1,6|0|0|0|0|0|0,6|1,6|1,6|1,6|1,6|1,6|1,6|1,6|1,6|1,6|1,6|1,6|1,6|1,6|1,6|1,6|1,6|1,6|1,6|1,6|1,6|1,6|1,6|1,6|0,6|1,6|1,6|1,6|1,6|1,6|0|0|0|0,1|0,1|0,1,6|0,1,6|0,1,2,6|0,6|0,6|0,6|0,6|0,6|0,6|0,6|1,6|1,6|1,6|1,6|1,6|1,6|1,6|1,6|1,6|1,6|1,6|1,6|1,6|1,6|0,6|1,6|1,6|1,6|1,6|1,6|0|0|0|0|0|0,6|1,6|1,6|1,6|1,6|1,6|0,6|1,6|1,6|0,6|1,6|1,6|1,6|1,6|1,6|1,6|1,6|1,6|1,6|1,6|1,6|1,6|1,6|1,6|0,6|1,6|1,6|1,6|1,6|1,6|0,1|0|0|0|0,6|1,6|1,6|1,6|1,6|1,6|1,6|0,6|1,6|1,6|0,6|1,6|1,6|1,6|1,6|1,6|1,6|1,6|1,6|1,6|1,6|1,6|1,6|1,6|1,6|0,6|1,6|1,6|1,6|1,6|1,6|0|0|0|0|0,6|1,6|1,6|1,6|1,6|1,6|1,6|0,6|1,6|1,6|0,6|1,6|1,6|1,6|1,6|1,6|1,6|1,6|1,6|1,6|1,6|1,6|1,6|1,6|1,6|0,6|1,6|1,6|1,6|1,6|1,6|0|0|0|0|0,1,6|1,6|1,6|1,6|1,6|1,6|1,6|0,6|1,6|1,6|0,6|1,6|1,6|1,6|1,6|1,6|1,6|1,6|1,6|1,6|1,6|1,6|1,6|1,6|1,6|0,6|1,6|1,6|1,6|1,6|1,6|0|0|0|0|0,6|1,6|1,6|1,6|1,6|1,6|1,6|0,6|1,6|1,6|0|2|1,6|1,6|1,6|1,6|1,6|1,6|1,6|1,6|1,6|1,6|1,6|1,6|1,6|0,6|0,6|0,6|0,6|0,2,1,6|0,1,6|0,1|0,1|0,1|0|0,6|1,6|1,6|1,6|1,6|1,6|1,6|0,6|1,6|1,6|0|0|1,6|1,6|1,6|1,6|1,6|1,6|1,6|1,6|1,6|1,6|1,6|1,6|1,6|1,6|1,6|1,6|1,6|1,6|1,6|0|0|0|0|0,6|1,6|1,6|1,6|1,6|1,6|1,6|0,6|1,6|1,6|0|0|1,6|1,6|1,6|1,6|1,6|1,6|1,6|1,6|1,6|1,6|1,6|1,6|1,6|1,6|1,6|1,6|1,6|1,6|1,6|0|0|0|0,6|2,6|1,6|1,6|1,6|1,6|1,6|1,6|0,6|1,6|1,6|0|0|1,6|1,6|1,6|1,6|1,6|1,6|1,6|1,6|1,6|1,6|1,6|1,6|1,6|1,6|1,6|1,6|1,6|1,6|1,6|0|0|0|0,6|1,6|1,6|1,6|1,6|1,6|1,6|1,6|0,6|1,6|1,6|0|0|1,6|1,6|1,6|1,6|1,6|1,6|1,6|1,6|1,6|1,6|1,6|1,6|1,6|1,6|1,6|1,6|1,6|1,6|1,6|0|0|0|1,6|1,6|1,6|1,6|1,6|1,6|1,6|1,6|0,6|1,6|1,6|0|2|1,6|1,6|1,6|1,6|1,6|1,6|1,6|1,6|1,6|1,6|1,6|1,6|1,6|1,6|1,6|1,6|1,6|1,6|1,6|0|0|0|1,6|1,6|1,6|1,6|1,6|1,6|1,6|1,6|0,6|1,6|1,6|0,6|1,6|1,6|1,6|1,6|1,6|1,6|1,6|1,6|1,6|1,6|1,6|1,6|1,6|1,6|1,6|1,6|1,6|1,6|1,6|1,6|2|0|2|1,6|1,6|1,6|1,6|1,6|1,6|1,6|1,6|0,6|1,6|1,6|0,6|1,6|1,6|1,6|1,6|1,6|1,6|1,6|1,6|1,6|1,6|1,6|1,6|1,6|1,6|1,6|1,6|1,6|1,6|1,6|1,6|1,6|0,6|1,6|1,6|1,6|1,6|1,6|1,6|1,6|1,6|1,6|0,6|1,6|1,6|0,6|1,6|1,6|1,6|1,6|1,6|1,6|1,6|1,6|1,6|1,6|1,6|1,6|1,6|1,6|1,6|1,6|1,6|1,6|1,6|1,6|1,6|0,6|1,6|1,6|1,6|1,6|1,6|1,6|1,6|1,6|1,6|0,6|0,6|0,6|0,6|1,6|1,6|1,6|1,6|1,6|1,6|1,6|1,6|1,6|1,6|1,6|1,6|1,6|1,6|1,6|1,6|1,6|1,6|1,6|1,6|1,6|0,6|1,6|1,6|1,6|1,6|1,6|1,6|1,6|1,6|1,6|1,6|1,6|1,6|1,6|1,6|1,6|1,6|1,6|1,6|1,6|1,6|1,6|1,6|1,6|1,6|1,6|1,6|1,6|1,6|1,6|1,6|1,6|1,6|1,6|1,6|0,6|1,6|1,6|1,6|1,6|1,6|1,6|1,6|1,6|1,6|1,6|1,6|1,6|1,6|1,6|1,6|1,6|1,6|1,6|1,6|1,6|1,6|1,6|1,6|1,6|1,6|1,6|1,6|1,6|1,6|1,6|1,6|1,6|1,6|1,6|0,6|1,6|1,6|1,6|1,6|1,6|1,6|1,6|1,6|1,6|1,6|1,6|1,6|1,6|1,6|1,6|1,6|1,6|1,6|1,6|1,6|1,6|1,6|1,6|1,6|1,6|1,6|1,6|1,6|1,6|1,6|1,6|1,6|1,6|1,6|0,6|1,6|1,6|1,6|1,6|1,6|1,6|1,6|1,6|1,6|1,6|1,6|1,6|1,6|1,6|1,6|1,6|1,6|1,6|1,6|1,6|1,6|1,6|1,6|1,6|1,6|1,6|1,6|1,6|1,6|1,6|1,6|1,6|1,6|1,6|0,6|1,6|1,6|1,6|1,6|1,6|1,6|1,6|1,6|1,6|1,6|1,6|1,6|1,6|1,6|1,6|1,6|1,6|1,6|1,6|1,6|1,6|1,6|1,6|1,6|1,6|1,6|1,6|1,6|1,6|1,6|1,6|1,6|1,6|1,6|0,6|1,6|1,6|1,6|1,6|1,6|1,6|1,6|1,6|1,6|1,6|1,6|1,6|1,6|1,6|1,6|1,6|1,6|1,6|1,4,3,6|1,3,6|4,3,6|0,6|0,6|0,6|0,6|0,6|0,6|0,6|0,6|0,6|0,6|0,6|0,6|0,6|0,6|1,6|1,6|1,6|1,6|1,6|1,6|1,6|1,6|1,6|1,6|1,6|1,6|1,6|1,6|1,6|1,6|1,6|1,6|1,6|1,6|1,6|1,6|1,6|1,6|1,6|1,6|1,6|1,6|1,6|1,6|1,6|1,6|1,6|1,6|1,6|1,6|1,6|1,6|1,6|1,6|1,6|1,6|1,6|1,6|1,6|1,6|1,6|1,6|1,6|1,6|1,6|1,6|1,6|1,6|1,6|1,6|1,6|1,6|1,6|1,6|1,6|1,6|1,6|1,6|1,6|1,6|1,6|1,6|1,6|1,6|1,6|1,6|1,6|1,6|1,6|1,6|1,6|1,6|1,6|1,6|1,6|1,6|1,6|1,6|1,6|1,6|1,6|1,6|1,6|1,6|1,6|1,6|1,6|1,6|1,6|1,6|1,6|1,6|1,6|1,6|1,6|1,6|1,6|1,6|1,6|1,6|1,6|1,6|1,6|1,6|1,6|1,6|1,6|1,6|1,6|1,6|1,6|1,6|1,6|1,6|1,6|1,6|1,6|1,6|1,6|1,6|1,6|1,6|1,6|1,6|1,6|1,6|1,6|1,6|1,6|1,6|1,6|1,6|1,6|1,6|1,6|1,6|1,6|1,6|1,6|1,6|1,6|1,6|1,6|1,6|1,6|1,6|1,6|1,6|1,6|1,6|1,6|1,6|
