SU_A16
48*35|-1|0
1.8271*0.8135|0|0
-220,-30
Border: Passable




17|4|14|0,5,0,0,1,-1 -1,1440 54,-1 -1,-1 -1,-1 -1,1000 185,-1 -1,-1 -1,-1 -1,1442 53,-1 -1,-1 -1,-1 -1,412 200,-1 -1,-1 -1,-1 -1,417 199,-1 -1,-1 -1,-1 -1,1000 185,-1 -1,-1 -1,-1 -1,3459 73,-1 -1,-1 -1,-1 -1,-1 -1,-1 -1,-1 -1,-1 -1,412 207,-1 -1,-1 -1,-1 -1,-1 -1,-1 -1,-1 -1,-1 -1,-1 -1,-1 -1,-1 -1,-1 -1,-1 -1,-1 -1,-1 -1,-1 -1,-1 -1,-1 -1,-1 -1,-1 -1,-1 -1,-1 -1,-1 -1,|0,4,0,0,1,1442 55,-1 -1,-1 -1,-1 -1,1442 55,-1 -1,-1 -1,-1 -1,-1 -1,-1 -1,-1 -1,-1 -1,412 200,-1 -1,-1 -1,-1 -1,417 199,-1 -1,-1 -1,-1 -1,1442 55,-1 -1,-1 -1,-1 -1,3459 73,-1 -1,-1 -1,-1 -1,-1 -1,-1 -1,-1 -1,-1 -1,412 207,-1 -1,-1 -1,-1 -1,-1 -1,-1 -1,-1 -1,-1 -1,-1 -1,-1 -1,-1 -1,-1 -1,-1 -1,-1 -1,-1 -1,-1 -1,-1 -1,-1 -1,-1 -1,-1 -1,-1 -1,-1 -1,-1 -1,-1 -1,|3,-1,0,-1,19,-1 -1,-1 -1,-1 -1,-1 -1,-1 -1,-1 -1,-1 -1,-1 -1,-1 -1,-1 -1,-1 -1,-1 -1,-1 -1,-1 -1,-1 -1,-1 -1,-1 -1,-1 -1,-1 -1,-1 -1,-1 -1,-1 -1,-1 -1,-1 -1,-1 -1,-1 -1,-1 -1,-1 -1,-1 -1,-1 -1,-1 -1,-1 -1,-1 -1,-1 -1,-1 -1,-1 -1,-1 -1,-1 -1,-1 -1,-1 -1,-1 -1,-1 -1,-1 -1,-1 -1,-1 -1,-1 -1,-1 -1,-1 -1,-1 -1,-1 -1,-1 -1,-1 -1,-1 -1,-1 -1,-1 -1,-1 -1,|3,-1,0,-1,23,-1 -1,-1 -1,-1 -1,-1 -1,-1 -1,-1 -1,-1 -1,-1 -1,-1 -1,-1 -1,-1 -1,-1 -1,-1 -1,-1 -1,-1 -1,-1 -1,-1 -1,-1 -1,-1 -1,-1 -1,-1 -1,-1 -1,-1 -1,-1 -1,-1 -1,-1 -1,-1 -1,-1 -1,-1 -1,-1 -1,-1 -1,-1 -1,-1 -1,-1 -1,-1 -1,-1 -1,-1 -1,-1 -1,-1 -1,-1 -1,-1 -1,-1 -1,-1 -1,-1 -1,-1 -1,-1 -1,-1 -1,-1 -1,-1 -1,-1 -1,-1 -1,-1 -1,-1 -1,-1 -1,-1 -1,-1 -1,|
1|1,4,3|1,3|1,3|1,3|1,3|1|1,3|1|1|1|1|1|1|1|1|1|1|1|1|1|1|1|1|1|1|1|1,9,3|1,3|1,3|1|1,3|1,3|1,3|1,4,3|1|1|1|1|1|4,3,6|1|4,3,6|1|1|1|1|1|1|1|1|1|1|1|1|1|1|1|1|1|1|1|1|1|4,3,6|1|4,3,6|1|1|1|0|0,6|1|1|1|0,6|1|0,6|1|1|1|2|0|0|0|0|0|0,6|2,6|1|1|2,6|0|2|1|1|1|1|1|0,6|1|0,6|1|1|1|0|0|0,6|0,6|0|0|0|0,6|1|1|1|0|0,6|0,6|0,6|0|0|0|0|0|0|0|0|0|1|1|1|0|0|0|0,6|0,6|1|1|1|0|0|0|0|0|0|0|0,6|1|1|1|0|0,6|0,6|0,6|0|0|0|0|0|1|1|1|0|1|1|1|0|0|0|0|0,6|1|1|1|0|0|0|0|0|0|0|0|1|1|1|0|0,6|0,6|0,6|0|0|0|0|0|1|1|1|0,1|1|1|1|0|0|0|0|0,6|1|1|1|0|0|0|0|0,1|0,1|0,1|0,1|1|1|1|0|0|0|0|0|1|1|1|0|1|1|1|0|1|1|1|0|0|0|0|0,6|1|1|1|0|0|0|0|0|0|0|0|1|1|1|0|0|1|1|1|1|1|1|0|0|0|0|0|1|1|1|0|0|1|1|1|1|1|1|0|0,6|0,6|0,6|0|0|0|0|1|1|1|0|0|1|1|1|1|1|1|0|0|0|0|0|1|1|1|0|0|1|1|1|1|1|1|0|0,6|0,6|0,6|0|0|0|0|1|1|1|0|0|1|1|1|1|1|1|0|0|0|0|0|1|1|1|0|0|1|1|1|1|1|1|0|0,6|0,6|0,6|0|0|0|0|1|1|1|0|0|0|0|0|1|1|1|0|0|1|1|1|1|1|1|0|0|0|0|0|1|1|1|0|0|0|0|0|0|0|0|1|1|1|0|0|0|0|0|1|1|1|0|0|1|1|1|1|1|1|0|1|1|1|0|1|1|1|0|0|0|0|0|0|0|0|1|1|1|0|0|0|0|0,6|1|1|1|0|0|1|1|1|1|1|1|0|1|1|1|0,1|1|1|1|0|0|0|1|1|1|0|0|1|1|1|0|0|0|0|0,6|1|1|1|0|0|0|0|0|1|1|1|0|1|1|1|0,6|1|1|1|0|0|0|1|1|1|0,1|0,1|1|1|1|0|0|0|0|0,6|1|1|1|0|0|0|0|0|1|1|1|0|0|0,6|0,6|0,6|1|1|1|0|0|0|1|1|1|0|0|1|1|1|0|0|0|0|0|1|1|1|0|0|0|0|0|1|1|1|0|0|1|1|1|1|1|1|0|0|0|0|0|0|0|0|1|1|1|0|0|0|0|0|1|1|1|1|1|1|0|0|1|1|1|0|0|1|1|1|1|1|1|0|0|0|0|0|0|0|0|1|1|1|0|0|0|0|0|1|1|1|1|1|1|0,1|0,1|1|1|1|0|0|1|1|1|1|1|1|0|0|0|0|0|0|0|0|1|1|1|0|1|1|1|0|1|1|1|1|1|1|0|0|1|1|1|0|0|0|0|0|1|1|1|0|0|0|0|0|0|0|0|1|1|1|0|1|1|1|0,1|1|1|1|0|0|0|0|0|1|1|1|1|1|1|0|0|1|1|1|0|0|0|0|0|0|0|0|1|1|1|0|1|1|1|0|1|1|1|0|0|0|0|0|1|1|1|1|1|1|0,1|0,1|1|1|1|1|1|0|0|0|0|0|0|1|1|1|0|0|0|0|0|1|1|1|0|0|0|0|0|1|1|1|1|1|1|0|0|1|1|1|1|1|0,1|0,1|0,1|0,1|0,1|0,1|1|1|1|0|0|0|0|0|1|1|1|1|1|1|0|0|1|1|1|0|0|0|0|0|1|1|1|1|1|0|0|0|0|0|0|1|1|1|0|0|0|0|0|1|1|1|1|1|1|0,1|0,1|1|1|1|0,6|0,6|0,6|0|0|1|1|1|0|0|0|0|0|0|0|0|1|1|1|0|0|1|1|1|1|1|1|1|1|1|0|0|1|1|1|0,6|0,6|0,6|0|0|1|1|1|0|0|0|0|1|1|1|0|1|1|1|0|0|1|1|1|1|1|1|0|0|0|0|0|1|1|1|0,6|1|1|1|0|1|1|1|0|0|0|0|1|1|1|0,1|1|1|1|0|0|1|1|1|1|1|1|0|1|1|1|0|1|1|1|0|1|1|1|0,1|1|1|1|0|0|0|0|1|1|1|0|1|1|1|0|0|0|0|0|1|1|1|0|1|1|1|0,1|1|1|1|0|1|1|1|0|1|1|1|0|0|0|0|0|0|0|0|1|1|1|0|0|0|0|0|1|1|1|0|1|1|1|0|1|1|1|0|0|0|0|0|1|1|1|0|0|0|0|0|0|0|0|1|1|1|0|0|0|0|0|1|1|1|0,6|0,6|0,6|0|0|1|1|1|0|0|0|0|0|1|1|1|0,6|0,6|0,6|0|0|0|0|0|1|1|1|0|0|0|0|0|1|1|1|0,6|0,6|0,6|0|0|1|1|1|0|0|0|0|0|1|1|1|0,6|0,6|0,6|0|0|0|0|0|1|1|1|1|1|1|0|0|1|1|1|0,6|0,6|0,6|0|0|1|1|1|0|0|1|1|1|1|1|1|0,6|0,6|0,6|0|0|0|0|0|1|1|1|1|1|1|0,1|0,1|1|1|1|0|0|1|1|1|1|1|1|0,1|0,1|1|1|1|1|1|1|0|0|0|0|0|0|0|0|1|1|1|1|1|1|0|0|1|1|1|0|0|1|1|1|1|1|1|0|0|1|1|1|1|1|1|0|0|0|0|0|0|0|0,6|1|1|1|0|0|0|0|0|1|1|1|0|0|1|1|1|1|1|1|0|0|0|0|0|1|1|1|0|0|1|1|1|0|0|0,6|1|1|1|0|0|0|0|0|1|1|1|0|0|0|0|0|1|1|1|1|1|1|0|0|1|1|1|0|0|1|1|1|0,1|0,1|0,1,6|1|1|1|0|0|0|0|0|1|1|1|0|0|0|0|0|1|1|1|1|1|1|0|0|1|1|1|0|0|1|1|1|0|0|0|1|1|1|0|0|0|0|0|1|1|1|0|1|1|1|0|1|1|1|1|1|1|0,6|0,6|1|1|1|0|0|0|0|0|0|0|0|1|1|1|0|0,6|0,6|0,6|0|1|1|1|0,1|1|1|1|0|1|1|1|0|0|0,6|0,6|0,6|1|1|1|0|0|0|0|0|0|0|0|1|1|1|0|0,6|0,6|0,6|0|1|1|1|0|1|1|1|0|1|1|1|0|0|0,6|0,6|0,6|1|1|1|0|0|0|0|0|0|0|0|1|1|1|0|0,6|0,6|0,6|0|1|1|1|0|0|0|0|0|1|1|1|0|0|0|0|0|1|1|1|0|0|0|0|0|0|0|0|1|1|1|0|0|0|0|0|1|1|1|0|0|0|0|0|1|1|1|0|0|0|0|0|1|1|1|0|0|0|0|0|0|0|0|0|0|0|0|0|0|0|0|1|1|1|0|0|0,6|0,6|0,6|0|0|0|0|0|1|1|1|1|1|1|0|0|0|0|0|0,1|0,1|0,1|0,1|0,1|0,1|0,1|0,1|0,1|0,1|0,1|1|1|1|0|0|0,6|0,6|0,6|0|0|0|0|0|1|1|1|1|1|1|0|0|0|0|0|0|0|0|0|0|0|0|0,6|0|0|0|1|1|1|0|0|0,6|0,6|0,6|0|0|0|0|0|1|1|1|1|1|1|0|0|0|0|0,6|0,6|0|2|1|0|1|0,6|1|2,6|0,6|2,6|1|1|1|2|0|0|0|0|0|0,6|0,6|0,6|0,6|0|0|0|1|1|1|0,6|0,6|1|1|1|1|1|1|1|4,3,6|1|4,3,6|1|1|1|1|1|1|1|1|1|2,6|0,6|0,6|2,6|1|1|1|2,6|0,6|2,6|1|1|1|1|1|1|1|1|1|1|1|1|1|1,9,3|1|1,3|1|1|1|1|1|1|1|1|1|1|1|1|1|1|1|1|1|1|1|1|1|1|1|
