SU_A21
48*35|-1|0
3.9364*4.5283|0|0
-220,-30
Border: Passable




17|4|14|0,4,0,0,1,-1 -1,321 57,381 73,-1 -1,-1 -1,321 57,381 73,-1 -1,-1 -1,502 57,1374 43,-1 -1,-1 -1,134 64,182 87,-1 -1,-1 -1,135 67,182 87,-1 -1,-1 -1,321 57,381 73,-1 -1,-1 -1,2043 71,2714 48,-1 -1,-1 -1,-1 -1,-1 -1,-1 -1,-1 -1,132 65,165 81,-1 -1,-1 -1,-1 -1,-1 -1,-1 -1,-1 -1,-1 -1,-1 -1,-1 -1,-1 -1,-1 -1,-1 -1,-1 -1,-1 -1,184 69,-1 -1,-1 -1,-1 -1,-1 -1,-1 -1,-1 -1,|0,7,0,0,1,-1 -1,-1 -1,125 49,-1 -1,-1 -1,-1 -1,125 49,-1 -1,-1 -1,-1 -1,1016 57,-1 -1,134 64,-1 -1,127 64,-1 -1,135 67,-1 -1,120 49,-1 -1,-1 -1,-1 -1,125 49,-1 -1,2043 71,-1 -1,3339 50,-1 -1,-1 -1,-1 -1,-1 -1,-1 -1,132 65,-1 -1,98 49,-1 -1,-1 -1,-1 -1,-1 -1,-1 -1,-1 -1,-1 -1,-1 -1,-1 -1,-1 -1,-1 -1,-1 -1,-1 -1,184 69,-1 -1,-1 -1,-1 -1,-1 -1,-1 -1,-1 -1,-1 -1,|1,2,0,0,1,-1 -1,125 49,-1 -1,-1 -1,-1 -1,125 49,-1 -1,-1 -1,-1 -1,424 42,-1 -1,-1 -1,181 87,127 64,-1 -1,-1 -1,183 79,120 49,-1 -1,-1 -1,-1 -1,125 49,-1 -1,-1 -1,2714 48,3339 50,-1 -1,-1 -1,-1 -1,-1 -1,-1 -1,-1 -1,165 81,98 49,-1 -1,-1 -1,-1 -1,-1 -1,-1 -1,-1 -1,-1 -1,-1 -1,-1 -1,-1 -1,-1 -1,-1 -1,-1 -1,-1 -1,-1 -1,-1 -1,-1 -1,-1 -1,-1 -1,-1 -1,-1 -1,-1 -1,|3,-1,0,-1,20,-1 -1,-1 -1,-1 -1,-1 -1,-1 -1,-1 -1,-1 -1,-1 -1,-1 -1,-1 -1,-1 -1,-1 -1,-1 -1,-1 -1,-1 -1,-1 -1,-1 -1,-1 -1,-1 -1,-1 -1,-1 -1,-1 -1,-1 -1,-1 -1,-1 -1,-1 -1,-1 -1,-1 -1,-1 -1,-1 -1,-1 -1,-1 -1,-1 -1,-1 -1,-1 -1,-1 -1,-1 -1,-1 -1,-1 -1,-1 -1,-1 -1,-1 -1,-1 -1,-1 -1,-1 -1,-1 -1,-1 -1,-1 -1,-1 -1,-1 -1,-1 -1,-1 -1,-1 -1,-1 -1,-1 -1,-1 -1,|
1,4,3|1,3|1,3|1,3|1|1|1|1|1|1|1|1|1|1|1,3|1,3|1,3|1,3|1,3|1,3|1,3|1,3|1,3|1,3|1,3|1,3|1,3|1,3|1,3|1,3|1,3|1|1|1|1|1|1|1|4,3,6|1|1|1|1|1|1|1|1|1|1|4,3,6|1|1|1|1|1|1|1|1|1|1|1|1|1|1|1|4,3,6|1|1|1|1|1|1|1|0,2,6|1|1|1|1|1|1|1|1|1|1|0,6|1|1|1|1|1|1|1|1|1|1|1|1|1|1|1|0,6|1|1|1|1|1|1|2|0,2|0|0|1|1|1|1|2|0|0|0|0|1|1|1|1|0|0|0|0|0|0|0|0|0|0|0|0,6|0,6|1|1|1|1|2|0|0,2|0|0|3|0|0|0|0|0|0|0|0|3|0|0|0|0|0|0|0|0|0|0|0|0|0|0|0|0,6|1|1|1|2|0|0|0,2|0|0|0|0|0|0|0|0|0|0|0|3|0|0|0|0|0|1|1|1|0|0|0|0|0|0|0|0,6|1|1|1|0|0|0|0,2|0|0|0|0|0|0,1|0,1|0,1|0,1|0,1|0,1|3,1|0,1|0,1|0,1|0,1|0,1|1|1|1|0|0|0|1|1|1|0|0|1|1|1|0|0|0|0,2|0|0|0|0|0|0|0|0|0|0|0|3|0|0|0|0|0|1|1|1|0|0|0|1|1|1|0|0|1|1|1|0|0|0|0,2|0|0|0|1|1|1|0|0|0|0|0|0|0|0|0|0|0|1|1|1|0|0|0|1|1|1|0|0|1|1|1|0|0|0|0|0|0|0|1|1|1|0|0|0|0|0,6|0,6|0,6|0|0|0|0|0|0|0|0|0|0|1|1|1|0|0|1|1|1|0|0|0|0|0|0|0|1|1|1|0|0|0|0|0,6|0,6|0,6|0|0|0|0|0|0|0|0|0|0|0|0|0|0|0|1|1|1|0|0|0|0|0|0|0|1|1|1|0|0|0|0|0,6|0,6|0,6|0|0|0|0|0|0|0|0|0|0|0|0|0|0|0,6|1|1|1|0|0|0|0|0|0|0|0|0|0|0|0|0|0|0,6|0,6|0,6|0|0|0|0|0|0|0|1|1|1|0|0|0|0|0,6|3,6|4,3,6|1,9,3|0|0|0|0,2|0|0|0|0|0|0|0|0|0|0|0|0|0|0|0|0|0|0|0|0|1|1|1|0|0|0|0,6|0,6|1|1|1|0|0|0|0,2|0|0|0|0|0|0|0|0|0|0|0|0|0|0|0|0|0|0|0|0|1|1|1|0|0|0|0,6|0,6|3,6|4,3,6|1,3|0|0|0|0,2|0|0|0|0|0|0|0|0|0|0|0|0|0|0|0|0|0|0|0|0|1|1|1|0|0|0|0|0,6|1|1|1|0|0|0|0,2|0|0|0|0|0|0|0|0|0|0|0|0|0|0|0|0|0|0|0|0|0|0|0|0|0|0|0|0|1|1|1|0|0|0|0,2|0|0|0|0|1|1|1|0|0|0|0|0|0|0|0|0|1|1|1|0|0|0|0|0|1|1|1|0|1|1|1|0|0|0,1|0,2,1|0,1|0,1|0,1|0,1|1|1|1|0|0|0,6|0,6|0,6|0|0|0|0|1|1|1|0|0|0|0|0|1|1|1|0|1|1|1|0|0|0|0,2|0|0|0|0|1|1|1|0|0|0,6|0,6|0,6|0|0,1|0,1|0,1|1|1|1|0|0|0|0|0|1|1|1|0|1|1|1|0|0|0|0,2|0|0|0|0|1|1|1|0|0|0,6|0,6|0,6|0|0|0|0|1|1|1|0|0|0|0|0|1|1|1|0|1|1|1|0|0|0|0,2|0|0|0|0|0|0|0|0|0|0,6|0,6|0,6|0|0|0|0|0|0|0|0|0|0|0|0|0|0|0|0|1|1|1|0|0|0|0,2|0|0|0|0|0|0|0|0|0|0|0|0|0|0|0|0|0|0|0|0|0|0|0|0|0|0|0|0|1|1|1|0|0|0|0,2|0|0|0|0|0|0|0|0|0|0|0|0|0|0|0|0|0|0|0|0|0,6|0,6|0,6|0,1|0,1|0,1|0,1|0,1|1|1|1|2|0|0|0,2|0|0|3|0|0|0|0|0|0|0|0|0|0|3|0|0|0|0|0|0|0,6|0,6|0,6|0|0|0|0|0|1|1|1|1|2|0|0,2|0|0|3|0|0|0|0|0|0|0|0|0|0|3|0|0|0|0|0|0|0,6|0,6|0,6|0|0|0|0|2|1|1|1|1|1|2|0,2|0|0|1|1|1|1|1|1|2|0|0|0|0|1|1|1|0|0|0|0|0,6|0,6|0,6|0|0|0|0|1|1|1|1|1|1|1|0,2,6|1|1|1|1|1|1|1|1|1|2|0|0|0|1|1|1|0|0|0|0|0|0|0|0|0|0|1|1|1|1|1|1|1|1|4,3,6|1|1|1|1|0,6|0,6|0,6|1|1|1|0,6|0,6|0,6|1|1|1|1|0,6|0,6|0,6|0,6|0,6|0,6|0,6|0,6|0,6|1|1|1|1|1|1|1|1|1,3|1|1|1|1|0,6|1|0,6|1|1|1|0,6|0,6|0,6|1|0,6|0,6|0,6|0,1,6|0,1,6|0,1,6|0,1,6|0,1,6|0,1,6|0,1,6|0,1,6|1|1|1|1|1|1|1|1|1|1,3|1|1|1|1|0,6|1|0,6|1|1|1|0,6|0,6|0,6|1|0,6|1|1|0,6|0,6|0,6|0,6|0,6|0,6|0,6|0,6|0,6|1|1|1|1|1|1|1|1|1,3|1|1|1|1|0,6|1|0,6|1|1|1|0,6|0,6|0,6|1|0,6|1|0,6|0,6|0,6|0,6|0,6|0,6|0,6|0,6|0,6|0,6|1|1|1|1|1|1|1|1|1,3|1|1|1|1|0,6|1|0,6|1|0|1|0|0|0|1|0|1|0|0|0|0|0|0|0|0|0|0|0,6|1|1|1|1|1|1|1|4,3,6|1|1|0,6|0,6|0,6|0,6|0,6|3,6|0|1|0|0|0|3,6|0|1|0|0|0|0|0|0|0|0|0|0|0|2,6|1|1|1|1|1|1|0,6|1|1|0,6|1|0,6|1|0,6|1|0|1|0|0|0|1|0|1|0|0|0|0|0|0|0|0|0|0|0|0,6|1|1|1|1|1|1|0,6|1|1|0,6|1|4,3,6|1|0,6|1|0|1|0|0|0|1|0|1|0|0|0|0|0|0|0|1|1|1|0|0|1|1|1|1|1|1|0,6|1|1|0,6|1|1,3|1|0,6|1|0|1|0|0|0|1|0|1|0|0|0|0,6|0,6|0,6|0|1|1|1|0|0|1|1|1|1|1|1|0,6|1|1|0,6|1|1,9,3|1|0,6|1|0|1|0|0|0|1|0|1|0|0|0|0,6|0,6|0,6|0|1|1|1|0|0|1|1|1|1|1|1|0,6|1|1|0,6|1|1|1|0,6|1|0|1|0|0|0|1|0|1|0|0|0|0,6|0,6|0,6|0|1|1|1|0|0|1|1|1|1|0,6|0,6|0,6|0,6|0,6|0,6|1|1,5,3|1|0,6|1|0|3,6|0|0|0|1|0|1|0|0|0|0,6|0,6|0,6|0|0|0|0|0|0|1|1|1|1|0,6|1|1|1|1|0,6|1|1,3|1|0,6|1|0|1|0|0|0|1|0|1|0|0|0|0|0|0|0|0|0|0|0|0|1|1|1|1|0,6|1|1|1|1|0,6|1|4,3,6|1|0,6|1|0|1|0|0|0,6|1|0|1|0|0|0|0,1|0,1|0,1|0,1|0,1|0,1|0,1|0,1|0,1|3,1,6|4,3,6|1,3|1|0,6|1|1|1|1|0,6|1|0,6|1|0,6|1|0|1|0|0|0,6|1|0|1|0|0|0|0|0|0|0|0|0|0|0|0,6|1|1|1,3|1|0,6|0,6|0,6|0,6|0,6|0,6|0,6|0,6|0,6|0,6|1|0|1|0|0,6|0,6|1|0|1|0|0|0|0|0|0|0|0|0|0|0,6|0,6|1|1|1,3|1|1|1|1|1|1|1|1|1|1|0,6|1|1|1|2,6|0,6|2,6|1|4,3,6|1|2,6|0,6|0,6|0,6|2,6|1|0,6|1|2,6|0,6|0,6|2,6|1|1|1,3|1|1|1|1|1|1|1|1|1|1|4,3,6|1|1|1|1|1|1|1|1,3|1|1|1|1|1|1|1|4,3,6|1|1|1|1|1|1|1|1,3|1|1|1|1|1|1|1|1|1|1|1,3|1|1|1|1|1|1|1|1,3|1|1|1|1|1|1|1|1,3|1|1|1|1|1|1|1|1,3|1|1|1|1|1|1|1|1|1|1|1,3|1,3|1,3|1,3|1,3|1,3|1,3|1,3|1,3|1|1|1|1|1|1|1|1|1|1|1|1|1|1|1|1,4,3|
