SU_B04
106*35|-1|0
2.8669*7.4686|0|0
-160,-30|864,-40
Border: Passable
1,8,33|1,10,33|0,27,16|1,36,16|0,41,16|1,91,31|



20|7|15|0,6,0,0,1,-1 -1,554 178,338 152,323 146,367 132,380 138,-1 -1,-1 -1,551 176,338 152,323 146,367 132,380 138,-1 -1,-1 -1,883 215,638 144,619 138,695 171,708 177,-1 -1,-1 -1,268 122,304 146,307 149,245 121,232 115,-1 -1,-1 -1,301 114,300 134,306 140,267 121,279 127,-1 -1,-1 -1,551 176,338 152,323 146,367 132,380 138,-1 -1,-1 -1,1794 107,4531 173,4216 57,2677 145,2531 139,-1 -1,-1 -1,-1 -1,-1 -1,-1 -1,-1 -1,-1 -1,-1 -1,-1 -1,307 148,285 141,283 140,251 124,238 118,-1 -1,-1 -1,-1 -1,-1 -1,-1 -1,-1 -1,-1 -1,-1 -1,-1 -1,-1 -1,-1 -1,-1 -1,-1 -1,-1 -1,-1 -1,-1 -1,-1 -1,-1 -1,-1 -1,-1 -1,-1 -1,-1 -1,-1 -1,260 107,-1 -1,-1 -1,308 131,296 125,-1 -1,-1 -1,-1 -1,-1 -1,-1 -1,-1 -1,-1 -1,-1 -1,-1 -1,470 106,350 152,-1 -1,-1 -1,-1 -1,-1 -1,|0,5,0,1,1,563 214,-1 -1,259 82,270 86,195 51,182 45,-1 -1,546 206,-1 -1,259 82,270 86,195 51,182 45,-1 -1,1000 158,-1 -1,374 80,389 84,312 49,299 43,-1 -1,315 153,-1 -1,229 111,237 115,169 82,156 76,-1 -1,427 198,-1 -1,229 110,235 114,169 82,156 76,-1 -1,546 206,-1 -1,259 82,270 86,195 51,182 45,-1 -1,1794 107,-1 -1,3658 117,3961 120,1803 89,1657 83,-1 -1,-1 -1,-1 -1,-1 -1,-1 -1,-1 -1,-1 -1,-1 -1,307 148,-1 -1,175 82,182 86,113 52,100 46,-1 -1,-1 -1,-1 -1,-1 -1,-1 -1,-1 -1,-1 -1,-1 -1,-1 -1,-1 -1,-1 -1,-1 -1,-1 -1,-1 -1,-1 -1,-1 -1,-1 -1,-1 -1,-1 -1,-1 -1,-1 -1,-1 -1,260 107,-1 -1,-1 -1,-1 -1,220 87,208 81,-1 -1,-1 -1,-1 -1,-1 -1,-1 -1,-1 -1,-1 -1,-1 -1,513 181,-1 -1,300 105,-1 -1,-1 -1,-1 -1,-1 -1,|0,3,0,0,1,338 152,259 82,-1 -1,27 13,71 36,84 42,-1 -1,325 146,255 80,-1 -1,27 13,71 36,84 42,-1 -1,642 87,260 80,-1 -1,31 13,72 36,85 42,-1 -1,304 146,229 111,-1 -1,26 14,68 34,81 40,-1 -1,300 134,228 110,-1 -1,25 13,67 33,80 39,-1 -1,325 146,255 80,-1 -1,27 13,71 36,84 42,-1 -1,4531 173,3658 117,-1 -1,1263 14,2515 41,2706 51,-1 -1,-1 -1,-1 -1,-1 -1,-1 -1,-1 -1,-1 -1,-1 -1,285 141,175 82,-1 -1,26 14,69 35,82 41,-1 -1,-1 -1,-1 -1,-1 -1,-1 -1,-1 -1,-1 -1,-1 -1,-1 -1,-1 -1,-1 -1,-1 -1,-1 -1,-1 -1,-1 -1,-1 -1,-1 -1,-1 -1,-1 -1,-1 -1,-1 -1,-1 -1,-1 -1,-1 -1,-1 -1,-1 -1,-1 -1,-1 -1,-1 -1,-1 -1,-1 -1,-1 -1,-1 -1,-1 -1,-1 -1,-1 -1,329 135,296 103,-1 -1,-1 -1,-1 -1,-1 -1,-1 -1,|1,1,0,0,1,323 146,270 86,27 13,-1 -1,82 40,95 46,-1 -1,310 140,266 84,27 13,-1 -1,82 40,95 46,-1 -1,623 81,275 84,31 13,-1 -1,87 40,100 46,-1 -1,307 149,237 115,26 14,-1 -1,76 38,89 44,-1 -1,306 140,235 114,25 13,-1 -1,74 37,87 43,-1 -1,310 140,266 84,27 13,-1 -1,82 40,95 46,-1 -1,4216 57,3961 120,1263 14,-1 -1,2818 44,3009 54,-1 -1,-1 -1,-1 -1,-1 -1,-1 -1,-1 -1,-1 -1,-1 -1,283 140,182 86,26 14,-1 -1,76 39,89 45,-1 -1,-1 -1,-1 -1,-1 -1,-1 -1,-1 -1,-1 -1,-1 -1,-1 -1,-1 -1,-1 -1,-1 -1,-1 -1,-1 -1,-1 -1,-1 -1,-1 -1,-1 -1,-1 -1,-1 -1,-1 -1,-1 -1,-1 -1,-1 -1,-1 -1,-1 -1,-1 -1,-1 -1,-1 -1,-1 -1,-1 -1,-1 -1,-1 -1,-1 -1,-1 -1,-1 -1,-1 -1,-1 -1,-1 -1,-1 -1,-1 -1,-1 -1,-1 -1,|1,1,0,0,1,375 168,195 51,71 36,82 40,-1 -1,21 11,-1 -1,362 162,192 49,71 36,82 40,-1 -1,21 11,-1 -1,698 114,198 49,72 36,87 40,-1 -1,23 11,-1 -1,245 121,169 82,68 34,76 38,-1 -1,21 11,-1 -1,267 121,169 82,67 33,74 37,-1 -1,21 11,-1 -1,362 162,192 49,71 36,82 40,-1 -1,21 11,-1 -1,2677 145,1803 89,2515 41,2817 44,-1 -1,778 13,-1 -1,-1 -1,-1 -1,-1 -1,-1 -1,-1 -1,-1 -1,-1 -1,251 124,113 52,69 35,76 39,-1 -1,21 11,-1 -1,-1 -1,-1 -1,-1 -1,-1 -1,-1 -1,-1 -1,-1 -1,-1 -1,-1 -1,-1 -1,-1 -1,-1 -1,-1 -1,-1 -1,-1 -1,-1 -1,-1 -1,-1 -1,-1 -1,-1 -1,-1 -1,308 131,220 87,-1 -1,-1 -1,-1 -1,84 19,-1 -1,-1 -1,-1 -1,-1 -1,-1 -1,-1 -1,-1 -1,-1 -1,-1 -1,-1 -1,-1 -1,-1 -1,-1 -1,-1 -1,-1 -1,|1,1,0,0,1,388 174,182 45,84 42,95 46,21 11,-1 -1,-1 -1,372 166,179 43,84 42,95 46,21 11,-1 -1,-1 -1,711 120,185 43,85 42,100 46,23 11,-1 -1,-1 -1,232 115,156 76,81 40,89 44,21 11,-1 -1,-1 -1,279 127,156 76,80 39,87 43,21 11,-1 -1,-1 -1,372 166,179 43,84 42,95 46,21 11,-1 -1,-1 -1,2531 139,1657 83,2706 51,3009 54,778 13,-1 -1,-1 -1,-1 -1,-1 -1,-1 -1,-1 -1,-1 -1,-1 -1,-1 -1,238 118,100 46,82 41,89 45,21 11,-1 -1,-1 -1,-1 -1,-1 -1,-1 -1,-1 -1,-1 -1,-1 -1,-1 -1,-1 -1,-1 -1,-1 -1,-1 -1,-1 -1,-1 -1,-1 -1,-1 -1,-1 -1,-1 -1,-1 -1,-1 -1,-1 -1,-1 -1,296 125,208 81,-1 -1,-1 -1,84 19,-1 -1,-1 -1,-1 -1,-1 -1,-1 -1,-1 -1,-1 -1,-1 -1,-1 -1,-1 -1,-1 -1,-1 -1,-1 -1,-1 -1,-1 -1,-1 -1,|4,-1,0,-1,88,-1 -1,-1 -1,-1 -1,-1 -1,-1 -1,-1 -1,-1 -1,-1 -1,-1 -1,-1 -1,-1 -1,-1 -1,-1 -1,-1 -1,-1 -1,-1 -1,-1 -1,-1 -1,-1 -1,-1 -1,-1 -1,-1 -1,-1 -1,-1 -1,-1 -1,-1 -1,-1 -1,-1 -1,-1 -1,-1 -1,-1 -1,-1 -1,-1 -1,-1 -1,-1 -1,-1 -1,-1 -1,-1 -1,-1 -1,-1 -1,-1 -1,-1 -1,-1 -1,-1 -1,-1 -1,-1 -1,-1 -1,-1 -1,-1 -1,-1 -1,-1 -1,-1 -1,-1 -1,-1 -1,-1 -1,-1 -1,-1 -1,-1 -1,-1 -1,-1 -1,-1 -1,-1 -1,-1 -1,-1 -1,-1 -1,-1 -1,-1 -1,-1 -1,-1 -1,-1 -1,-1 -1,-1 -1,-1 -1,-1 -1,-1 -1,-1 -1,-1 -1,-1 -1,-1 -1,-1 -1,-1 -1,-1 -1,-1 -1,-1 -1,-1 -1,-1 -1,-1 -1,-1 -1,-1 -1,-1 -1,-1 -1,-1 -1,-1 -1,-1 -1,-1 -1,-1 -1,-1 -1,-1 -1,-1 -1,-1 -1,-1 -1,-1 -1,-1 -1,-1 -1,-1 -1,|
1|1|1|1|1|1|1|1|1|1|1|1|1|1|1|1|1|1|1|1|1|1|1|1|1|1|1|1|1|1|1|1|1|1|1|1|1,4,3|1|1|1|1|1|1,9,3|1|1|1|1|1|1|1|1|1|1|1|1|1|1|1|1|1|1|1|1|1|1|1|1|1,4,3|1|1|1|1,3|1|1|1|1,3|1|1,3|1|1|1|1|1|1|1|1|1|1|1|1|1|1|1|1|1|1|1|1|1|1|1|1|1,3|1|1|1|1,3|1|1|1|1,3|1|1,3|1|1|1|1|1|1|1|1|1|1|1|1|1|1|1|1|1|1|1|1|1|1|1|1|1,3|1|1|1|1,3|1|1|1|1,3|1|1,3|1|1|1|1|1|1|1|1|1|1|1|1|1|1|1|1|1|1|1|1|1|1|1|1|4,3,6|1|1|1|1,3|1|1|1|1,3|1|1,3|1|1|1|1|0,6|0,6|0,6|0,6|0,6|0,6|0,6|1|1|1|0,6|0,6|0,6|0,6|0,6|1|1|1|1|1|0,6|1|1|1|1,3|1|1|1|1,3|1|1,3|1|1|1|1|0,6|1|1|0,6|1|1|0,6|1|1|1|0,6|1|1|1|0,6|1|1|1|1|2|0|1|1|1|4,3,6|1|1|1|1,3|1|1,3|1|1|1|1|0,6|1|1|4,3,6|1|1|0,6|1|1|1|0,6|1|1|1|0,6|1|1|1|1|0|0|1|1|1|0,6|1|1|1|1,3|1|1,3|1|1|1|1|0,6|1|1|1,3|1|1|0,6|0,6|0,6|0,6|0,6|1|1|1|0,6|0,6|0,6|0,6|0,6|0|0|1|1|0,6|0,6|2,6|1|1|4,3,6|1|4,3,6|1|1|1|1|0,6|1|1|1,9,3|1|1|0,6|1|1|1|0,6|1|1|1|0,6|1|1|1|1|0|0|1|1|0,6|0,6|0,6|2,6|1|0,6|1|0,6|1|1|1|1|0,6|1|1|1|1|1|0,6|1|1|1|0,6|1|1|1|0,6|1|1|1|1|0|2|1|1|0,6|0,6|0,6|0,6|1|0,6|0,6|0,6|0,6|1|1|1|0,6|1|1|1|1|1|0,6|1|1|1|0,6|1|1|1|4,3,6|1|1|1|1|0,6|1|1|1|0,6|0,6|0,6|0,6|1|0,6|0,6|0,6|0,6|1|1|1|0,6|0,6|0,6|0,6|0,6|0,6|0,6|1|1|1|0,6|1|1|1|1,5,3|1|1|1|1|0,6|1|1|1|0,6|0,6|0,6|0,6|1|0,6|0,6|0,6|1|1|1|1|0,6|1|1|0,6|1|1|1|1|1|1|0,6|1|1|1|1|1|1|1|1|0,6|1|1|1|0,6|0,6|0,6|0,6|1|0,6|0,6|0,6|1|1|1|1|0,6|1|1|0,6|1|1|1|1|2,6|0,6|0,6|0,6|1|1|1|1|1|1|1|0,6|1|1|1|0,6|0,6|0,6|0,6|1|0,6|0,6|1|1|1|1|1|0,6|1|1|0,6|1|1|1|1|0,6|0,6|0,6|0,6|1|1|1|1|1|1|1|0,6|1|1|1|0,6|0,6|0,6|0,6|1|0,6|0,6|1|1|1|1|1|0,6|1|1|0,6|1|1|1|1|0,6|0,6|0,6|0,6|1|1|1|1|1|1|1|0,6|1|1|1|0|0|0|0|1|0|0|0|1|1|1|1|0,6|1|1|0,6|1|1|1|1|0|0|0|0|1|1|1|1|1|1|1|0,6|1|1|1|0|0|0|0|3|0|0|0|1|1|1|1|0,6|1|1|0,6|1|1|1|1|0|0|0|0|1|1|1|1|1|1|1|0,6|1|1|1|0|0|0|0|3|0|0|0|0|1|1|1|0,6|1|1|0,6|1|1|1|1|0,1|0,1|0,1|0,1|3,1|0,1|0,1|0,1|3,1|0,1|0,1,6|0,1,6|1|1|1|0|0|0,6|0,6|3,6|0,6|0|0|0|1|1|1|0,6|0,6|0,6|0,6|1|1|1|1|0|0|0|0|3|0|0|0|3|0|0|0,6|1|1|1|0|0,1|0,1,6|0,1,6|3,1,6|0,1,6|0,1|0,1|0,1|1|1|1|1|1|0,6|1|1|1|1|1|0|0|0|0|3|0|0|0|3|0|0|0,6|1|1|1|0|0|0,6|0,6|3,6|0,6|0|0|0|1|1|1|1|1|0,6|1|1|1|1|1|0|0|0|0|3|0|0|0|3|0|0|1|1|1|1|0|0|0,6|0,6|3,6|0,6|0|0|0|1|1|1|1|1|0,6|1|1|1|1|1|0,1|0,1|0,1|0,1|1|0,1|0,1|0,1|3,1|0,1|1|1|1|1|1|0|0|0,6|0,6|3,6|0,6|0|0|0|1|1|1|1|1|0|0|1|1|1|2|0|0|0|0|0|0|0|0|3|0|0,6|1|1|1|1|0|0,6|0,6|0,6|1|0,6|0,6|0,6|0,6|1|1|1|1|1|0|0|1|1|1|0,6|0,6|0,6|0,6|0,6|0,6|0,6|0,6|0,6|3,6|0,6|0,6|1|1|1|1|0,6|0,6|0,6|0,6|1|0,6|0,6|0,6|0,6|1|1|1|1|1|0|0|1|1|1|0,6|0,6|0,6|0,6|0,6|0,6|0,6|0,6|0,6|3,6|0,6|0,6|1|1|1|1|0,6|0,6|0,6|0,6|1|0,6|0,6|0,6|0,6|1|1|1|1|1|0|0|1|1|1|0,6|0,6|0,6|0,6|0,6|0,6|0,6|0,6|0,6|3,6|0,6|0,6|0,6|1|1|1|0|0,6|0,6|0,6|1|0,6|0,6|0,6|0,6|1|1|1|1|1|0|0|1|1|1|0,6|0,6|0,6|0,6|0,6|0,6|0,6|0,6|0,6|3,6|0,6|0,6|0,6|1|1|1|0|0|0,6|0,6|1|0,6|0|0|1|1|1|1|1|1|0|0|1|1|1|2|0|0|0|0|0|0|0|0|3|0|0,6|2,6|1|1|1|0|0|0,6|0,6|1|0,6|0|0|1|1|1|1|1|1|0|0|3,6|0,1,6|0,1,6|0,1,6|0,1|0,1|0,1|0,1|0,1|0|0|0|3|0|0|1|1|1|1|0|0|0,6|0,6|1|0,1,6|0,1|1|1|1|1|1|1|1|0|0|1|1|1|2|0|0|0|0|0|0|0|0|3|0|0|2,6|1|1|1|0|0|0,6|0,6|0,6|0,6|0|0|1|1|1|1|1|1|0|0|1|1|1|0|0|0|0|0|0|0|0|0|3|0|0|0,6|1|1|1|0|0|0,6|0,6|0,6|0,6|0|0|1|1|1|1|1|1|0|0|1|1|1|0|0|0|0|0|0|0|0|0|3|0|0|0,6|3,6|4,3,6|1,5,3|0|0|0,6|0,6|0,6|0,6|0|0|0|1|1|1|1|1|0|0|1|1|1|0|0|0|0|0|0|0|0|0|3|0|0|0,6|1|1|1|0|0|0,6|0,6|0,6|0,6|0|0|0|1|1|1|1|1|0|0|1|1|1|2|0|0|0|0|0|0|0|0|3|0|0|2,6|1|1|1|0|0|0,6|0,6|0,6|0,6|0|0|0|1|1|1|1|1|0|0|1|1|1|1|0,1|0,1|0,1|0,1|0|0|0|0|1|0,1|0,1|1|1|1|1|0|0|0,6|0,6|0,6|0,6|0|0|0|1|1|1|1|1|0|0|1|1|1|2|0|0|0|0|0|0|0|0|0|0|0|2,6|1|1|1|0|0|0,6|0,6|0,6|0,6|0|0|0|1|1|1|1|1|0|0|1|1|1|0|0|0|0|0|0|0|0|0|0|0|0|0,6|1|1|1|0|0|0,6|0,6|0,6|0,6|0|0|0|1|1|1|1|1|0|0|1|1|1|0|0|0|0|0|0|0|0|0|0|0|0|0,6|3,6|4,3,6|1,5,3|0|0|0,6|0,6|0,6|0,6|0|0|0|1|1|1|1|1|0|0|1|1|1|0|0|0|0|0|0|0|0|0|0|0|0|0,6|1|1|1|0|0|0,6|0,6|0,6|0,6|0|0|0|1|1|1|1|1|0|0|1|1|1|2|0|0|0|0|0|0|0|0|0|0|0|2,6|1|1|1|0|0|0,6|0,6|0,6|0,6|0|0|0|1|1|1|1|1|1|0,6|1|1|1|1|0,1|0,1|0,1|0,1|0,1|0,1|0,1|0,1|0,1|0,1|0,1,6|1|1|1|1|0|0,6|0,6|0,6|0,6|0,6|0,6|0,6|0,6|2,6|1|1|1|1|1|4,3,6|1|1|1|2,6|0,6|0,6|0,6|0,6|0,6|0,6|0,6|0,6|0,6|0,6|0,6|2,6|1|1|1|0|0,6|0,6|0,6|0,6|0,6|0,6|0,6|0,6|0,6|1|1|1|1|1|1,3|1|1|1|0,6|0,6|0,6|0,6|0,6|0,6|0,6|0,6|0,6|0,6|0,6|0,6|0,6|1|1|1|0,6|0,6|0,6|0,6|0,6|0,6|0,6|0,6|0,6|0,1,6|1|1|1|1|1|1,3|1|1|1|0,6|0,6|0,6|0,6|0,6|0,6|0,6|0,6|0,6|0,6|0,6|0,6|0,6|3,6|4,3,6|1,3|0|0,6|0,6|0,6|0,6|0,6|0,6|0,6|0,6|0,6|1|1|1|1|1|1,3|1|1|1|0,6|0,6|0,6|0,6|0,6|0,6|0,6|0,6|0,6|0,6|0,6|0,6|0,6|1|1|1,3|0|0|0,6|0,6|0,6|0,1,6|0,1|0,1|0,1|0,1|1|1|1|1|1|1,3|1|1|1|2|0|0|0|0|0|0|0|0|0|0|0,6|2,6|1|1|1,3|0|0|0,6|0,6|0,6|0,6|0|0|0|0|1|1|1|1|1|1,3|1|1|1|1|0,1|0,1|0|0|0|0,1|0,1|0,1|0,1|0,1|0,1|1|1|1|1,3|0|0|0,6|0,6|0,6|0,6|0|0|0|0|1|1|1|1|1|1,3|1|1|1|2|0|0|0|0|0|0|0|0|0|0|0|2,6|1|1|1,3|0|0|0,6|0,6|0,6|0,6|0|0|0|0|1|1|1|1|1|1,3|1|1|1|0|0|0|0|0|0|0|0|0|0|0|0|0,6|1|1|1,3|0|0|0,6|0,6|0,6|0,6|0|0|0|0,1|1|1|1|1|1|1,3|1|1|1|0|0|0|0|0|0|0|0|0|0|0|0|0,6|1|1|1,3|0|0|0|0|0|0|0|0|0|0|1|1|1|1|1|1,3|1|1|1|0|0|0|0|0|0|0|0|0|0|0|0|0,6|1|1|1,3|0|0|0|0|0|0|0,1|0,1|0,1|0,1|1|1|1|1|1|1,3|1|1|1|0|0|0|0|0|0|0|0|0|0|0|0|1|1|1|1,3|0|0|0|0|0|0|0|0|0|0|1|1|1|1|1|1,3|1|1|2,2|0|0|0|0|0|0|0|0|0,1|0,1|0,1|1|1|1|1|1,3|0|0|0|0|0|0|0|0|0|0|1|1|1|1|1|4,3,6|1|1|0,2|0|0|0,6|0,6|0,6|0,6|0,6|0,6|0,6|0,6|0,6|1|1|1|1|1,3|0|0|0|0|0|0|0|0|0|0|1|1|1|1|1|0,6|1|1|0,2|0|0|0,6|0,6|0,6|0,6|0,6|0,6|0,6|0,6|0,6|0,6|1|1|1|1,3|0|0|0|0|0|0|0|0|0|0|1|1|1|1|0|0|1|1|0,2|0|0|0,6|0,6|0,6|0,6|0,6|0,6|0,6|0,6|0,6|0,6|1|1|1|1,3|0|0|0|0|0|0|0|0|0|0|1|1|1|1|0|0|1|1|0,2|0|0|0,6|0,6|0,6|0,6|0,6|0,6|0,6|0,6|0,6|0,6|0,6|1|1|1,3|0|0|0|0|0|0|0|0|0|0|1|1|1|1|0|0|1|1|0,2|0|0|0,6|0,6|0,6|0,6|0|0|0|0|0|0|2|1|1|1,3|0|0|0|0|0|0|0|0|0|0|1|1|1|1|0|0|1|1|0,2|0|0|0,6|0,6|0,6|0,6|0|0|0|0|0,1|0,1|1|1|1|1,3|0|0|0|0|0|0|0|0|0|0|1|1|1|1|0|0|1|1|0,2|0|0|0,6|0,6|0,6|0,6|0|0|0|0|0|0|2|1|1|1,3|0|0|0|0|0|0|0|0|0|0|1|1|1|1|0|0|1|1|0,2|0|0|0,6|0,6|0,6|0,6|0,6|0,6|0,6|0,6|0,6|0,6|0,6|1|1|1,3|0|0|0|0|0|0|0|0|0|0|1|1|1|1|0|0|1|1|0,2|0|0|0,6|0,6|0,6|0,6|0,6|0,6|0,6|0,6|0,6|0,6|0,6|1|1|1,3|0|0|0|0|0|0|0|0|0|0|1|1|1|1|0|0|1|1|0|0|0|0,6|0,6|0,6|0,6|0,6|0,6|0,6|0,6|0,6|0,6|0,6|1|1|1,3|0|0|0|0|0|0|0|0|0|0|1|1|1|1|0|0|1|1|0|0|0|0,6|0,6|0,6|0,6|0,6|0,6|0,6|0,6|0,6|0,6|2,6|1|1|1,3|0|0|0|0|0|0|0|0|0|0|1|1|1|1|0|0|1|1|0|0|0|0|0|0|0|0|0|0|0,1|0,1|0,1|1|1|1|1,3|0|0|0|0|0|0|0|0|0|0|2|1|1|1|0|0|1|1|0|0|0|0|0|0|0|0|0|0|0|0|0|2|1|1|1,3|0|0|0|0|0|0|0|0|0|0|0|2|1|1|0|0|1|1|0|0|0|0|0|0|0|0|0|0|0|0|0|0|1|1|1,3|0|0|0|0|0|0|0|0|0|0|0|0|0|0,2|0|0|3|0|0|0|0|0,6|0,6|0,6|0,6|0,6|1|1|1|1|0,6|0,6|1|1|1,3|0|0|0|0|0|0|0|0|0|0|0|0|0|0,2|0|0|3|0|0|0|0|0,6|0,6|0,6|0,6|0,6|1|1|1|1|0,6|0,6|3,6|4,3,6|1,3|0|0|0|0|0|0|0|0|0|0|0|0|0|0,2|0|0|0|0|0|0|0|0,6|0,6|0,6|0,6|0,6|1|1|1|1|0,6|0,6|1|1|1|0|0|0|0|0|0|0|0|0|0|0|0|0|0|0|0|0|0|0|0|0|0,6|0,6|0,6|0,6|0,6|1|1|1|1|0,6|0,6|3,6|4,3,6|1,3|0|0|0|0|0|0|0|0|0|0|0|0|0|0|0|0|0|0|0|0|0|0,6|0,6|0,6|0,6|0|0|0|0|0|0|0|1|1|1|0|0|0|0|0|0|0|0|0|0|0|0|0|0|0|0|0|0|0|0|0|0,6|0,6|0,6|0,6|0|0|0|0|0|0|0|3,6|4,3,6|1,9,3|0|0|0|0|0|0|0|0|0|0|0|0|0|0|0|0|0|0|0|0|0|0,6|0,6|0,6|0,6|0|0|0|0|0|0|0|1|1|1|0|0|0|0|0|0|0|0|0|0|0|0|0|0|0|0|0|0|0|0|0|0,6|0,6|0,6|1|1|1|1|0,6|0,6|0,6|0,6|3,6|4,3,6|1,3|0|0|0|0|0|0|0|0|0|0|0|0|0|0|0|0|0|0|0|0|0|0,6|0,6|0,6|1|1|1|1|0,6|0,6|0,6|0,6|1|1|1,3|0|0|0|0|0|0|0|0|0|0|0|0|0|0|0|0|0|0|0|0|0|0,6|0,6|0,6|1|1|1|1|0,6|0,6|0,6|0,6|1|1|1,3|0|0|0|0|0|0|0|0|0|0|0|0|0|0|0|0|0|0|0|0|0|0,6|0,6|0,6|1|1|1|1|0,6|0,6|0,6|0,6|1|1|1,3|0|0|0|0|0|0|0|0|0|0|0|0|0|0|0|0|0|0|0|0|0|0|0|0|0|0|0|0|0|0|0|1|1|1|1,3|0|0|0|0|0|0|0|0|0|0|0|0|0|0|0|0|0|0|0|0|0|0|0|0|0|0|0,6|0,6|0,6|0,6|1|1|1|1|1,3|0|0|0|0|0|0|0|0|0|0|0|0|0|0|0|0|0|0|0|0|0|0|0|0|1|1|1|1|1|1|1|1|1|1|1,3|0|0|0|0|0|0|0|0|0|0|0|0|0|0|0|0|0|0|0|0|0|0|0|0,6|1|1|1|1|1|1|1|1|1|1|1,3|0|0|0|0|0|0|0|0|0|0|0|0|0|0|0|0|0|0|0|0|0|0|0|0,6|1|1|1|1|1|1|1|1|1|1|1,3|0|0|0|0|0|0|0|0|0|0|0|0|0|0|0|0|0|0|0|0|0|0|0|0,6|1|1|1|1|1|1|1|1|1|1|1,3|0|0|0|0|0|0|0|0|0|0|0|0|0|0|0|0|0|0|0|0|0|0|0|0,6|1|1|1|1|0,6|0,6|0,6|1|1|1|1,3|0|0|0|0|0|0|0|0|0|0|0|0|0|0|0|0|0|0|0|0|0|0|0|0,6|1|1|1|1|0,6|0,6|0,6|0,6|3,6|4,3,6|1,3|0|0|0|0|0|0|0|0|0|0|0|0|0|0|0|0|0|0|0|0|0|0|0|0,6|1|1|1|1|0,6|0|0|0,6|1|1|1|0|0|0|0|0|0|0|0|0|0|0|0|0|0|0|0|0|0|0|0|0|0|0|0,6|1|1|1|1|0,6|0|0|1|1|1|1|0|0|0|0|0|0|0|0|0|0|0|0|0|0|0|0|0|0|0|0|0|0|0|1|1|1|1|1|0,6|0|0,6|1|1|1|1|0|0|0|0|0|0|0|0|0|0|0|0|0|0|0|0|0|0|0|0|0|0|0|1|1|1|1|1|0,6|0|0,6|1|1|1|1|0|0|0|0|0|0|0|0|0|0|0|0|0|0|0|0|0|0|0|0|2|1|1|1|1|1|1|1|0,6|0,6|0,6|0,6|1|1|1|0|0|0|0|0|0|0|0|0|0|0|0|0|0|0|0|0|0|0|2|1|1|1|1|1|1|1|1|1|1|0,6|1|1|1|1|0,6|0,6|0,6|0,6|0,6|0,6|0,6|0,6|0,6|0,6|0,6|0,6|0,6|0,6|0,6|0,6|0,6|0,6|0,6|1|1|1|1|1|1|1|1|1|1|1|4,3,6|1|1|1|1|0,6|0,6|0,6|0,6|0,6|0,6|0,6|0,6|0,6|0,6|0,6|0,6|0,1,6|0,1,6|0,1,6|0,1,6|0,1,6|0,1,6|0,1,6|3,6|4,3,6|1,3|1,3|1,3|1,3|1,3|1|1|1|1|1,3|1|1|1|1|0,6|0|0|0|0|0|0|0|0|0|0|0|0|0|0|0|0|0|0|1|1|1|1|1|1|1,3|1|1|1|1|1,3|1|1|1|1|1|1|1|2,6|0,6|0,6|0,6|0,6|0,6|0,6|0,6|0,6|0,6|0,6|0,6|2,6|1|1|1|1|1|1|1|1|1|1,3|1|1|1|1|1,3|1|1|1|1|1|1|1|1|2,6|0,6|0,6|0,6|0,6|0,6|0,6|0,6|0,6|0,6|2,6|1|1|1|1|1|1|1|1|1|1|1,3|1|1|1|1|1,3|1|1|1|1|1|1|1|1|1|1|0,6|1|0,6|1|0,6|1|0,6|1|1|1|1|1|1|1|1|1|1|1|1|1,3|1,3|1,3|1,3|1,3|1,3|1|1|1|1|1|1|1|1|1|1|4,3,6|1|4,3,6|1|4,3,6|1|4,3,6|1|1|1|1|1|1|1|1|1|1|1|1|1|1|1|1|1|1|1|1|1|1|1|1|1|1|1|1|1,3|1|1,3|1|1,3|1|1,3|1|1|1|1|1|1|1|1|1|1|1|1|1|1|1|1|1|1|1|1|1|1|1|1|1|1|1|1|1,3|1|1,3|1|1,3|1|1,3|1|1|1|1|1|1|1|1|1|1|1|1|1|1|1|1|1|1|1|1|1|1|1|1|1|1|1|1|1,3|1|1,3|1|1,3|1|1,3|1|1|1|1|1|1|1|1|1|1|1|1|1|1|1|1|1|1|1|1|1|1|1|1|1|1|1|1|1,3|1|1,3|1|1,3|1|1,3|1|1|1|1|1|1|1|1|1|1|1|1|1|1|1|1|1|1|1|1|1|1|1|1|1|1|1|1|1|1|1|1|1|1|1,4,3|1|1|1|1|1|1|1|1|1|1|1|1|1|1|1|1|1|1|1|1|1|1|
