Pièce : SL_A07
taille : 48x35
################################################
################################################
################################################
#####################..#########################
###################=...#########################
#####################..#########################
#####################--#########################
#####################..#########################
#####################..#########################
#####################--#########################
#####################..#########/.....##########
#####################..########/.......=########
#####################--#######/.......##########
#####################..######/..../#############
#####################..#####/..../##############
#############.......+--+......../###############
###########=........|..|......./################
#############.......|..|....../#################
#####################HH#########################
#####################..#########################
#####################..#########################
#####################--#########################
#####################..#########################
######################.#########################
################################################
################################################
################################################
################################################
################################################
################################################
################################################
################################################
################################################
################################################
################################################
(11,16),(11,17)|(13,15),(13,16)|(13,17),(13,18)|(19,4),(19,5)|(21,3),(21,4)|(21,5),(21,15)|(21,18),(21,23)|(22,23),(22,24)|(23,3),(23,15)|(23,18),(23,24)|(31,12),(31,17)|(32,11),(32,16)|(38,10),(38,11)|(38,12),(38,13)|(40,11),(40,12)|
(21,3),(23,3)|(19,4),(21,4)|(19,5),(21,5)|(32,11),(38,11)|(31,12),(38,12)|(30,13),(35,13)|(29,14),(34,14)|(13,15),(21,15)|(23,15),(28,15)|(11,16),(13,16)|(11,17),(13,17)|(13,18),(21,18)|(21,23),(22,23)|(22,24),(23,24)|

(28,15),(33,10)|(30,18),(35,13)|
(20.5,18),(23.5,18)|
(21,6.5),(21,9.5)|(21,12.5),(21,21.5)|(23,6.5),(23,9.5)|(23,12.5),(23,21.5)|
end file : SL_A07