Pièce : DS_A05
taille : 54x35
######################################################
######################################################
######################################################
###########/............................../###########
##########/................................/##########
#########/................................../#########
########/..................................../########
#######/....................................../#######
######/......................................../######
#####/........................................../#####
#####.........................|..................#####
#####.........................|..................#####
#####.........................|..................#####
###########...................|......|...........#####
###########...................|......|..##############
###########...................|......|..##############
###########...|...............|......|..##############
#####.........|...............|......|..##############
#####.........|...............|......|..####.....#####
#####.........|...............|......|...........#####
#####.........|...............|......|...........#####
#########.....|...............|......|........########
#########.....|...............|......|........########
#########.....|...............|......|........########
#########.....|...............|......|........########
#########.....|...............|......|........########
#####=........|...............|......|..........=#####
#######.......|...............|......|........########
#######.......|...............|......|........########
#####/........|...............|......|........../#####
#######/......|...............|......|.........#######
########..../#H#............##H#.....|......##########
##########.###=#/......../####=###..#H#./#############
###################...################################
######################################################
(5,13),(5,17)|(5,21),(5,26)|(5,27),(7,27)|(7,29),(8,32)|(9,21),(9,26)|(10,32),(10,33)|(11,13),(11,17)|(11,32),(11,33)|(14,31),(14,33)|(15,31),(15,33)|(16,31),(19,33)|(19,34),(22,33)|(22,34),(28,31)|(28,32),(30,31)|(30,33),(31,31)|(31,33),(32,31)|(32,32),(34,32)|(34,33),(36,32)|(36,33),(37,32)|(37,33),(38,32)|(38,33),(39,32)|(39,33),(40,14)|(40,19),(44,18)|(44,19),(44,31)|(44,32),(46,21)|(46,26),(46,27)|(46,29),(47,30)|(47,31),(49,14)|(49,18),(49,21)|(49,26),(49,27)|
(5,13),(11,13)|(40,14),(49,14)|(5,17),(11,17)|(44,18),(49,18)|(40,19),(44,19)|(5,21),(9,21)|(46,21),(49,21)|(5,26),(9,26)|(46,26),(49,26)|(5,27),(7,27)|(46,27),(49,27)|(7,29),(46,29)|(47,30),(14,31)|(15,31),(16,31)|(28,31),(30,31)|(31,31),(32,31)|(44,31),(47,31)|(8,32),(10,32)|(11,32),(28,32)|(32,32),(34,32)|(36,32),(37,32)|(38,32),(39,32)|(44,32),(10,33)|(11,33),(14,33)|(15,33),(19,33)|(22,33),(30,33)|(31,33),(34,33)|(36,33),(37,33)|(38,33),(39,33)|(19,34),(22,34)|
(7,30),(8,31)|(16,32),(17,33)|(42,3),(49,10)|
(5,10),(12,3)|(12,32),(13,31)|(25,33),(26,32)|(40,33),(41,32)|
(14.5,16),(14.5,31)|(30.5,10),(30.5,31)|(37.5,13),(37.5,32)|

