Pièce : GW_A04
taille : 51x35
###################################################
###################################################
###################################################
###################################################
###################################################
###################################################
###################################################
##############....#################################
#########..............................############
#######.....................................#######
#####.......................................#######
####........############....#.................=####
####......####################...............######
###......##########################.........#######
####.....#######################=####.....#########
#####...###########################################
#####...##############################=#=##########
#####...###########################################
#####...###########################################
####....###########################################
###.....###########################################
###....############################################
###....############################################
####....###########################################
#####...###########################################
#####....###############......#####################
######.....###########...........##################
#######.......######...............################
########...........................################
#########.......................###################
###########...................###=#################
##############...##........########################
#####################...###########################
###############=###################################
###################################################
18,7|9,8|14,8|18,8|39,8|7,9|9,9|39,9|44,9|5,10|7,10|4,11|5,11|44,11|12,11|24,11|29,11|28,11|3,13|4,13|10,12|12,12|24,12|29,12|28,12|30,12|45,12|9,13|10,13|30,13|35,13|44,13|45,13|3,14|4,14|35,14|37,14|42,14|44,14|4,15|5,15|8,15|9,15|37,15|42,15|4,19|5,19|3,20|4,20|7,21|8,21|7,23|8,23|3,23|4,23|4,24|5,24|8,25|9,25|24,25|30,25|9,26|11,26|22,26|24,26|30,26|33,26|5,26|6,26|11,27|14,27|20,27|22,27|33,27|35,27|6,27|7,27|14,28|20,28|7,28|8,28|8,29|9,29|32,29|35,29|9,30|11,30|30,30|32,30|11,31|14,31|17,31|19,31|27,31|30,31|14,32|17,32|19,32|21,32|24,32|27,32|21,33|24,33|