Pièce : GW_A13
taille : 48x35
################################################
################################################
################################################
################################################
################################################
################################################
################################################
################################################
################################################
################################################
######################=#########################
######################|#########################
#####################.|.########################
#####################...########################
#####################...########################
##############..####.....#######################
############.................###################
###########..........###.........###############
#########=........########........##############
###########....#############......##############
############.###=#############...###############
##############################...###############
##############################...###############
###############################..###############
###############################..###############
###############################.......##########
#############.....#########............#########
###########..........####...####........########
############..............##########....########
##############......#############=####.#########
######################################=#########
################################################
################################################
################################################
################################################
24,12|14,15|16,15|20,15|21,15|24,15|25,15|12,16|14,16|16,16|20,16|25,16|29,16|11,17|12,17|29,17|33,17|11,18|21,17|24,17|33,18|34,18|18,18|21,18|24,18|26,18|11,19|15,19|18,19|26,19|28,19|11,20|12,20|13,20|15,20|28,20|30,20|33,20|34,20|12,21|13,21|30,23|31,23|33,25|38,25|13,26|18,26|27,26|31,26|38,26|39,26|11,27|13,27|18,27|21,27|25,27|27,27|39,27|40,27|21,28|25,28|28,27|32,27|11,28|12,28|26,28|28,28|32,28|36,28|12,29|14,29|20,29|26,29|36,29|38,29|39,29|40,29|14,30|20,30|