Pièce : GW_A05
taille : 54x35
######################################################
######################################################
######################################################
######################################################
######################################################
######################################################
######################################################
##########=###########################################
##########|###########################################
########..|.##########################################
#######...|..#########################################
#######...|...########################################
######....|...########################################
######....|....#######################################
#######...|.....######################################
############......####################################
############........##################################
#############.........################################
#################.........############################
####################............######################
#######################.............##################
############################...........###############
##############################.............###########
###############################..............#########
#################################.............########
###################################............#######
####################################............=#####
#####################################..........#######
#####################################.........########
######################################.......#########
#######################################.....##########
######################################################
######################################################
######################################################
######################################################
(6,12),(6,14)|(7,10),(7,12)|(7,14),(7,15)|(8,9),(8,10)|(10,7),(10,9)|(11,7),(11,9)|(12,9),(12,10)|(12,15),(12,17)|(13,10),(13,11)|(13,17),(13,18)|(14,11),(14,13)|(15,13),(15,14)|(16,14),(16,15)|(17,18),(17,19)|(18,15),(18,16)|(20,16),(20,17)|(20,19),(20,20)|(22,17),(22,18)|(23,20),(23,21)|(26,18),(26,19)|(28,21),(28,22)|(30,22),(30,23)|(31,23),(31,24)|(32,19),(32,20)|(33,24),(33,25)|(35,25),(35,26)|(36,20),(36,21)|(36,26),(36,27)|(37,27),(37,29)|(38,29),(38,30)|(39,21),(39,22)|(39,30),(39,31)|(43,22),(43,23)|(44,30),(44,31)|(45,23),(45,24)|(45,29),(45,30)|(46,24),(46,25)|(46,28),(46,29)|(47,25),(47,26)|(47,27),(47,28)|(49,26),(49,27)|
(10,10),(11,7)|(8,8),(10,9)|(11,11),(12,9)|(7,7),(8,10)|(12,12),(13,10)|(13,13),(14,11)|(6,6),(7,12)|(14,14),(15,13)|(6,6),(7,14)|(15,15),(16,14)|(7,7),(12,15)|(16,16),(18,15)|(18,18),(20,16)|(12,12),(13,17)|(20,20),(22,17)|(13,13),(17,18)|(22,22),(26,18)|(17,17),(20,19)|(26,26),(32,19)|(20,20),(23,20)|(32,32),(36,20)|(23,23),(28,21)|(36,36),(39,21)|(28,28),(30,22)|(39,39),(43,22)|(30,30),(31,23)|(43,43),(45,23)|(31,31),(33,24)|(45,45),(46,24)|(33,33),(35,25)|(46,46),(47,25)|(35,35),(36,26)|(47,47),(49,26)|(36,36),(37,27)|(47,47),(49,27)|(46,46),(47,28)|(37,37),(38,29)|(45,45),(46,29)|(38,38),(39,30)|(44,44),(45,30)|(39,39),(44,31)|


(10.5,8),(10.5,15)|

end file : GW_A05