Pièce : GW_A24
taille : 54x35
#####............................................#####
#####............................................#####
###=.......................................|......=###
#####........|.............................|.....#####
###=.........|.............................|......=###
#####........|.............................|.....#####
#############H#####....................###############
############.|.##........................#############
#####...|....|.............................|.....#####
#####...|....|.............................|.....#####
#####...|....|.............................|.....#####
#####...|....|.............................|.....#####
###=....|....|....................|........|......=###
#####...|....|....................|........|.....#####
###=....|....|..........|.........|........|......=###
#####...|....|..........|.........|........|.....#####
#######HHH#######------###........+------#HHH#########
#######.|.#######.......#.........|......#.|.#########
#####...|...............#.........|........|.....#####
#####...|...............|.........|........|.....#####
#####...|...............|.........|........|.....#####
#####...|...............|.........|........|.....#####
#####---+----...........|.........|........|.....#####
#####...|...............|........-+--------+-----#####
#####...|...............|.........|........|.....#####
#####...|...............|.........|........|.....#####
#####...|...............|.........|........|....######
######..|...............|........##........|...#######
######..|.#####.........|.......#####......|..########
#################.#######################..|##########
######################################################
######################################################
######################################################
######################################################
######################################################
(3,2),(3,3)|(3,4),(3,5)|(3,12),(3,13)|(3,14),(3,15)|(5,0),(5,2)|(5,3),(5,4)|(5,5),(5,6)|(5,8),(5,12)|(5,13),(5,14)|(5,15),(5,16)|(5,18),(5,27)|(6,27),(6,29)|(7,16),(7,18)|(10,16),(10,18)|(10,28),(10,29)|(12,7),(12,8)|(13,6),(13,7)|(14,6),(14,7)|(15,7),(15,8)|(15,28),(15,29)|(17,7),(17,8)|(17,16),(17,18)|(17,29),(17,30)|(18,29),(18,30)|(19,6),(19,7)|(23,16),(23,17)|(24,17),(24,19)|(25,17),(25,19)|(26,16),(26,17)|(32,28),(32,29)|(33,27),(33,28)|(35,27),(35,28)|(37,28),(37,29)|(39,6),(39,7)|(41,7),(41,8)|(41,16),(41,18)|(41,29),(41,30)|(42,16),(42,18)|(44,29),(44,30)|(45,16),(45,18)|(46,28),(46,29)|(47,27),(47,28)|(48,26),(48,27)|(49,0),(49,2)|(49,3),(49,4)|(49,5),(49,6)|(49,8),(49,12)|(49,13),(49,14)|(49,15),(49,16)|(49,18),(49,26)|(51,2),(51,3)|(51,4),(51,5)|(51,12),(51,13)|(51,14),(51,15)|
(5,5),(49,0)|(3,3),(5,2)|(49,49),(51,2)|(3,3),(5,3)|(49,49),(51,3)|(3,3),(5,4)|(49,49),(51,4)|(3,3),(5,5)|(49,49),(51,5)|(5,5),(13,6)|(14,14),(19,6)|(39,39),(49,6)|(12,12),(13,7)|(14,14),(15,7)|(17,17),(19,7)|(39,39),(41,7)|(5,5),(12,8)|(15,15),(17,8)|(41,41),(49,8)|(3,3),(5,12)|(49,49),(51,12)|(3,3),(5,13)|(49,49),(51,13)|(3,3),(5,14)|(49,49),(51,14)|(3,3),(5,15)|(49,49),(51,15)|(5,5),(7,16)|(10,10),(17,16)|(23,23),(26,16)|(41,41),(42,16)|(45,45),(49,16)|(23,23),(24,17)|(25,25),(26,17)|(5,5),(7,18)|(10,10),(17,18)|(41,41),(42,18)|(45,45),(49,18)|(24,24),(25,19)|(48,48),(49,26)|(5,5),(6,27)|(33,33),(35,27)|(47,47),(48,27)|(10,10),(15,28)|(32,32),(33,28)|(35,35),(37,28)|(46,46),(47,28)|(6,6),(10,29)|(15,15),(17,29)|(18,18),(32,29)|(37,37),(41,29)|(44,44),(46,29)|(17,17),(18,30)|(41,41),(44,30)|


(8.5,8),(8.5,16)|(8.5,17),(8.5,29)|(13.5,3),(13.5,6)|(13.5,7),(13.5,16)|(24.5,14),(24.5,16)|(24.5,19),(24.5,29)|(34.5,12),(34.5,27)|(43.5,2),(43.5,6)|(43.5,8),(43.5,16)|(43.5,17),(43.5,30)|
(5,22.5),(13,22.5)|(17,16.5),(23,16.5)|(33,23.5),(41,16.5)|
end file : GW_A24