Pièce : GW_A01
taille : 54x35
######################################################
######################################################
######################################################
######################################################
######################################################
######################################################
######################################################
######################################################
######################################################
##############################################.#######
#####################.......##############..#...######
##################..............######...........=####
###############.................................######
############..................................########
########.............####...................##########
######=............####=##......######....############
########.........##########...########################
#########......#########################=#############
############################=#########################
######################################################
######################################################
######################################################
#################################...##################
###############################=......################
#################################........#############
##################################...........#########
####################################..........=#######
#######################################......#########
#########################################...##########
######################################################
##########################################=###########
######################################################
######################################################
######################################################
######################################################
(6,15),(6,16)|(8,14),(8,15)|(8,16),(8,17)|(9,17),(9,18)|(12,13),(12,14)|(15,12),(15,13)|(15,17),(15,18)|(17,16),(17,17)|(18,11),(18,12)|(19,15),(19,16)|(21,10),(21,11)|(21,14),(21,15)|(23,15),(23,16)|(24,15),(24,16)|(25,14),(25,15)|(26,15),(26,16)|(27,16),(27,17)|(28,10),(28,11)|(28,18),(28,19)|(29,18),(29,19)|(30,16),(30,17)|(31,23),(31,24)|(32,11),(32,12)|(32,15),(32,16)|(33,22),(33,23)|(33,24),(33,25)|(34,25),(34,26)|(36,22),(36,23)|(36,26),(36,27)|(38,11),(38,12)|(38,15),(38,16)|(38,23),(38,24)|(39,27),(39,28)|(40,17),(40,18)|(41,17),(41,18)|(41,24),(41,25)|(41,28),(41,29)|(42,10),(42,11)|(42,15),(42,16)|(42,30),(42,31)|(43,30),(43,31)|(44,10),(44,11)|(44,14),(44,15)|(44,28),(44,29)|(45,10),(45,11)|(45,25),(45,26)|(45,27),(45,28)|(46,9),(46,10)|(46,13),(46,14)|(47,9),(47,10)|(47,26),(47,27)|(48,10),(48,11)|(48,12),(48,13)|(50,11),(50,12)|
(46,46),(47,9)|(21,21),(28,10)|(42,42),(44,10)|(45,45),(46,10)|(47,47),(48,10)|(18,18),(21,11)|(28,28),(32,11)|(38,38),(42,11)|(44,44),(45,11)|(48,48),(50,11)|(15,15),(18,12)|(32,32),(38,12)|(48,48),(50,12)|(12,12),(15,13)|(46,46),(48,13)|(8,8),(12,14)|(21,21),(25,14)|(44,44),(46,14)|(6,6),(8,15)|(19,19),(21,15)|(23,23),(24,15)|(25,25),(26,15)|(32,32),(38,15)|(42,42),(44,15)|(6,6),(8,16)|(17,17),(19,16)|(23,23),(24,16)|(26,26),(27,16)|(30,30),(32,16)|(38,38),(42,16)|(8,8),(9,17)|(15,15),(17,17)|(27,27),(30,17)|(40,40),(41,17)|(9,9),(15,18)|(28,28),(29,18)|(40,40),(41,18)|(28,28),(29,19)|(33,33),(36,22)|(31,31),(33,23)|(36,36),(38,23)|(31,31),(33,24)|(38,38),(41,24)|(33,33),(34,25)|(41,41),(45,25)|(34,34),(36,26)|(45,45),(47,26)|(36,36),(39,27)|(45,45),(47,27)|(39,39),(41,28)|(44,44),(45,28)|(41,41),(44,29)|(42,42),(43,30)|(42,42),(43,31)|




end file : GW_A01