Pièce : GW_A06
taille : 54x35
######################################################
######################################################
#####################################....#############
####################################........##########
###################################..........#########
################################=.............=#######
##################################......##...#########
##################################.....###############
###################################....####=##########
###################################.....##############
###################################......#############
####################################......############
##################....###############......###########
###############..........#############.....###########
#############..............#############.....#########
#############................###########......########
############..................###########......#######
###########....................##########......#######
###########.....................########.......#######
##########..........######.......######.......########
##########........###=######.................#########
#########.........##########...............###########
########.........############..............###########
#######.........##############...........#############
#####=........##################.......###############
#######......#########################################
########....##########################################
######################################################
######################################################
######################################################
######################################################
######################################################
######################################################
######################################################
######################################################
(5,24),(5,25)|(7,23),(7,24)|(7,25),(7,26)|(8,22),(8,23)|(8,26),(8,27)|(9,21),(9,22)|(10,19),(10,21)|(11,17),(11,19)|(12,16),(12,17)|(12,26),(12,27)|(13,14),(13,16)|(13,25),(13,26)|(14,24),(14,25)|(15,13),(15,14)|(16,23),(16,24)|(17,22),(17,23)|(18,12),(18,13)|(18,20),(18,22)|(20,19),(20,20)|(21,20),(21,21)|(22,12),(22,13)|(22,20),(22,21)|(25,13),(25,14)|(26,19),(26,20)|(27,14),(27,15)|(28,20),(28,22)|(29,15),(29,16)|(29,22),(29,23)|(30,16),(30,17)|(30,23),(30,24)|(31,17),(31,18)|(32,5),(32,6)|(32,18),(32,19)|(32,24),(32,25)|(33,19),(33,20)|(34,6),(34,8)|(35,4),(35,5)|(35,8),(35,11)|(36,3),(36,4)|(36,11),(36,12)|(37,2),(37,3)|(37,12),(37,13)|(38,13),(38,14)|(39,7),(39,9)|(39,19),(39,20)|(39,24),(39,25)|(40,6),(40,7)|(40,9),(40,10)|(40,14),(40,16)|(40,18),(40,19)|(41,2),(41,3)|(41,10),(41,11)|(41,16),(41,18)|(41,23),(41,24)|(42,6),(42,7)|(42,11),(42,12)|(43,8),(43,9)|(43,12),(43,14)|(43,21),(43,23)|(44,3),(44,4)|(44,8),(44,9)|(45,4),(45,5)|(45,6),(45,7)|(45,14),(45,15)|(45,20),(45,21)|(46,15),(46,16)|(46,19),(46,20)|(47,5),(47,6)|(47,16),(47,19)|
(37,2),(41,2)|(36,3),(37,3)|(41,3),(44,3)|(35,4),(36,4)|(44,4),(45,4)|(32,5),(35,5)|(45,5),(47,5)|(32,6),(34,6)|(40,6),(42,6)|(45,6),(47,6)|(39,7),(40,7)|(42,7),(45,7)|(34,8),(35,8)|(43,8),(44,8)|(39,9),(40,9)|(43,9),(44,9)|(40,10),(41,10)|(35,11),(36,11)|(41,11),(42,11)|(18,12),(22,12)|(36,12),(37,12)|(42,12),(43,12)|(15,13),(18,13)|(22,13),(25,13)|(37,13),(38,13)|(13,14),(15,14)|(25,14),(27,14)|(38,14),(40,14)|(43,14),(45,14)|(27,15),(29,15)|(45,15),(46,15)|(12,16),(13,16)|(29,16),(30,16)|(40,16),(41,16)|(46,16),(47,16)|(11,17),(12,17)|(30,17),(31,17)|(31,18),(32,18)|(40,18),(41,18)|(10,19),(11,19)|(20,19),(26,19)|(32,19),(33,19)|(39,19),(40,19)|(46,19),(47,19)|(18,20),(20,20)|(21,20),(22,20)|(26,20),(28,20)|(33,20),(39,20)|(45,20),(46,20)|(9,21),(10,21)|(21,21),(22,21)|(43,21),(45,21)|(8,22),(9,22)|(17,22),(18,22)|(28,22),(29,22)|(7,23),(8,23)|(16,23),(17,23)|(29,23),(30,23)|(41,23),(43,23)|(5,24),(7,24)|(14,24),(16,24)|(30,24),(32,24)|(39,24),(41,24)|(5,25),(7,25)|(13,25),(14,25)|(32,25),(39,25)|(7,26),(8,26)|(12,26),(13,26)|(8,27),(12,27)|