Pièce : GW_A08
taille : 54x35
######################################################
######################################################
######################################################
######################################################
######################################################
######################################################
######################################################
######################################################
######################################################
######################################################
######################################################
########################.........#####################
#######################...#...#...####################
#####################...............##################
###################..................#################
##################....................################
#################...........|..........###############
################............|...........##############
#############.#.............#........|...#############
#############......|........#........|.....###########
###########........#.......###.......|......##########
#########.........##........##......##.........#######
#######...........##........#........##.........######
#####=.............#........|........|..........######
#######............|........|........|...........=####
#########..........|........|........|..........######
##########.........|........|........|.........#######
############.......|........|........|.........#######
##############.....|........|........|......##########
################...|........|........|...#############
##################.|........|........|################
####################........|.......##################
########################....|....#####################
#####################=############=###################
######################################################
33,11|23,12|24,12|33,12|34,12|21,13|23,13|27,13|27,12|26,13|26,12|31,13|31,12|30,13|30,12|34,13|36,13|19,14|21,14|36,14|37,14|18,15|19,15|37,15|38,15|17,16|18,16|38,16|39,16|16,17|17,17|39,17|40,17|13,18|15,18|14,18|16,18|40,18|41,18|15,19|14,19|41,19|43,19|11,20|13,20|43,20|44,20|9,21|11,21|27,21|27,20|29,20|28,21|28,20|30,20|44,21|47,21|7,22|9,22|18,21|19,21|29,22|30,22|36,22|36,21|37,22|47,22|48,22|7,23|18,23|19,23|38,22|39,23|39,22|48,24|7,24|7,25|9,25|48,25|9,26|10,26|47,26|48,26|10,27|12,27|12,28|14,28|44,28|47,28|14,29|16,29|41,29|44,29|16,30|18,30|41,30|18,31|36,31|20,32|24,32|33,32|36,32|24,33|33,33|