Pièce : GW_A22
taille : 54x35
######################################################
######################################################
######################################################
######################################################
##############...........#############################
##########...................|########################
######.......................|.#######################
####.........................|..######################
####.........................|...#.|.#################
######.......................|.....|..################
###############..............|.....|.......###########
#######=###################--+-----+-------+-#########
###################=#######........|.......|...#######
###########################........|.......|....######
###########################--------+-..##..|.....=####
#######################............|...###.|....######
#########..........................|...####H##########
#######............................|...####=##########
#######............................|.#################
#######............................|.#################
#######............................|.#################
######.............................|.#################
######.............................|.#################
######.............................|.#################
#####..............................|.#################
#####..............................|.#################
######.............................|.#################
######...###.......................|.#################
#######..###.......................|.#################
#############......................###################
###############................#######################
######################################################
######################################################
######################################################
######################################################
(4,7),(4,9)|(5,24),(5,26)|(6,6),(6,7)|(6,9),(6,10)|(6,21),(6,24)|(6,26),(6,28)|(7,11),(7,12)|(7,17),(7,21)|(7,28),(7,29)|(8,11),(8,12)|(9,16),(9,17)|(9,27),(9,29)|(10,5),(10,6)|(12,27),(12,29)|(13,29),(13,30)|(14,4),(14,5)|(15,10),(15,11)|(15,30),(15,31)|(19,12),(19,13)|(20,12),(20,13)|(23,15),(23,16)|(25,4),(25,5)|(27,11),(27,15)|(30,5),(30,6)|(31,6),(31,7)|(31,30),(31,31)|(32,7),(32,8)|(33,8),(33,9)|(34,8),(34,9)|(35,29),(35,30)|(37,8),(37,9)|(37,18),(37,29)|(38,9),(38,10)|(39,14),(39,18)|(41,14),(41,15)|(42,15),(42,16)|(43,10),(43,11)|(43,16),(43,18)|(44,16),(44,18)|(45,11),(45,12)|(47,12),(47,13)|(48,13),(48,14)|(48,15),(48,16)|(50,14),(50,15)|
(14,14),(25,4)|(10,10),(14,5)|(25,25),(30,5)|(6,6),(10,6)|(30,30),(31,6)|(4,4),(6,7)|(31,31),(32,7)|(32,32),(33,8)|(34,34),(37,8)|(4,4),(6,9)|(33,33),(34,9)|(37,37),(38,9)|(6,6),(15,10)|(38,38),(43,10)|(7,7),(8,11)|(15,15),(27,11)|(43,43),(45,11)|(7,7),(8,12)|(19,19),(20,12)|(45,45),(47,12)|(19,19),(20,13)|(47,47),(48,13)|(39,39),(41,14)|(48,48),(50,14)|(23,23),(27,15)|(41,41),(42,15)|(48,48),(50,15)|(9,9),(23,16)|(42,42),(43,16)|(44,44),(48,16)|(7,7),(9,17)|(37,37),(39,18)|(43,43),(44,18)|(6,6),(7,21)|(5,5),(6,24)|(5,5),(6,26)|(9,9),(12,27)|(6,6),(7,28)|(7,7),(9,29)|(12,12),(13,29)|(35,35),(37,29)|(13,13),(15,30)|(31,31),(35,30)|(15,15),(31,31)|


(29.5,5),(35.5,8)|(35.5,29),(43.5,16)|
(27,11.5),(27,14.5)|(37,14.5),(45,11.5)|
end file : GW_A22