Pièce : GW_A23
taille : 54x35
######################################################
######################################################
######################################################
#####################....#############################
##################............########################
##################............########################
################..............########################
###############................#######################
##############..................######################
#############....................#####################
############.........####..........###################
###########..........######........|##################
########............########.......|.#######|..#######
######............##########.......|.######.|....#####
####=............############......|.######.|.....=###
######.......#####################.|.#####..|....#####
#######....#######################.|..###...|.########
############################.......|...##...|.########
############################.......|........|.########
#############################......|........|.########
#############################......|........|.########
##############################.....|........|#########
###############################....|........|#########
################################...|........##########
##################################.|.......###########
######################################################
######################################################
######################################################
######################################################
######################################################
######################################################
######################################################
######################################################
######################################################
######################################################
25,3|18,4|21,4|25,4|30,4|16,6|18,6|15,7|16,7|30,7|31,7|14,8|15,8|31,8|32,8|13,9|14,9|32,9|33,9|12,10|13,10|33,10|35,10|11,11|12,11|21,10|25,10|8,12|11,12|25,11|27,11|37,12|47,12|6,13|8,13|20,12|21,12|27,12|28,12|43,13|47,13|49,13|6,14|18,13|20,13|49,14|17,14|18,14|28,14|29,14|42,15|43,15|6,15|13,15|17,15|29,15|34,15|37,16|38,16|41,16|42,16|49,15|6,16|7,16|11,16|13,16|28,17|34,17|38,17|39,17|46,16|49,16|7,17|11,17|39,18|41,18|28,19|29,19|29,21|30,21|46,21|30,22|31,22|31,23|32,23|32,24|34,24|43,24|44,24|34,25|43,25|