Pièce : GW_A19
taille : 48x35
################################################
################################################
#######=########################################
#######.########################################
#######.########################################
#######.########################################
#######...................######################
##########................######################
########################..######################
########################..######################
########..................######################
#######..................#######################
#######....#####################################
#######....#############=#######################
########....####################################
########......##################################
#########.......################################
##########......################################
###########......###############################
###########.........############################
############............................########
##############..............................####
################.............................=##
######################.....................#####
###############################......###########
################################################
################################=###############
################################################
################################################
################################################
################################################
################################################
################################################
################################################
################################################
26,6|7,7|10,7|10,8|24,8|8,10|24,10|7,11|8,11|25,11|26,11|11,12|25,12|11,14|12,14|7,14|8,14|12,15|14,15|14,16|16,16|8,16|9,16|9,17|10,17|16,18|17,18|10,18|11,18|17,19|20,19|20,20|40,20|11,20|12,20|40,21|44,21|12,21|14,21|44,22|14,22|16,22|16,23|22,23|43,23|22,24|31,24|37,24|43,24|31,25|37,25|