Pièce : GW_B08
taille : 110x35
##############################################################################################################
#################################=#=#=########################################################################
#################################.#.#.########################################################################
######...######.##......#######........##########........##..##...#########........##..########....|..|.######
######.......#####......#######..........................##..##....................##..########....|..|.######
######.......#####.......................................##..##....................##..##..........|..|..=####
####=...................................##..........##...##..##.........#######....##..##.........##HH########
########HH#........##############......####......#####...##..##.........##=#=##....######.........##..########
########..#........##=#......####......####......#=###...##..##.........#######....######..........|..|.######
######.|..|........####..........................#####...######.........#######....................+--+..=####
######.+--+..............................................######........./#####/....................|..|.######
######.|..|........................................................................................|..|..=####
######.|..|........................................................................................+--+.######
######.+--+........................................................................................|..|..=####
######.|..|........................................................................................|..|.######
######.|..|........................................................................................+--+.######
######.+--+........................................................................................|..|#######
######.|..|........................................................................................|..########
###########....................|.......####.......................................................##HH########
########..#....................|.......##=#.......................................................##..########
######.+--+....................|.......####........................................................|..|.######
######.|..|....................|...................................................................+--+.######
######.|..|....................|...................................................................|..|.######
######.+--+....................|...............................|...................................|..|..=####
######.|..|....................|...............................|...................................+--+.######
######.|..#....................|.........#.....................|...........|.......................#..|..=####
####=..|.###...................|........##.....................|...........|.......................##.|.######
#############......####......####......####......#####.........|...........|............|.........############
#############......####......####......####......##=##.........|...........|............|.........############
#############......####......####......####......#####.........|...........|............|.........############
###########=.......####.......=##.......=##......#####.........|...........|............|.........############
#############......####......####......####......#####.........|...........|............|.........############
#############/..../####/..../####/..../####/..../#####/....../#H#/......./#H#/......../#H#/....../############
###########################################################################=##################################
##############################################################################################################
9,3|15,3|16,3|18,3|24,3|31,3|33,3|35,3|34,3|37,3|36,3|38,3|39,3|49,3|57,3|59,3|61,3|63,3|66,3|75,3|83,3|85,3|87,3|95,3|104,3|9,4|13,4|39,4|49,4|66,4|75,4|15,4|16,4|24,5|31,5|89,5|95,5|104,5|6,6|13,6|18,6|40,6|42,6|52,6|54,6|72,6|79,6|98,6|11,7|19,7|23,8|29,8|33,7|39,7|40,7|42,7|43,7|49,7|52,7|85,7|87,7|98,8|104,8|6,9|29,9|33,9|39,9|43,9|83,9|89,9|104,9|19,10|23,10|49,10|54,10|59,9|61,9|57,11|63,11|73,11|72,10|79,10|78,11|104,11|104,10|104,13|104,12|104,14|104,16|6,18|8,19|10,19|39,18|43,18|98,18|6,20|98,20|104,20|39,21|43,21|104,23|104,25|104,24|6,26|42,25|41,25|9,26|11,26|10,26|12,26|40,26|41,26|100,26|101,26|104,26|9,27|12,27|13,27|19,27|23,27|29,27|33,27|39,27|40,27|42,27|43,27|49,27|54,27|98,27|99,27|101,27|104,27|13,30|29,30|39,30|13,31|29,31|39,31|14,33|13,32|19,32|18,33|24,33|23,32|29,32|28,33|34,33|33,32|39,32|38,33|44,33|43,32|49,32|48,33|55,33|54,32|62,32|61,33|66,33|65,32|74,32|73,33|78,33|77,32|87,32|86,33|91,33|90,32|98,32|97,33|