Pièce : GW_B07
taille : 48x78
################################################
################################################
################################################
################################################
################################################
################################################
###################.....########################
###############............#####################
#############................###################
############...................#################
############....................################
###########......................###############
###########.......................##############
##########.........................#############
##########.........................#############
##########..........................############
#########...........................############
#########............................###########
########.............##...............##########
########..........######..............##########
#######.........##########.............#########
######........##############............########
######.......#################..........########
#####......#####################........########
####......######################.........#######
###......########################........#######
##......##########################.......#######
##.....###########################.......#######
###...############################......########
###################################.....########
####=##############################.....########
###################################.....########
###################################.....########
###################################.....########
##################################......########
##################################......########
#################################.......########
#################################......#########
#################################......#########
################################.......#########
################################.......#########
################################.......#########
################################......##########
################################......##########
###############################.......##########
###############################......###########
###############################......###########
###############################......###########
###############################.....############
###############################.....############
###############################......###########
###############################.....############
##############################......############
##############################......############
##############################......############
#############################.......############
############################.......#############
############################......##############
###########################.......##############
##########################.......###############
#########################........###############
#########################........###############
########################........################
########################........################
########################........################
#######################.........################
#####################=...........###############
#######################...........##############
########################...........#############
########################..........##############
#########################........###############
##########################......################
################################################
################################################
################################################
################################################
################################################
################################################
24,6|15,7|19,7|24,7|27,7|13,8|15,8|27,8|29,8|12,9|13,9|29,9|31,9|31,10|32,10|11,11|12,11|32,11|33,11|33,12|34,12|10,13|11,13|34,13|35,13|35,15|36,15|9,16|10,16|36,17|37,17|8,18|9,18|37,18|38,18|21,18|23,18|7,20|8,20|18,19|21,19|23,19|24,19|38,20|39,20|6,21|7,21|16,20|18,20|24,20|26,20|39,21|40,21|14,21|16,21|26,21|28,21|5,23|6,23|13,22|14,22|28,22|30,22|4,24|5,24|11,23|13,23|30,23|32,23|40,24|41,24|3,25|4,25|10,24|11,24|2,26|3,26|9,25|10,25|32,25|33,25|8,26|9,26|33,26|34,26|7,27|8,27|2,28|3,28|6,28|7,28|40,28|41,28|3,29|6,29|34,29|35,29|34,34|35,34|33,36|34,36|39,37|40,37|32,39|33,39|38,42|39,42|31,44|32,44|37,45|38,45|36,48|37,48|36,50|37,50|30,52|31,52|36,51|37,51|29,55|30,55|28,56|29,56|35,56|36,56|27,58|28,58|34,57|35,57|26,59|27,59|25,60|26,60|33,59|34,59|24,62|25,62|32,62|33,62|23,65|24,65|23,66|32,66|33,66|33,67|34,67|23,67|34,68|35,68|23,68|24,68|34,69|35,69|24,70|25,70|33,70|34,70|25,71|26,71|32,71|33,71|26,72|32,72|