Pièce : GW_B06
taille : 51x78
###################################################
###################################################
###################################################
###################################################
###################################################
###################################################
###################################################
###################################################
###################################################
######..###########################################
#####.....#########################################
###=........#######################################
######.......######################################
######........#####################################
########........|#########################...######
##########......|.....#################.......=####
############....|.........###########........######
#############..-+--------------+-##.........#######
###############.|..............|............#######
################H#.............|..........#########
################=##............|.........##########
####################...........|......#############
####################...........|.##################
####################..........######=##############
#####################.......#######################
#####################......########################
#####################.....#########################
#####################.....#########################
####################....###########################
####################....###########################
###################.....###########################
###################....############################
##################.....############################
##################....#############################
##################....#############################
##################....#############################
##################.....############################
###################.....###########################
###################.......#########################
####################.......########################
#####################.......#######################
######################.......######################
######################........#####################
#######################.......|####################
########################......|####################
##########################....|.###################
##########################....|..##################
###########################...|..##################
###########################---+--##################
###########################...|..##################
##########################....|..##################
##########################....|.###################
#########################.....|####################
########################......#####################
########################.....######################
#######################......######################
######################.......######################
######################.......######################
######################......#######################
#####################......########################
###################.......#########################
#################.........#########################
################.........##########################
##############...........##########################
#############...........###########################
############...........############################
########..............#############################
#######..........##################################
#####=..........###################################
#######...#########################################
###################################################
###################################################
###################################################
###################################################
###################################################
###################################################
###################################################
###################################################
8,9|5,10|6,10|8,10|10,10|5,11|10,11|12,11|12,12|13,12|6,12|13,13|14,13|14,14|42,14|45,14|6,14|8,14|22,15|39,15|42,15|45,15|8,15|10,15|22,16|26,16|37,16|39,16|10,16|12,16|35,17|37,17|45,16|12,17|13,17|35,18|44,17|45,17|13,18|15,19|18,19|42,19|44,19|18,20|19,20|41,20|42,20|19,21|20,21|38,21|41,21|33,22|38,22|30,23|33,23|20,24|21,24|28,24|30,24|27,25|28,25|26,26|27,26|20,28|21,28|24,28|26,28|19,30|20,30|18,32|19,32|23,31|24,31|22,33|23,33|22,36|23,36|23,37|24,37|18,37|19,37|24,38|26,38|26,39|27,39|19,39|20,39|27,40|28,40|20,40|21,40|28,41|29,41|21,41|22,41|29,42|30,42|22,43|23,43|23,44|24,44|32,45|24,45|26,45|32,46|33,46|26,47|27,47|26,50|27,50|25,52|26,52|32,51|33,51|24,53|25,53|32,52|23,55|24,55|29,54|30,54|22,56|23,56|21,59|22,59|28,58|29,58|19,60|21,60|27,59|28,59|17,61|19,61|26,60|27,60|16,62|17,62|14,63|16,63|25,62|26,62|13,64|14,64|12,65|13,65|24,64|25,64|8,66|12,66|23,65|24,65|7,67|8,67|22,66|23,66|7,68|17,67|22,67|16,68|17,68|7,69|10,69|16,69|7,70|10,70|