Pièce : GW_B05
taille : 48x78
################################################
################################################
################################################
################################################
################################################
################################################
################################################
################################################
################################################
################################################
################################################
################################################
#############..###########################..####
############......######################.....=##
##########=.........####################....####
############.........#################......####
###############........#############.......#####
#############=#.........#########..........#####
################.........#................######
#################.......................########
##################.....................#########
################=......................#########
##################.............#####....########
####################.........########....#######
######################.......#########...#######
#######################......##########...######
###########=#############......#########..######
###########.##############......########..######
##########...##############.......######.#######
#########.....#############........#####..######
#########......#############.......######.######
########.........############.......#####.######
######.............##########.......####..######
####=...............=########.......####..######
#######............##########.......####.#######
########........###########=.........###.#######
#############################........###.#######
#############################.......####.#######
#############################.......####.#######
############################........####.#######
###########################........#####.#######
###########################.......######.#######
########################=........######..#######
##########################......#####.../#######
#########################.......##.....#########
########################......####....##########
#######################......######..###########
#####################......########....#########
##################.........##########....#######
################............##########....######
##############=.............###########...######
################.............###########..######
###################.....##.....##########.######
##################.....#####....#########.######
#################.....######.....########.######
################......########......####..######
###############......##########......#...#######
##############.......############......#########
#############.......############################
############.......#############################
###########........#############################
##########........##############################
##########......################################
########=.....##################################
##########...###################################
################################################
###########=####################################
################################################
################################################
################################################
################################################
################################################
################################################
################################################
################################################
################################################
################################################
################################################
(4,33),(4,34)|(6,32),(6,33)|(7,34),(7,35)|(8,31),(8,32)|(8,35),(8,36)|(8,63),(8,64)|(9,29),(9,31)|(10,14),(10,15)|(10,28),(10,29)|(10,61),(10,63)|(10,64),(10,65)|(11,26),(11,28)|(11,60),(11,61)|(11,66),(11,67)|(12,13),(12,14)|(12,15),(12,16)|(12,26),(12,28)|(12,59),(12,60)|(12,66),(12,67)|(13,12),(13,13)|(13,17),(13,18)|(13,28),(13,29)|(13,58),(13,59)|(13,64),(13,65)|(14,17),(14,18)|(14,29),(14,30)|(14,50),(14,51)|(14,57),(14,58)|(14,63),(14,64)|(15,12),(15,13)|(15,16),(15,18)|(15,30),(15,31)|(15,56),(15,57)|(16,18),(16,19)|(16,21),(16,22)|(16,35),(16,36)|(16,49),(16,50)|(16,51),(16,52)|(16,55),(16,56)|(16,62),(16,63)|(17,19),(17,20)|(17,31),(17,32)|(17,54),(17,55)|(18,13),(18,14)|(18,20),(18,21)|(18,22),(18,23)|(18,48),(18,49)|(18,53),(18,54)|(18,61),(18,62)|(19,32),(19,33)|(19,34),(19,35)|(19,52),(19,53)|(19,59),(19,61)|(20,14),(20,15)|(20,23),(20,24)|(20,58),(20,59)|(21,15),(21,16)|(21,33),(21,34)|(21,47),(21,48)|(21,56),(21,58)|(22,24),(22,25)|(22,54),(22,56)|(23,16),(23,17)|(23,25),(23,26)|(23,46),(23,47)|(23,53),(23,54)|(24,17),(24,18)|(24,42),(24,43)|(24,45),(24,46)|(24,52),(24,53)|(25,18),(25,19)|(25,26),(25,27)|(25,44),(25,45)|(26,18),(26,19)|(26,27),(26,28)|(26,43),(26,44)|(26,52),(26,53)|(27,28),(27,30)|(27,35),(27,36)|(27,40),(27,42)|(27,47),(27,49)|(28,30),(28,31)|(28,39),(28,40)|(28,49),(28,51)|(28,53),(28,55)|(29,23),(29,26)|(29,31),(29,35)|(29,36),(29,39)|(29,46),(29,47)|(29,51),(29,52)|(30,45),(30,46)|(30,55),(30,56)|(31,22),(31,23)|(31,26),(31,27)|(31,52),(31,53)|(31,56),(31,57)|(32,27),(32,28)|(32,43),(32,45)|(32,53),(32,54)|(33,17),(33,18)|(33,42),(33,43)|(33,54),(33,55)|(33,57),(33,58)|(34,28),(34,29)|(34,41),(34,42)|(34,44),(34,46)|(35,29),(35,31)|(35,40),(35,41)|(35,46),(35,48)|(36,16),(36,17)|(36,22),(36,23)|(36,31),(36,35)|(36,37),(36,40)|(36,55),(36,56)|(37,23),(37,24)|(37,35),(37,37)|(37,43),(37,44)|(37,46),(37,47)|(37,48),(37,49)|(37,56),(37,57)|(38,15),(38,16)|(38,24),(38,25)|(38,45),(38,46)|(38,49),(38,50)|(38,56),(38,57)|(39,20),(39,22)|(39,25),(39,26)|(39,42),(39,43)|(39,44),(39,45)|(39,47),(39,48)|(39,50),(39,51)|(39,57),(39,58)|(40,13),(40,15)|(40,19),(40,20)|(40,22),(40,23)|(40,26),(40,30)|(40,32),(40,42)|(40,51),(40,52)|(40,55),(40,56)|(41,23),(41,25)|(41,28),(41,29)|(41,30),(41,32)|(41,34),(41,48)|(41,49),(41,52)|(41,55),(41,56)|(42,12),(42,13)|(42,18),(42,19)|(42,25),(42,28)|(42,29),(42,34)|(42,49),(42,56)|(43,16),(43,18)|(44,12),(44,13)|(44,14),(44,16)|(46,13),(46,14)|
(13,13),(15,12)|(42,42),(44,12)|(12,12),(13,13)|(15,15),(18,13)|(40,40),(42,13)|(44,44),(46,13)|(10,10),(12,14)|(18,18),(20,14)|(44,44),(46,14)|(10,10),(12,15)|(20,20),(21,15)|(38,38),(40,15)|(12,12),(15,16)|(21,21),(23,16)|(36,36),(38,16)|(43,43),(44,16)|(13,13),(14,17)|(23,23),(24,17)|(33,33),(36,17)|(13,13),(14,18)|(15,15),(16,18)|(24,24),(25,18)|(26,26),(33,18)|(42,42),(43,18)|(16,16),(17,19)|(25,25),(26,19)|(40,40),(42,19)|(17,17),(18,20)|(39,39),(40,20)|(16,16),(18,21)|(16,16),(18,22)|(31,31),(36,22)|(39,39),(40,22)|(18,18),(20,23)|(29,29),(31,23)|(36,36),(37,23)|(40,40),(41,23)|(20,20),(22,24)|(37,37),(38,24)|(22,22),(23,25)|(38,38),(39,25)|(41,41),(42,25)|(11,11),(12,26)|(23,23),(25,26)|(29,29),(31,26)|(39,39),(40,26)|(25,25),(26,27)|(31,31),(32,27)|(10,10),(11,28)|(12,12),(13,28)|(26,26),(27,28)|(32,32),(34,28)|(41,41),(42,28)|(9,9),(10,29)|(13,13),(14,29)|(34,34),(35,29)|(41,41),(42,29)|(14,14),(15,30)|(27,27),(28,30)|(40,40),(41,30)|(8,8),(9,31)|(15,15),(17,31)|(28,28),(29,31)|(35,35),(36,31)|(6,6),(8,32)|(17,17),(19,32)|(40,40),(41,32)|(4,4),(6,33)|(19,19),(21,33)|(4,4),(7,34)|(19,19),(21,34)|(41,41),(42,34)|(7,7),(8,35)|(16,16),(19,35)|(27,27),(29,35)|(36,36),(37,35)|(8,8),(16,36)|(27,27),(29,36)|(36,36),(37,37)|(28,28),(29,39)|(27,27),(28,40)|(35,35),(36,40)|(34,34),(35,41)|(24,24),(27,42)|(33,33),(34,42)|(39,39),(40,42)|(24,24),(26,43)|(32,32),(33,43)|(37,37),(39,43)|(25,25),(26,44)|(34,34),(37,44)|(24,24),(25,45)|(30,30),(32,45)|(38,38),(39,45)|(23,23),(24,46)|(29,29),(30,46)|(34,34),(35,46)|(37,37),(38,46)|(21,21),(23,47)|(27,27),(29,47)|(37,37),(39,47)|(18,18),(21,48)|(35,35),(37,48)|(39,39),(41,48)|(16,16),(18,49)|(27,27),(28,49)|(37,37),(38,49)|(41,41),(42,49)|(14,14),(16,50)|(38,38),(39,50)|(14,14),(16,51)|(28,28),(29,51)|(39,39),(40,51)|(16,16),(19,52)|(24,24),(26,52)|(29,29),(31,52)|(40,40),(41,52)|(18,18),(19,53)|(23,23),(24,53)|(26,26),(28,53)|(31,31),(32,53)|(17,17),(18,54)|(22,22),(23,54)|(32,32),(33,54)|(16,16),(17,55)|(28,28),(30,55)|(33,33),(36,55)|(40,40),(41,55)|(15,15),(16,56)|(21,21),(22,56)|(30,30),(31,56)|(36,36),(37,56)|(38,38),(40,56)|(41,41),(42,56)|(14,14),(15,57)|(31,31),(33,57)|(37,37),(38,57)|(39,39),(41,57)|(13,13),(14,58)|(20,20),(21,58)|(33,33),(39,58)|(12,12),(13,59)|(19,19),(20,59)|(11,11),(12,60)|(10,10),(11,61)|(18,18),(19,61)|(16,16),(18,62)|(8,8),(10,63)|(14,14),(16,63)|(8,8),(10,64)|(13,13),(14,64)|(10,10),(13,65)|(11,11),(12,66)|(11,11),(12,67)|

(40,44),(41,43)|


end file : GW_B05