Pièce : GW_B09
taille : 105x35
#########################################################################################################
#########################################################################################################
#########################################################################################################
#########################################################################################################
#########################################################################################################
#########################################################################################################
#########################################################################################################
##################.......################################################################################
##############..............#############################################################################
#############....................########################################################################
##########...........................#########################..####.......##############################
#######..................................##################...................###########################
######....................................###############.............................###################
#####........................................##########..................................################
#####............................................###.....................................################
#####.......................................................................................#############
#####.........................................................................................###########
#######........................................................................................##########
#############....................................................................................########
#############.................|..........................|........................................=######
#############.................|..........................|............|..........................########
#############.................#..........................#............|.......................###########
###=.....####.................#..........................##...........|................##################
#####....####................##..........................#............|..............####################
#####.........................|..........................|............|............######################
#####.........................|..........######..........|............|.........#########################
#######.......................|........##########........|............|.....#############################
#########.....................|......##############......|............|.#################################
###########...................|....#####################.|............|##################################
##############................|.#########################|...........####################################
##################...........#############################.......########################################
#########################################################################################################
###########################################################=#=###########################################
#########################################################################################################
#########################################################################################################
25,7|14,8|18,8|25,8|28,8|13,9|14,9|28,9|33,9|10,10|13,10|33,10|37,10|62,10|64,10|68,10|75,10|7,11|10,11|37,11|41,11|59,11|62,11|64,11|68,11|75,11|78,11|6,12|7,12|41,12|42,12|57,12|59,12|78,12|86,12|5,13|6,13|42,13|45,13|55,13|57,13|86,13|89,13|45,14|49,14|52,14|55,14|49,15|52,15|89,15|92,15|92,16|94,16|94,17|95,17|5,17|7,17|95,18|97,18|7,18|13,18|97,19|97,20|9,22|94,21|97,21|58,23|58,22|59,23|59,22|87,22|94,22|5,23|9,24|13,24|29,24|29,23|30,23|85,23|87,23|83,24|85,24|41,25|47,25|80,25|83,25|5,26|7,26|39,26|41,26|47,26|49,26|76,26|80,26|7,27|9,27|37,27|39,27|49,27|51,27|72,27|76,27|9,28|11,28|35,28|37,28|51,28|56,28|72,28|11,29|14,29|32,29|35,29|56,29|69,29|14,30|18,30|29,30|32,30|65,30|69,30|18,31|29,31|58,31|65,31|