Pièce : SI_B01
taille : 110x35
......................./#/.........................................................###........................
.......................###.........../#/.........................................../#/........................
......................./#/...........###................................../#/.......|.........................
........................|............/#/..................................###.......|.........................
........................|.............|.................................../#/.......|.........................
..............|.........|.............|....................................|........|.........................
..............|.........|.............|....................................|........|.........................
..............|.........|.............|....................................|........|.........................
..............|.........##............|....................................|.......##.........................
..............|......######...........|....................................|.....#######......................
..........####H###############################...............#######################################..........
..........####=########################=#=#=##...............##=#=###########################=######..........
.....-----####################################--.........----#######################################----......
..........####################################...............#######################################..........
..........####################################-------........#######################################..........
..........####################################...............#######################################..........
...-------####################################...............#######################################-------...
..........####################################......---------#######################################..........
..........####################################...............#######################################..........
..........####################################-----..........#######################################..........
.....-----####################################..........-----#######################################-----.....
..........####################################...............#######################################..........
..........####################################...............#######################################..........
.......#######################################...............###########################################......
.......#=###################################=-----------------=######################################=##......
.......#######################################...............###########################################......
........../###################################...............######################################/..........
.........../#####=####=#####=##################..............##################=##########=#######/...........
............/####|####|#####|###################............###################|##########|######/............
.................|....|.....|..###################.......####################..|.....|....|...................
.................|....|.....|..###################.......####################..|.....|....|...................
.................|....|.....|..###################.......####################..##....|....|...................
.................#....|....##..###################.......####################..##....|....#...................
.................#....#....##.................####.......####..................|....##....|...................
.................|....#.....|.................####.......####.......................##....|...................
(7,23),(7,26)|(8,24),(8,25)|(9,24),(9,25)|(10,10),(10,23)|(14,10),(14,12)|(15,10),(15,12)|(17,27),(17,29)|(17,32),(17,34)|(18,27),(18,29)|(18,32),(18,34)|(21,9),(21,10)|(22,27),(22,29)|(22,33),(22,35)|(23,1),(23,2)|(23,27),(23,29)|(23,33),(23,35)|(24,0),(24,3)|(24,8),(24,9)|(25,0),(25,3)|(26,1),(26,2)|(26,8),(26,9)|(27,9),(27,10)|(27,32),(27,34)|(28,27),(28,29)|(29,27),(29,29)|(29,32),(29,34)|(31,29),(31,33)|(37,2),(37,3)|(38,1),(38,4)|(39,1),(39,4)|(39,11),(39,12)|(40,2),(40,3)|(40,11),(40,12)|(41,11),(41,12)|(42,11),(42,12)|(43,11),(43,12)|(44,11),(44,12)|(44,24),(44,25)|(46,10),(46,24)|(46,25),(46,27)|(46,33),(46,35)|(47,27),(47,28)|(48,28),(48,29)|(50,29),(50,35)|(57,29),(57,35)|(60,28),(60,29)|(61,10),(61,24)|(61,25),(61,28)|(61,33),(61,35)|(63,11),(63,12)|(63,24),(63,25)|(64,11),(64,12)|(65,11),(65,12)|(66,11),(66,12)|(74,3),(74,4)|(75,2),(75,5)|(76,2),(76,5)|(77,3),(77,4)|(77,29),(77,33)|(79,27),(79,29)|(79,31),(79,33)|(80,27),(80,29)|(81,9),(81,10)|(81,31),(81,33)|(83,0),(83,1)|(83,8),(83,9)|(84,2),(84,33)|(85,2),(85,8)|(86,0),(86,1)|(86,33),(86,35)|(88,9),(88,10)|(90,27),(90,29)|(90,32),(90,33)|(91,27),(91,29)|(91,32),(91,33)|(93,11),(93,12)|(94,11),(94,12)|(100,10),(100,23)|(101,24),(101,25)|(102,24),(102,25)|(104,23),(104,26)|
(24,0),(25,0)|(83,0),(86,0)|(23,1),(26,1)|(38,1),(39,1)|(83,1),(86,1)|(23,2),(26,2)|(37,2),(40,2)|(75,2),(76,2)|(84,2),(85,2)|(24,3),(25,3)|(37,3),(40,3)|(74,3),(77,3)|(38,4),(39,4)|(74,4),(77,4)|(75,5),(76,5)|(24,8),(26,8)|(83,8),(85,8)|(21,9),(24,9)|(26,9),(27,9)|(81,9),(83,9)|(85,9),(88,9)|(10,10),(14,10)|(15,10),(21,10)|(27,10),(46,10)|(61,10),(81,10)|(88,10),(100,10)|(39,11),(40,11)|(41,11),(42,11)|(43,11),(44,11)|(63,11),(64,11)|(65,11),(66,11)|(93,11),(94,11)|(14,12),(15,12)|(39,12),(40,12)|(41,12),(42,12)|(43,12),(44,12)|(63,12),(64,12)|(65,12),(66,12)|(93,12),(94,12)|(7,23),(10,23)|(100,23),(104,23)|(8,24),(9,24)|(44,24),(46,24)|(61,24),(63,24)|(101,24),(102,24)|(8,25),(9,25)|(44,25),(46,25)|(61,25),(63,25)|(101,25),(102,25)|(7,26),(104,26)|(11,27),(17,27)|(18,27),(22,27)|(23,27),(28,27)|(29,27),(46,27)|(47,27),(79,27)|(80,27),(90,27)|(91,27),(99,27)|(12,28),(47,28)|(48,28),(60,28)|(61,28),(98,28)|(13,29),(17,29)|(18,29),(22,29)|(23,29),(28,29)|(29,29),(31,29)|(48,29),(50,29)|(57,29),(60,29)|(77,29),(79,29)|(80,29),(90,29)|(91,29),(97,29)|(79,31),(81,31)|(17,32),(18,32)|(27,32),(29,32)|(90,32),(91,32)|(22,33),(23,33)|(31,33),(46,33)|(61,33),(77,33)|(79,33),(81,33)|(84,33),(86,33)|(90,33),(91,33)|(17,34),(18,34)|(27,34),(29,34)|(22,35),(23,35)|(46,35),(50,35)|(57,35),(61,35)|(84,35),(86,35)|
(10,26),(13,29)|(23,2),(24,3)|(25,0),(26,1)|(37,3),(38,4)|(39,1),(40,2)|(74,4),(75,5)|(76,2),(77,3)|(83,1),(84,2)|
(23,1),(24,0)|(25,3),(26,2)|(37,2),(38,1)|(39,4),(40,3)|(74,3),(75,2)|(76,5),(77,4)|(85,2),(86,1)|(97,29),(100,26)|
(14.5,5),(14.5,10)|(17.5,28),(17.5,32)|(17.5,34),(17.5,35)|(22.5,28),(22.5,33)|(24.5,3),(24.5,8)|(28.5,28),(28.5,32)|(28.5,34),(28.5,35)|(38.5,4),(38.5,10)|(75.5,5),(75.5,10)|(79.5,28),(79.5,31)|(79.5,33),(79.5,34)|(84.5,2),(84.5,8)|(85.5,29),(85.5,33)|(90.5,28),(90.5,32)|(90.5,33),(90.5,35)|
(3,16.5),(5,12.5)|(5,20.5),(10,12.5)|(10,16.5),(10,20.5)|(45,24.5),(46,12.5)|(46,14.5),(46,19.5)|(48,12.5),(51,19.5)|(52,17.5),(53,14.5)|(56,20.5),(57,12.5)|(61,12.5),(61,17.5)|(61,20.5),(62,24.5)|(100,12.5),(100,16.5)|(100,20.5),(104,12.5)|(105,20.5),(107,16.5)|
end file : SI_B01