SS_A09
48*35|-1|0
3.9073*9.2050|0|0
-220,-30
Border: Solid




20|4|15|0,3,0,0,1,-1 -1,-1 -1,593 38,599 41,-1 -1,-1 -1,581 35,587 38,-1 -1,-1 -1,1125 38,1131 41,-1 -1,77 34,104 39,110 42,-1 -1,187 93,169 85,175 88,-1 -1,-1 -1,581 35,587 38,-1 -1,1403 52,1825 55,1920 58,-1 -1,-1 -1,-1 -1,-1 -1,-1 -1,78 40,124 63,118 60,-1 -1,-1 -1,-1 -1,-1 -1,-1 -1,-1 -1,-1 -1,-1 -1,-1 -1,-1 -1,-1 -1,-1 -1,-1 -1,124 39,-1 -1,-1 -1,-1 -1,-1 -1,-1 -1,-1 -1,-1 -1,-1 -1,331 35,337 38,|0,4,0,0,1,-1 -1,-1 -1,241 12,243 13,-1 -1,-1 -1,241 12,243 13,-1 -1,-1 -1,467 12,469 13,79 40,-1 -1,41 16,47 19,187 93,-1 -1,52 27,47 24,-1 -1,-1 -1,241 12,243 13,1403 52,-1 -1,1244 22,1339 25,-1 -1,-1 -1,-1 -1,-1 -1,78 40,-1 -1,54 28,48 25,-1 -1,-1 -1,-1 -1,-1 -1,-1 -1,-1 -1,-1 -1,-1 -1,-1 -1,-1 -1,-1 -1,-1 -1,134 39,-1 -1,-1 -1,-1 -1,-1 -1,-1 -1,-1 -1,-1 -1,-1 -1,-1 -1,131 12,133 13,|0,1,0,0,1,-1 -1,-1 -1,-1 -1,34 18,-1 -1,-1 -1,-1 -1,34 18,-1 -1,-1 -1,-1 -1,46 18,126 63,55 28,-1 -1,36 18,169 85,52 27,-1 -1,34 18,-1 -1,-1 -1,-1 -1,34 18,1825 55,1244 22,-1 -1,1585 20,-1 -1,-1 -1,-1 -1,-1 -1,124 63,54 28,-1 -1,34 18,-1 -1,-1 -1,-1 -1,-1 -1,-1 -1,-1 -1,-1 -1,-1 -1,-1 -1,-1 -1,-1 -1,-1 -1,-1 -1,-1 -1,-1 -1,-1 -1,-1 -1,-1 -1,-1 -1,-1 -1,-1 -1,-1 -1,-1 -1,34 18,|0,1,0,0,1,-1 -1,-1 -1,34 18,-1 -1,-1 -1,-1 -1,34 18,-1 -1,-1 -1,-1 -1,46 18,-1 -1,120 60,49 25,36 18,-1 -1,175 88,47 24,34 18,-1 -1,-1 -1,-1 -1,34 18,-1 -1,1920 58,1339 25,1585 20,-1 -1,-1 -1,-1 -1,-1 -1,-1 -1,118 60,48 25,34 18,-1 -1,-1 -1,-1 -1,-1 -1,-1 -1,-1 -1,-1 -1,-1 -1,-1 -1,-1 -1,-1 -1,-1 -1,-1 -1,-1 -1,-1 -1,-1 -1,-1 -1,-1 -1,-1 -1,-1 -1,-1 -1,-1 -1,-1 -1,34 18,-1 -1,|
1|1|1|1|1|1|1|1|1|1|1|1|1|1|1|1|1|1|1|1|1|1|1|1|1|1|1|1|1|1|1|1|1|1|1|1|1|1|1|1|1|1|1|1|0,6|0,6|0,6|0,6|0,6|0,6|0,6|0,6|0,6|0,6|1|1|1|1|1|1|1|1|1|1|1|1|1|1|1|1|1|1|1|1|1|0,6|0,6|0|0|0|0|0|0|0|0|0|0|0|0|0|0,6|0,6|0,6|0,6|0,6|0,6|0,6|1|1|1|1|1|1|1|1|1|1|0,2,6|0,6|0,6|0,6|0,6|0|0|0|0|0|0|0|0|0|0|0|0|0|0,6|0|0,6|0,6|0,6|0,6|0,6|1|1|1|1|1|1|1|1|1|1|0,2,6|0,6|0,6|0,6|0,6|0|0|0|0|0|0|0|0|0|0|0|0|0|0,6|0|0,6|0,6|0,1,6|0,1,6|0,1,6|1|1|1|1|1|1|1|1|1|1|0,2,6|0,6|0,6|0,6|0,6|0|0|0|0|0|0|0|0|0|0|0|0|0|0,6|0|0,6|0,6|0,6|0,6|0,6|1|1|1|1|1|1|1|1|1|1|0,2,6|0,6|0,6|0,6|0,6|0|0|0|0|0|0|0|0|0|0|0|0|0|0,6|0|0,6|0,6|0,6|0,1,6|0,1,6|1|1|1|1|1|1|1|1|1|1|0,2,6|0,6|0,6|0,6|0,6|0|0|0|0|0|0|0|0|0|0|0|0|0|0|0|0,6|0,6|0,6|0,6|0,6|1|1|1|1|1|1|1|1|1|1|0,2,6|0,6|0,6|0,6|0,6|0|0|0|0|0|0,2|0|0|0|0|0|0|0|0|0|0,6|0,6|0,6|0,6|0,6|1|1|1|1|1|1|1|1|1|1|0,2,6|0,6|0,6|0,6|0,6|0|0|0|0|0|0,2|0|0|0|0|0|0|0|0,6|0|0,6|0,6|0,6|0,6|0,6|0,6|0,6|0,6|0,6|0,6|1|1|1|1|1|0,2,6|0,6|0,6|0,6|0,6|0|0|0|0|0|0,2|0|0|0|0|0|0|0|0|0|0,6|0,6|0,6|0,6|0,6|1|1|1|1|0,6|1|1|1|1|1|0,2,6|0,6|0,6|0,6|0,6|0|0|0|0|0|0,2|0|0|0|0|0|0|0|0|0|0,6|0,6|0,6|0,6|0,6|1|1|1|1|0,2,1,6|1|1|1|1|1|0,2,6|0,6|0,6|0,6|0,6|0|0|0|0|0|1|0|0|0|0|0|0|0|0|0|0,6|0|0,6|0,6|0,6|0,6|0,6|0,6|0,6|0,2,6|1|1|1|1|1|0,2,6|0,6|0,6|0,6|0,6|0|0|0|0|0|0,2|0|0|0|0|0|0|0|0|0|0,6|0|0,6|0,6|0,6|0,6|0,6|0,6|0,6|0,2,6|1|1|1|1|1|0,2,6|0,6|0,6|0,6|0,6|0|0|0|0|0|0,2|0|0|0|0|0|0|0|0|0|0,6|0|0,6|0,6|0,6|0,6|0,6|0,6|0,6|1|1|1|1|1|1|0,2,6|0,6|0,6|0,6|0,6|0|0|0|0|0|0,2|0|0|0|0|0|0|0|0|0|0|0|0,6|0,6|0,6|0,6|0,6|0,6|0,6|0,2,6|1|1|1|1|1|1|1|1|1|0,6|0|0|0|0|0|0,2|0|0|0|0|0|0|0|0|0|0|0|0,6|0,6|0,6|0,6|0,6|0,6|0,6|0,2,6|1|1|1|1|1|1|1|1|1|0,6|0|0|0|0|0|0,2|0|0|0|0|0|0|0|0|0|0|0|0,6|0,6|0,6|0,6|0,6|0,6|0,6|0,2,6|1|1|1|1,4,3|1,3|1,3|4,3,6|0,6|0,6|0,6|0|0|0|0|0|0,2|0|0|0,2|0|0|0|0|0|0|0|0|0,6|0,6|0,6|0,6|0,6|0,6|0,6|0,2,6|1|1|1|1|1|1|1|1|1|0,6|0|0|0|0|0|0,2|0|0|0,2|0|0|0|0|0|0|0,6|0|0,6|0,6|0,6|0,6|0,6|0,6|0,6|0,2,6|1|1|1|1|1|1|1|1|1|0,6|0|0|0|0|0|0,2|0|0|1|0|0|0|0|0|0|0|0|0,6|0,6|0,6|0,6|0,6|0,6|0,6|0,2,6|1|1|1|1|1,3|1,3|4,3,6|0,6|0,6|0,6|0|0|0|0|0|0,2|0|0|0,2|0|0|0|0|0|0|0|0|0,6|0,6|0,6|0,6|0,6|0,6|0,6|0,2,6|1|1|1|1|1|1|1|1|1|0,6|0|0|0|0|0|0,2|0|0|0,2|0|0|0|0|0|0|0|0|0,6|0,6|0,6|0,6|0,6|0,6|0,6|0,2,6|1|1|1|1|1|1|1|1|1|0,6|0|0|0|0|0|1|0|0|0,2|0|0|0|0|0|0|0|0|0,6|0,6|0,6|0,6|0,6|0,6|0,6|0,2,6|1|1|1|1|1|1|1|1|1|0,6|0|0|0|0|0|1|0|0|0,2|0|0|0|0|0|0|0|0|0,6|0,6|0,6|0,6|0,6|0,6|0,6|0,2,6|1|1|1|1|1|1|1|1|1|0,6|0|0|0|0|0|0,2|0|0|0,2|0|0|0|0|0|0|0|0|0,6|0,6|0,6|0,6|0,6|0,6|0,6|0,2,6|1|1|1|1|1|1|1|1|1|0,6|0|0|0|0|0|0,2|0|0|0,2|0|0|0|0|0|0|0|0|0,6|0,6|0,6|0,6|0,6|0,6|0,6|0,2,6|1|1|1|1|1|1|1|1|1|1|1|1|1|1|1|1|1|1|1|0|0|0|0|0|0|0|0|0,6|0,6|0,6|1|1|1|1|0,1,2,6|1|1|1|1|1|1|1|1|1|1|1|1|1|1|1|1|1|1|1|0|0|0|0|0|0|0|0|0,6|0,1,6|0,1,6|1|1|1|1|0,6|1|1|1|1|1|1|1|1|1|1|1|1|1|1|1|1|1|1|1|0|0|0|0|0|0|0|0|0,6|0,6|0,6|1|1|1|1|0,6|1|1|1|1|1|1|1|1|1|1|1|1|1|1|1|1|1|1|1|0|0|0|0|0|0|0|0|0,6|0,6|0,6|1|1|1|1|0,6|1|1|1|1|1|1|1|1|1|1|1|1|1|1|1|1|1|1|1|0|0|0|0|0|0|0|0,1|0,1,6|0,1,6|0,1,6|1|1|1|1|0,6|1|1|1|1|1|1|1|1|1|1|1|1|1|1|1|1|1|1|1|0|0|0|0|0|0|0|0|0,6|0,6|0,6|1|1|1|1|0,6|1|1|1|1|1|1|1|1|1|1|1|1|1|1|1|1|1|1|1|0|0|0|0|0|0|0|0|0,6|0,6|0,6|1|1|1|1|0,6|1|1|1|1|1|1|1|1|1|1|1|1|1|1|1|1|1|1|1|0|0|0|0|0|0|0|0|0,6|0,6|0,1,6|1|1|1|1|0,6|1|1|1|1|1|1|1|1|1|0,6|0|0|0|0|0|0,2|0|0|0,2|0|0|0|0|0|0|0|0|0,6|0,6|0,6|1|1|1|1|0,6|1|1|1|1|1|1|1|1|1|0,6|0|0|0|0|0|0,2|0|0|1|0|0|0|0|0|0|0|0|0,6|0,6|0,6|1|1|1|1|0,6|1|1|1|1|1,3|4,3,6|0,6|0,6|0,6|0,6|0|0|0|0|0|1|0|0|0,2|0|0|0|0|0|0|0|0|0,6|0,1,6|0,1,6|0,1,2,6|0,6|0,6|0,6|0,6|1|1|1|1|1|1|1|1|1|0,6|0|0|0|0|0|0,2|0|0|0,2|0|0|0|0|0|0|0|0|0,6|0,6|0,6|1|1|1|1|1|1|1|1|1|1|1|1|1|1|0,6|0|0|0|0|0|0,2|0|0|0,2|0|0|0|0|0|0|0|0|0,6|0,6|0,6|1|1|1|1|1|1|1|1|1|1,3|4,3,6|0,6|0,6|0,6|0,6|0|0|0|0|0|0,2|0|0|0,2|0|0|0|0|0|0|0|0|0,1,6|0,1,6|0,1,6|0,1,2,6|0,6|0,6|0,6|0,6|0,6|4,3,6|1,4,3|1|1|1|1|1|1|0,6|0|0|0|0|0|0,2|0|0|0,2|0|0|0|0|0|0|0|0|0,6|0,6|0,6|1|1|1|1|1|1|1|1|1|1|1|1|1|1|0,6|0|0|0|1|1|0,2|1|1|0,2|1|1|0|0|0|0|0|0|0,6|0,6|0,6|1|1|1|1|1|1|1|1|1|1,3|4,3,6|0,6|0,6|0,6|0,6|0|0|0|1|1|4,3,2|1|1|4,3|1|1|0|0|0|0|0|0|0,6|0,6|0,1,6|0,1,2,6|0,6|0,6|0,6|0,6|0,6|4,3,6|1,4,3|1|1|1|1|1|1|0,6|0,6|0,6|1|1|1|1,3|1|1|1,3|1|1|1|0,6|0,6|0,6|0,6|0,6|0,6|0,6|0,6|1|1|1|1|1|1|1|1|1|1|1|1|1|1|0,6|0,6|0,6|1|1|1|1,3|1|1|1,3|1|1|1|0,6|0,6|0,6|0,6|0,6|0,6|0,6|0,6|1|1|1|1|1|1|1|1|1|1|1|1|1|1|1|1|1|1|1|1|1,3|1|1|1,3|1|1|1|1|1|1|1|1|1|1|1|1|1|1|1|1|1|1|1|1|1|1|1|1|1|1|1|1|1|1|1|1|1|1|1,4,3|1|1|1|1|1|1|1|1|1|1|1|1|1|1|1|1|1|1|1|
