Pièce : DS_A13
taille : 48x35
################################################
################################################
##=...#####...........####################...=##
#####+#####+#########.####################+#####
####.|.###.|.########.##################/.|./###
####.|.###.|.########.##################..|..###
####.|.###.|.########.##################..|..###
####.|.###.|.########.####.......#######..|..###
####...###...########.####.#####.#######.....###
####...###...########.####.#####.#######.....###
####...###...######/......../###.#######.....###
####...###...######..........###.#######.....###
####...###...######----------###.#######.....###
####...###...######..........###.#######/.../###
####...###...######..........###.#########.#####
####...###...######----------###.#########.#####
####...###...######..........###.#########.#####
####...###...######..........###.#########.#####
####...###...######..........###.#########...###
####...###...######..........###.###########.###
####...###...######..........###.###########.###
#####.#####.#######..........###......###....###
#####.#####.#######..........########.###.######
#####..###..#######..........########.###.######
######.###.########..........########.###.######
####/...#.../######..........######/...#.../####
###/....#..../#####..........#####/....#..../###
###...........#####/......../#####...........###
###...........####################...........###
###.....#.....########=##=########.....#.....###
###.....#.....####################.....#.....###
###/....#..../####################/....#..../###
################################################
################################################
################################################
(2,2),(2,3)|(4,4),(4,21)|(5,3),(5,4)|(5,21),(5,24)|(6,2),(6,4)|(6,21),(6,23)|(6,24),(6,25)|(7,4),(7,21)|(7,23),(7,25)|(8,25),(8,27)|(8,29),(8,32)|(9,25),(9,27)|(9,29),(9,32)|(10,4),(10,21)|(10,23),(10,25)|(11,2),(11,4)|(11,21),(11,23)|(11,24),(11,25)|(12,3),(12,4)|(12,21),(12,24)|(13,4),(13,21)|(21,3),(21,10)|(22,2),(22,10)|(22,29),(22,30)|(23,29),(23,30)|(25,29),(25,30)|(26,7),(26,10)|(26,29),(26,30)|(27,8),(27,10)|(32,8),(32,22)|(33,7),(33,21)|(37,22),(37,25)|(38,21),(38,25)|(39,25),(39,27)|(39,29),(39,32)|(40,25),(40,27)|(40,29),(40,32)|(41,21),(41,25)|(42,2),(42,4)|(42,14),(42,19)|(42,22),(42,25)|(43,3),(43,4)|(43,14),(43,18)|(44,19),(44,21)|(45,18),(45,22)|(46,2),(46,3)|
(2,2),(6,2)|(11,2),(22,2)|(42,2),(46,2)|(2,3),(5,3)|(12,3),(21,3)|(43,3),(46,3)|(4,4),(5,4)|(6,4),(7,4)|(10,4),(11,4)|(12,4),(13,4)|(42,4),(43,4)|(26,7),(33,7)|(27,8),(32,8)|(21,10),(22,10)|(26,10),(27,10)|(42,14),(43,14)|(43,18),(45,18)|(42,19),(44,19)|(4,21),(5,21)|(6,21),(7,21)|(10,21),(11,21)|(12,21),(13,21)|(33,21),(38,21)|(41,21),(44,21)|(32,22),(37,22)|(42,22),(45,22)|(6,23),(7,23)|(10,23),(11,23)|(5,24),(6,24)|(11,24),(12,24)|(6,25),(7,25)|(8,25),(9,25)|(10,25),(11,25)|(37,25),(38,25)|(39,25),(40,25)|(41,25),(42,25)|(8,27),(9,27)|(39,27),(40,27)|(8,29),(9,29)|(22,29),(23,29)|(25,29),(26,29)|(39,29),(40,29)|(22,30),(23,30)|(25,30),(26,30)|(8,32),(9,32)|(39,32),(40,32)|
(3,31),(4,32)|(12,25),(14,27)|(19,27),(20,28)|(28,10),(29,11)|(28,10),(43,25)|(28,10),(45,27)|(34,31),(35,32)|(40,13),(41,14)|(44,4),(45,5)|
(3,27),(5,25)|(3,27),(19,11)|(3,27),(20,10)|(13,32),(14,31)|(13,32),(40,5)|(13,32),(41,4)|(28,28),(29,27)|(34,27),(36,25)|(44,14),(45,13)|(44,32),(45,31)|
(5.5,8),(11.5,8)|
(19,12.5),(19,15.5)|(29,12.5),(29,15.5)|
end file : DS_A13