GATE_SB_SL: 276,91,48,35
SL_S02: 1034,1033,48,35
SL_A08: 46,597,54,35
SL_S07: 10,597,48,35
SL_C12: 100,595,152,35
SL_B02: 940,978,113,37
SL_C11: 1063,973,54,120
SL_A14: 948,940,48,35
SL_E03: 1031,940,258,35
SL_A02: 886,978,48,35
SL_A17: 885,940,48,35
SL_C01: 825,929,48,121
SL_A13: 843,519,48,35
SL_B01: 758,962,48,121
SL_F01: 253,553,210,78
SL_C02: 417,214,180,35
SL_C10: 512,802,54,121
SL_A10: 617,813,48,35
SL_F02: 619,171,162,78
SL_S05: 674,204,48,35
SL_D06: 522,976,213,35
SL_D04: 788,172,104,78
SL_A12: 810,518,48,35
SL_H02: 1006,172,210,78
SL_H03: 1209,212,444,38
SL_C09: 1653,215,155,35
SL_A16: 1760,253,48,35
SL_S10: 1721,253,48,35
SL_I01: 1813,203,152,121
SL_A15: 1966,249,48,35
SL_S06: 1965,284,48,35
SL_AI: 2016,222,98,35
SL_C08: 417,423,48,121
SL_C05: 470,433,162,35
SL_S09: 621,433,48,35
SL_C04: 661,426,54,121
SL_D01: 672,551,104,78
SL_D02: 730,391,54,154
SL_D03: 790,396,105,78
SL_A07: 873,455,48,35
SL_A04: 831,479,48,35
SL_S03: 811,886,48,35
SL_E01: 918,391,48,207
SL_B04: 920,250,48,121
SL_C03: 911,129,66,121
SL_A11: 877,508,48,35
SL_A05: 974,445,48,35
SL_E02: 1043,439,258,35
SL_S08: 1248,476,48,35
SL_C07: 1326,428,48,121
SL_A03: 731,57,48,35
SL_C06: 565,56,162,35
SL_S04: 633,80,48,35
SL_A06: 514,55,48,35
SL_D05: 308,55,204,35
SL_S11: 1182,902,48,35
