Pièce : CC_A12
taille : 48x35
################################################
################################################
################################################
################################################
################################################
################################################
################################################
################################################
################################################
################################################
################################################
################################################
################################################
##############/......../########################
#############.................##################
###########=..................##...#############
#############.....##................=###########
###############...##.##............#############
##########################/....../##############
################################################
################################################
################################################
################################################
################################################
################################################
################################################
################################################
################################################
################################################
################################################
################################################
################################################
################################################
################################################
################################################
(11,15),(11,16)|(13,14),(13,15)|(13,16),(13,17)|(15,17),(15,18)|(18,16),(18,18)|(20,16),(20,18)|(21,17),(21,18)|(23,17),(23,18)|(30,14),(30,16)|(32,15),(32,16)|(35,15),(35,16)|(35,17),(35,18)|(37,16),(37,17)|
(13,13),(30,14)|(11,11),(13,15)|(32,32),(35,15)|(11,11),(13,16)|(18,18),(20,16)|(30,30),(32,16)|(35,35),(37,16)|(13,13),(15,17)|(21,21),(23,17)|(35,35),(37,17)|(15,15),(18,18)|(20,20),(21,18)|(23,23),(35,18)|
(23,13),(24,14)|(26,18),(27,19)|
(14,14),(15,13)|(33,19),(34,18)|


end file : CC_A12