Pièce : CC_A07
taille : 54x35
................................................######
................................................######
................................................######
.......................|........................######
#......................|........................######
#......................|..............|.........######
#...............####...|..............|.....##########
#...............##=####H..............H#######=#######
#...............######.|..............|..#############
##.....................|..............|...####..######
###....................|..............|...####..######
####...................|.........|....|.....##..######
####...................|.........|....|.........######
####................---+---------+----+--.......######
####...................|.........|....|.........######
####...................|.........|....|.........######
####...............#...|.........|....|........#######
####..............###..|.........|....|.....##########
####............#########........|...########=########
####............#########........|...#################
######...........................|..............######
####=............................|..............######
######...........................|..............######
####=....###.....................|..............######
###############..................|...........#########
#############=...................|............=#######
###############...#..............|...........#########
#############=...####............|......###...=#######
########################/........|.../################
######################################################
#############################=#=#=####################
######################################################
######################################################
######################################################
######################################################
(1,4),(1,9)|(2,9),(2,10)|(3,10),(3,11)|(4,11),(4,20)|(4,21),(4,22)|(4,23),(4,24)|(6,20),(6,21)|(6,22),(6,23)|(9,23),(9,24)|(12,23),(12,24)|(13,25),(13,26)|(13,27),(13,28)|(15,24),(15,25)|(15,26),(15,27)|(16,6),(16,9)|(16,18),(16,20)|(17,27),(17,28)|(18,7),(18,8)|(18,17),(18,18)|(18,26),(18,27)|(19,7),(19,8)|(19,16),(19,17)|(19,26),(19,27)|(20,6),(20,7)|(20,16),(20,17)|(21,17),(21,18)|(21,27),(21,28)|(22,8),(22,9)|(23,7),(23,8)|(25,18),(25,20)|(29,30),(29,31)|(30,30),(30,31)|(31,30),(31,31)|(32,30),(32,31)|(33,30),(33,31)|(34,30),(34,31)|(37,18),(37,20)|(39,7),(39,8)|(40,27),(40,28)|(41,8),(41,9)|(42,9),(42,11)|(43,27),(43,28)|(44,6),(44,7)|(44,11),(44,12)|(44,17),(44,18)|(45,18),(45,19)|(45,24),(45,25)|(45,26),(45,27)|(46,7),(46,8)|(46,9),(46,12)|(46,18),(46,19)|(47,7),(47,8)|(47,16),(47,17)|(47,25),(47,26)|(47,27),(47,28)|(48,0),(48,6)|(48,9),(48,16)|(48,20),(48,24)|
(0,0),(1,4)|(16,16),(20,6)|(44,44),(48,6)|(18,18),(19,7)|(20,20),(23,7)|(39,39),(44,7)|(46,46),(47,7)|(18,18),(19,8)|(22,22),(23,8)|(39,39),(41,8)|(46,46),(47,8)|(1,1),(2,9)|(16,16),(22,9)|(41,41),(42,9)|(46,46),(48,9)|(2,2),(3,10)|(3,3),(4,11)|(42,42),(44,11)|(44,44),(46,12)|(19,19),(20,16)|(47,47),(48,16)|(18,18),(19,17)|(20,20),(21,17)|(44,44),(47,17)|(16,16),(18,18)|(21,21),(25,18)|(37,37),(44,18)|(45,45),(46,18)|(45,45),(46,19)|(4,4),(6,20)|(16,16),(25,20)|(37,37),(48,20)|(4,4),(6,21)|(4,4),(6,22)|(4,4),(6,23)|(9,9),(12,23)|(4,4),(9,24)|(12,12),(15,24)|(45,45),(48,24)|(13,13),(15,25)|(45,45),(47,25)|(13,13),(15,26)|(18,18),(19,26)|(45,45),(47,26)|(13,13),(15,27)|(17,17),(18,27)|(19,19),(21,27)|(40,40),(43,27)|(45,45),(47,27)|(13,13),(17,28)|(21,21),(40,28)|(43,43),(47,28)|(29,29),(30,30)|(31,31),(32,30)|(33,33),(34,30)|(29,29),(30,31)|(31,31),(32,31)|(33,33),(34,31)|
(24,28),(25,29)|
(37,29),(38,28)|
(23.5,3),(23.5,7)|(23.5,8),(23.5,18)|(33.5,11),(33.5,29)|(38.5,5),(38.5,7)|(38.5,8),(38.5,18)|
(20,13.5),(41,13.5)|
end file : CC_A07