Pièce : CC_A06
taille : 54x35
......................................................
.....................|................................
.....................|...................|............
........|............|...................|............
........|............|..###|#............|............
........|........##..|..###=#......##....|............
........|........##..|....###......##....|............
........|............|...................|............
.....###H#...........|...................|............
.....#####-----------+-------------------+------......
.......###...........|...................|............
.....................|...................|............
...................##H#..................|............
...................##=#....|.............|............
.................########..|...#####.....|............
...........................|.............|............
...........................|.............|............
.................##########H########.....|............
.....................|.....|.............|............
.....................|.....|.............|............
.....................|.....|.............|............
.....................|.....|.............|............
..-------------------+-----+-----........|............
.....................|.....|.............|............
.....................|.....|.............|............
.......######........|.....|............#H###.........
.......#=#=##........|.....|............#=#=#.........
.......######........|.....|............#####.........
......./########.....|..###H#.......########/.........
.....................|..###=#.........................
.....................|....###.........................
.....................|................................
.....................|................................
......................................................
......................................................
(5,8),(5,10)|(7,10),(7,11)|(7,25),(8,26)|(8,27),(9,26)|(9,27),(10,8)|(10,11),(10,26)|(10,27),(11,26)|(11,27),(13,25)|(13,28),(16,28)|(16,29),(17,5)|(17,7),(17,14)|(17,15),(17,17)|(17,18),(19,5)|(19,7),(19,12)|(19,14),(21,14)|(22,14),(23,12)|(23,14),(24,4)|(24,6),(24,28)|(24,30),(25,14)|(25,15),(26,6)|(26,7),(26,30)|(26,31),(27,6)|(27,30),(28,6)|(28,30),(29,4)|(29,7),(29,28)|(29,31),(31,14)|(31,15),(35,5)|(35,7),(36,14)|(36,15),(36,17)|(36,18),(36,28)|(36,29),(37,5)|(37,7),(40,25)|(40,28),(41,27)|(42,27),(43,26)|(43,27),(44,26)|(44,27),(45,25)|
(24,4),(29,4)|(17,5),(19,5)|(35,5),(37,5)|(24,6),(26,6)|(27,6),(28,6)|(17,7),(19,7)|(26,7),(29,7)|(35,7),(37,7)|(5,8),(10,8)|(5,10),(7,10)|(7,11),(10,11)|(19,12),(23,12)|(17,14),(19,14)|(21,14),(22,14)|(23,14),(25,14)|(31,14),(36,14)|(17,15),(25,15)|(31,15),(36,15)|(17,17),(36,17)|(17,18),(36,18)|(7,25),(13,25)|(40,25),(45,25)|(8,26),(9,26)|(10,26),(11,26)|(43,26),(44,26)|(8,27),(9,27)|(10,27),(11,27)|(41,27),(42,27)|(43,27),(44,27)|(13,28),(16,28)|(24,28),(29,28)|(36,28),(40,28)|(16,29),(36,29)|(24,30),(26,30)|(27,30),(28,30)|(26,31),(29,31)|(7,28),(8,29)|(44,29),(45,28)|