Pièce : CC_A10
taille : 48x35
................................................
...................|............................
...................|............................
..................||............................
................./##........####................
................/###........####................
................####............................
...............-####............................
..............--####......|.....................
................######....|.....................
................######....|.....................
.............|..####......|.....................
.............|..####......|........####.........
.............|..####......|........#=#..........
.......|###..|..####......|........###..........
........###..|...###......|.....|...............
.........|...|..####......|.....|...............
.........|...|..####....##H##...|...###.........
.........|...|..#########################/......
.........|...|..##########################/.....
.........|...|../##########################.....
.........|...|.../#########################.....
.........|###|.........................####--...
........######........####..............=##.....
.....##########......######################.....
.................................##########-+...
..................................=########.|...
.....###########....#######################.|...
...........|...######...|.......|...........|...
.#|#.......|...#=##=#...|.......|...........|...
.#=#-------+---######---+-------+...........|...
.###.......|...######...|.......|..####.....|...
...........+------------+.......+--##=#-----+...
...................................####.........
................................................
(1,29),(1,32)|(2,29),(2,31)|(3,29),(3,31)|(4,29),(4,32)|(5,24),(5,25)|(5,27),(5,28)|(8,14),(8,16)|(8,23),(8,24)|(10,22),(10,23)|(11,14),(11,16)|(13,22),(13,23)|(14,23),(14,24)|(15,24),(15,25)|(15,28),(15,32)|(16,15),(16,16)|(16,27),(16,28)|(16,29),(16,30)|(17,15),(17,16)|(17,29),(17,30)|(19,29),(19,30)|(20,4),(20,9)|(20,11),(20,18)|(20,27),(20,28)|(20,29),(20,30)|(21,24),(21,25)|(21,28),(21,32)|(22,9),(22,11)|(22,23),(22,24)|(24,17),(24,18)|(26,17),(26,18)|(26,23),(26,24)|(27,17),(27,18)|(28,4),(28,6)|(29,17),(29,18)|(32,4),(32,6)|(33,25),(33,26)|(35,12),(35,15)|(35,26),(35,27)|(35,31),(35,34)|(36,13),(36,14)|(36,17),(36,18)|(37,13),(37,14)|(37,32),(37,33)|(38,13),(38,15)|(38,32),(38,33)|(39,12),(39,13)|(39,17),(39,18)|(39,22),(39,23)|(39,31),(39,34)|(41,23),(41,24)|
(20,20),(28,4)|(28,28),(32,6)|(20,20),(22,9)|(20,20),(22,11)|(35,35),(39,12)|(36,36),(37,13)|(38,38),(39,13)|(8,8),(11,14)|(36,36),(37,14)|(16,16),(17,15)|(35,35),(38,15)|(8,8),(11,16)|(16,16),(17,16)|(24,24),(26,17)|(27,27),(29,17)|(36,36),(39,17)|(20,20),(24,18)|(26,26),(27,18)|(29,29),(36,18)|(10,10),(13,22)|(8,8),(10,23)|(13,13),(14,23)|(22,22),(26,23)|(39,39),(41,23)|(5,5),(8,24)|(14,14),(15,24)|(21,21),(22,24)|(26,26),(41,24)|(5,5),(15,25)|(21,21),(33,25)|(33,33),(35,26)|(5,5),(16,27)|(20,20),(35,27)|(5,5),(15,28)|(16,16),(20,28)|(21,21),(43,28)|(1,1),(2,29)|(3,3),(4,29)|(16,16),(17,29)|(19,19),(20,29)|(16,16),(17,30)|(19,19),(20,30)|(2,2),(3,31)|(35,35),(39,31)|(1,1),(4,32)|(15,15),(21,32)|(37,37),(38,32)|(37,37),(38,33)|(35,35),(39,34)|
(16,20),(18,22)|(41,18),(43,20)|
(16,6),(18,4)|
(2.5,29),(2.5,30)|(7.5,14),(7.5,15)|(9.5,16),(9.5,23)|(11.5,28),(13.5,11)|(13.5,23),(18.5,3)|(18.5,4),(19.5,1)|(19.5,4),(24.5,28)|(26.5,8),(26.5,17)|(32.5,15),(32.5,18)|
(4,30.5),(14,8.5)|(15,7.5),(15,30.5)|(16,7.5),(16,8.5)|(21,30.5),(35,32.5)|(39,32.5),(43,22.5)|(43,25.5),(45,22.5)|
end file : CC_A10