Pièce : CC_A17
taille : 48x35
################################################
################################################
################################################
################################################
################################################
######################.###.###.###.###.#########
######################.###.###.###.###.#########
######################.###.###.###.###.#########
######################.###.###.###.###.#########
######################.###.###.###.###.#########
######################.###.###.###.###.#########
######################.###.###.###.###.#########
######################.###.###.###.###.#########
####################.....................#######
#####################....................#######
####################....................########
####################.....................#######
#####################....................#######
####################....................########
####################.....................#######
#####.........##..........................#.####
################..........................######
################............................####
#####.......................................####
###=.........................................=##
#####.......................................####
###=.........................................=##
#####.......................................####
###=.........................................=##
#####.....####..............................####
##################/.####................./######
################################################
################################################
################################################
################################################
(3,24),(3,25)|(3,26),(3,27)|(3,28),(3,29)|(5,20),(5,21)|(5,23),(5,24)|(5,25),(5,26)|(5,27),(5,28)|(5,29),(5,30)|(10,29),(10,30)|(14,20),(14,21)|(14,29),(14,30)|(16,20),(16,23)|(20,13),(20,14)|(20,15),(20,17)|(20,18),(20,20)|(20,30),(20,31)|(21,14),(21,15)|(21,17),(21,18)|(22,5),(22,13)|(23,5),(23,13)|(24,30),(24,31)|(26,5),(26,13)|(27,5),(27,13)|(30,5),(30,13)|(31,5),(31,13)|(34,5),(34,13)|(35,5),(35,13)|(38,5),(38,13)|(39,5),(39,13)|(40,15),(40,16)|(40,18),(40,19)|(41,13),(41,15)|(41,16),(41,18)|(41,19),(41,20)|(42,20),(42,22)|(43,20),(43,21)|(44,20),(44,21)|(44,22),(44,24)|(44,25),(44,26)|(44,27),(44,28)|(44,29),(44,30)|(46,24),(46,25)|(46,26),(46,27)|(46,28),(46,29)|
(22,22),(23,5)|(26,26),(27,5)|(30,30),(31,5)|(34,34),(35,5)|(38,38),(39,5)|(20,20),(22,13)|(23,23),(26,13)|(27,27),(30,13)|(31,31),(34,13)|(35,35),(38,13)|(39,39),(41,13)|(20,20),(21,14)|(20,20),(21,15)|(40,40),(41,15)|(40,40),(41,16)|(20,20),(21,17)|(20,20),(21,18)|(40,40),(41,18)|(40,40),(41,19)|(5,5),(14,20)|(16,16),(20,20)|(41,41),(42,20)|(43,43),(44,20)|(5,5),(14,21)|(43,43),(44,21)|(42,42),(44,22)|(5,5),(16,23)|(3,3),(5,24)|(44,44),(46,24)|(3,3),(5,25)|(44,44),(46,25)|(3,3),(5,26)|(44,44),(46,26)|(3,3),(5,27)|(44,44),(46,27)|(3,3),(5,28)|(44,44),(46,28)|(3,3),(5,29)|(10,10),(14,29)|(44,44),(46,29)|(5,5),(10,30)|(14,14),(20,30)|(24,24),(44,30)|(20,20),(24,31)|
(18,30),(19,31)|
(41,31),(42,30)|


end file : CC_A17