Pièce : CC_B04
taille : 48x80
................................................
............................|...................
............................|...................
............................||..................
............................##/.................
.........................|..###/................
.........................|..####................
.........................|..####-...............
.........................|..####................
.........................|..####-...............
..................|......|..####................
.............###..|......|..####................
.............###..|......|..####................
........########..|.#################...........
..................|.....#############...........
..................|.....#############...........
........########..|.#################...........
..................|..|...|..####................
..................|..|...|..####................
..................|..|...|..####................
................/####H###H######................
.............../################................
.....|.........################/............|...
.....|.....#|#.###############...###........|...
.....|.....###################.######.......|...
.....|..################################....|...
.....|..........################............|...
.....|..........################............|...
.....|..################################....|...
.....|..........################............|...
.....|..........################............|...
....##----------################............|...
....##..........################..........|#H#..
.....#..........################...........###..
.............####################----------###..
.........|...###################................
.........|...###################................
.........|......################................
.........|......################................
.........|......################................
.........|......################.......|........
.........|......################.......|........
.........|.####.###################....|........
...|.....|.####.###################....|........
...|...##################################.......
...|............################................
...|............################............|...
...|...###################################..|...
...|.....|......################.......|....|...
...|.....|......################.......|....|...
...|.....|......################.......|....|...
...|.....|......################.......|....|...
.--+-----+-----#################.......|...#H#..
...|.....|......################.......|...###..
...|.....|......#################------+---###..
..#H#....|......################.......|........
..###....|...###################.......|........
..###....|...###################.......|........
.........|...###################.......|........
.........|......###################....|........
.........|......###################....|........
.........|......###################....|........
.........|......################.......|........
.........|......################.......|........
.........|.....#################.......|........
.....#...|....###################......|........
...####..|...#######################...|........
.############################################...
.############################################...
.####..#####....##########################......
.####..###################################......
..........#########################.....##......
..............#####################.............
..............#####################.............
..............#####################.............
..............#####################.............
..............#####################.............
..............#####################.............
..............#####################.............
..............#####################.............
(1,67),(1,71)|(2,55),(2,58)|(3,55),(3,56)|(3,66),(3,67)|(4,31),(4,33)|(4,55),(4,56)|(5,33),(5,34)|(5,55),(5,58)|(5,65),(5,66)|(5,69),(5,71)|(6,31),(6,34)|(6,65),(6,66)|(7,44),(7,45)|(7,47),(7,48)|(7,66),(7,67)|(7,69),(7,71)|(8,13),(8,14)|(8,16),(8,17)|(8,25),(8,26)|(8,28),(8,29)|(10,71),(10,72)|(11,23),(11,25)|(11,42),(11,44)|(12,23),(12,24)|(12,69),(12,70)|(13,11),(13,13)|(13,23),(13,24)|(13,34),(13,37)|(13,56),(13,59)|(13,66),(13,67)|(14,23),(14,24)|(14,65),(14,66)|(14,72),(14,80)|(15,24),(15,42)|(15,44),(15,52)|(15,53),(15,64)|(16,11),(16,14)|(16,16),(16,17)|(16,26),(16,28)|(16,29),(16,34)|(16,37),(16,44)|(16,45),(16,47)|(16,48),(16,52)|(16,53),(16,56)|(16,59),(16,64)|(16,69),(16,70)|(20,13),(20,14)|(20,16),(20,17)|(21,20),(21,21)|(22,20),(22,21)|(24,14),(24,16)|(25,20),(25,21)|(26,20),(26,21)|(28,4),(28,13)|(28,17),(28,20)|(30,23),(30,25)|(31,24),(31,25)|(32,13),(32,17)|(32,26),(32,28)|(32,29),(32,34)|(32,35),(32,42)|(32,45),(32,47)|(32,48),(32,54)|(32,55),(32,59)|(32,62),(32,65)|(33,23),(33,24)|(33,34),(33,35)|(33,54),(33,55)|(33,65),(33,66)|(35,42),(35,44)|(35,59),(35,62)|(35,71),(35,80)|(36,23),(36,24)|(36,66),(36,67)|(37,13),(37,17)|(37,24),(37,25)|(40,25),(40,26)|(40,28),(40,29)|(40,71),(40,72)|(41,44),(41,45)|(42,47),(42,48)|(42,69),(42,72)|(43,32),(43,35)|(43,52),(43,55)|(44,32),(44,33)|(44,52),(44,53)|(45,32),(45,33)|(45,52),(45,53)|(45,67),(45,69)|(46,32),(46,35)|(46,52),(46,55)|
(13,13),(16,11)|(8,8),(13,13)|(20,20),(28,13)|(32,32),(37,13)|(8,8),(16,14)|(20,20),(24,14)|(8,8),(16,16)|(20,20),(24,16)|(8,8),(16,17)|(20,20),(28,17)|(32,32),(37,17)|(21,21),(22,20)|(25,25),(26,20)|(21,21),(22,21)|(25,25),(26,21)|(11,11),(12,23)|(13,13),(14,23)|(30,30),(33,23)|(12,12),(13,24)|(14,14),(15,24)|(31,31),(33,24)|(36,36),(37,24)|(8,8),(11,25)|(30,30),(31,25)|(37,37),(40,25)|(8,8),(16,26)|(32,32),(40,26)|(8,8),(16,28)|(32,32),(40,28)|(8,8),(16,29)|(32,32),(40,29)|(4,4),(6,31)|(43,43),(44,32)|(45,45),(46,32)|(4,4),(5,33)|(44,44),(45,33)|(5,5),(6,34)|(13,13),(16,34)|(32,32),(33,34)|(32,32),(33,35)|(43,43),(46,35)|(13,13),(16,37)|(11,11),(15,42)|(32,32),(35,42)|(7,7),(11,44)|(15,15),(16,44)|(35,35),(41,44)|(7,7),(16,45)|(32,32),(41,45)|(7,7),(16,47)|(32,32),(42,47)|(7,7),(16,48)|(32,32),(42,48)|(15,15),(16,52)|(43,43),(44,52)|(45,45),(46,52)|(15,15),(16,53)|(44,44),(45,53)|(32,32),(33,54)|(2,2),(3,55)|(4,4),(5,55)|(32,32),(33,55)|(43,43),(46,55)|(3,3),(4,56)|(13,13),(16,56)|(2,2),(5,58)|(13,13),(16,59)|(32,32),(35,59)|(32,32),(35,62)|(15,15),(16,64)|(5,5),(6,65)|(14,14),(15,65)|(32,32),(33,65)|(3,3),(5,66)|(6,6),(7,66)|(13,13),(14,66)|(33,33),(36,66)|(1,1),(3,67)|(7,7),(13,67)|(36,36),(45,67)|(5,5),(7,69)|(12,12),(16,69)|(42,42),(45,69)|(12,12),(16,70)|(1,1),(5,71)|(7,7),(10,71)|(35,35),(40,71)|(10,10),(14,72)|(40,40),(42,72)|(14,14),(35,80)|
(30,4),(32,6)|
(15,22),(17,20)|(31,23),(32,22)|
(3.5,43),(3.5,55)|(5.5,22),(5.5,31)|(9.5,35),(9.5,44)|(9.5,48),(9.5,67)|(12.5,23),(12.5,24)|(18.5,10),(18.5,20)|(21.5,17),(21.5,20)|(25.5,5),(25.5,13)|(25.5,17),(25.5,20)|(28.5,1),(28.5,4)|(29.5,3),(29.5,4)|(39.5,40),(39.5,44)|(39.5,48),(39.5,67)|(42.5,32),(42.5,33)|(44.5,22),(44.5,32)|(44.5,46),(44.5,52)|
(1,52.5),(6,31.5)|(15,52.5),(16,31.5)|(32,7.5),(32,9.5)|(33,7.5),(33,9.5)|(33,34.5),(33,54.5)|(43,34.5),(43,54.5)|
end file : CC_B04