Pièce : CC_B14
taille : 48x78
................................................
................................................
................................|.........|.....
................................|...#####.|.....
...............................-+---#=#=#-+-....
................................|...#####.|.....
................................|.........|.....
...........................###..|.........|.....
...........................#=#--+---------+.....
..........|................###..|...............
..........|.....................|...............
..........|.....................|...............
..........|.....................|...............
...|..#|#.|.....................|...............
...|..###.|.....................................
...|.####.|.....................................
...########.....................................
..##########....................|...............
..##########..|.......|.........|...............
..##########..+-------+.........|..........|....
..##########..|.......|.........|..........|....
..##############......|........######.|....|....
..###########=##......+--------##=#=#-+----+....
..##############......|........######.|....|....
..##########..........|...............|....|....
..##########.........#H#..............|....|....
--##########---------#=#-............-+----+--..
..##########.........###...................|....
..##########...............................|....
..##########...............................|....
..##########..............................#H#...
..##########..............................###...
..##########..............................###...
..##########....................................
..##########....................................
..##########....................................
..##########....................................
..##########....................................
..##########....................................
..###########...................................
..###########...................................
..###########.......................|...........
..##########........................|...........
..##########........................|...........
..##########........................|...........
..##########........................|...........
..##########....................|...|...........
..##########....................|...|...........
..##########....................|...|...........
..##########....................|...|...........
..##########....................+---+...........
..##########....................|...|...........
..##########....................|...|...........
..##########....................|...|...........
..##########................####H###H####.......
..##########................##=##########.......
..##########................#############.......
..##########....................#.#.#...........
..##########....................|...|...........
..##########....................|...|...........
..##########....................|...|...........
..##########....................+---+...........
..##########....................|...|...........
..##########....................|...|...........
..##########....................|...|...........
..##########....................|..-+...........
..##########....................+-..|...........
..###########...................|...|...........
..###########...................|...............
..###########...................|...............
..##########....................|...............
..##########....................................
..##########....................................
..##########....................................
..##########....................................
..##########....................................
..##########....................................
..##########....................................
2,17|2,78|3,17|5,15|5,16|6,13|6,15|9,13|9,16|11,17|12,17|12,21|12,24|12,39|12,42|12,67|12,70|12,78|13,22|13,23|13,39|13,42|13,67|13,70|14,22|14,23|16,21|16,24|21,25|21,28|22,27|23,27|24,25|24,28|27,7|27,10|28,8|28,9|28,54|28,57|29,8|29,9|30,7|30,10|30,55|30,56|31,21|31,24|31,55|31,56|32,57|33,22|33,23|33,57|34,22|34,23|34,57|34,58|35,22|35,23|35,57|35,58|36,3|36,6|36,22|36,23|36,57|37,4|37,5|37,21|37,24|37,57|38,4|38,5|39,4|39,5|40,4|40,5|41,3|41,6|41,54|41,57|42,30|42,33|45,30|45,33|
(2,17),(2,78)|(3,17),(5,15)|(5,16),(6,13)|(6,15),(9,13)|(9,16),(11,17)|(12,17),(12,21)|(12,24),(12,39)|(12,42),(12,67)|(12,70),(12,78)|(13,22),(13,23)|(13,39),(13,42)|(13,67),(13,70)|(14,22),(14,23)|(16,21),(16,24)|(21,25),(21,28)|(22,27),(23,27)|(24,25),(24,28)|(27,7),(27,10)|(28,8),(28,9)|(28,54),(28,57)|(29,8),(29,9)|(30,7),(30,10)|(30,55),(30,56)|(31,21),(31,24)|(31,55),(31,56)|(32,57),(33,22)|(33,23),(33,57)|(34,22),(34,23)|(34,57),(34,58)|(35,22),(35,23)|(35,57),(35,58)|(36,3),(36,6)|(36,22),(36,23)|(36,57),(37,4)|(37,5),(37,21)|(37,24),(37,57)|(38,4),(38,5)|(39,4),(39,5)|(40,4),(40,5)|(41,3),(41,6)|(41,54),(41,57)|(42,30),(42,33)|(45,30),(45,33)|
(36,3),(41,3)|(37,4),(38,4)|(39,4),(40,4)|(37,5),(38,5)|(39,5),(40,5)|(36,6),(41,6)|(27,7),(30,7)|(28,8),(29,8)|(28,9),(29,9)|(27,10),(30,10)|(6,13),(9,13)|(5,15),(6,15)|(5,16),(9,16)|(2,17),(3,17)|(11,17),(12,17)|(12,21),(16,21)|(31,21),(37,21)|(13,22),(14,22)|(33,22),(34,22)|(35,22),(36,22)|(13,23),(14,23)|(33,23),(34,23)|(35,23),(36,23)|(12,24),(16,24)|(31,24),(37,24)|(21,25),(24,25)|(22,27),(23,27)|(21,28),(24,28)|(42,30),(45,30)|(42,33),(45,33)|(12,39),(13,39)|(12,42),(13,42)|(28,54),(41,54)|(30,55),(31,55)|(30,56),(31,56)|(28,57),(32,57)|(33,57),(34,57)|(35,57),(36,57)|(37,57),(41,57)|(34,58),(35,58)|(12,67),(13,67)|(12,70),(13,70)|(2,78),(12,78)|