CC_A03x
48*35|-1|0
7.8785*1.3892|0|0
-220,-30
Border: Passable




8|4|8|0,13,0,0,-1 -1,88 23,12 7,84 21,-1 -1,118 23,12 7,114 21,-1 -1,122 23,14 7,118 21,-1 -1,87 29,12 7,91 31,-1 -1,143 23,12 7,139 21,-1 -1,272 25,86 7,294 27,-1 -1,-1 -1,-1 -1,-1 -1,-1 -1,53 23,12 7,49 21,|0,38,0,0,88 23,-1 -1,84 21,12 7,118 23,-1 -1,114 21,12 7,122 23,-1 -1,118 21,14 7,81 43,-1 -1,77 41,12 7,81 43,-1 -1,77 41,12 7,272 25,-1 -1,250 23,86 7,-1 -1,-1 -1,-1 -1,-1 -1,53 23,-1 -1,49 21,12 7,|1,1,0,0,12 7,84 21,-1 -1,80 19,12 7,114 21,-1 -1,110 19,14 7,118 21,-1 -1,114 19,12 7,83 27,-1 -1,87 29,12 7,139 21,-1 -1,135 19,86 7,250 23,-1 -1,272 25,-1 -1,-1 -1,-1 -1,-1 -1,12 7,49 21,-1 -1,45 19,|1,1,0,0,84 21,12 7,80 19,-1 -1,114 21,12 7,110 19,-1 -1,118 21,14 7,114 19,-1 -1,85 45,12 7,81 43,-1 -1,85 45,12 7,81 43,-1 -1,277 23,86 7,255 21,-1 -1,-1 -1,-1 -1,-1 -1,-1 -1,49 21,12 7,45 19,-1 -1,|
0|0|0|0|0|0|0|0,6|0,6|0,6|0,4,3,6|0|0|0|0|0|0|0|0,2|0|0|0|0|0|0,2,6|0,6|0,4,3,6|0,6|0|0|0|0|0|0|0|0|0|0|0|0|0|0|0,6|0,6|0,6|0,3,6|0|0|0|0|0|0|0|0,2|0|0|0|0|0|0,2,6|0,6|0,3,6|0,6|0|0|0|0|0|0|0|0|0|0|0|0|0|0|0,6|0,6|0,6|0,3,6|0|0|0|0|0|0|0|0,2|0|0|0|0|0|0,2,6|0,6|0,3,6|0,6|0|0|0|0|0|0|0|0|0|0|0|0|0|0|0,1,6|0,1,2,6|0,1,6|0,3,1,6|0,1|0,1|0,1|0,1|0,1|0,1|0,1|0,1,2|0,1|0,1|0,1|0,1|0,1|0,1,2,6|0,1,6|0,1,3,6|0,1,6|0,1|0,1|0|0|0|0|0|0|0|0|0|0|0|0|0,6|0,2,6|0,6|0,3,6|0|0|0|0|0|0|0|0,2|0|0|0|0|0|0,2,6|0,6|0,3,6|0,6|0|0|0|0|0|0|0|0|0|0|0|0|0|0|0,6|0,2,6|0,6|0,3,6|0|0|0|0|0|0|0|0,2|0|0|0|0|0|0,2,6|0,6|0,3,6|0,6|0|0|0|0|0|0|0|0|0|0|0|0|0|0|0,6|0,2,6|0,6|0,3,6|0,6|0|0|0|0|0|0|0,2|0|0|0|0|0|0,2,6|0,6|0,3,6|0,6|0|0|0|0|0|0|0|0|0|0|0|0|0|0|0,6|0,2,6|0,6|0,3,6|0,6|0|0|0|0|0|0|0,2|0|0|0|0|0|0,2,6|0,6|0,3,6|0,6|0|0,2|0|0|0|0|0|0|0|0|0|0|0|0|0,6|0,2,6|0,6|0,3,6|0,6|0|0|0|0|0|0|0,2|0|0|0|0|0,1|0,2,1,6|0,1,6|0,1,3,6|0,1,6|0,1|0,2,1|0|0|0|0|0|0|0|0,2|0|0|0|0|1|1|1|2,3,6|0,6|0|0|0|0|0|0|0,2|0|0|0|0|0|0,2,6|0,6|0,3,6|0,6|0|0,2|0|0|0|0|0|0|0|0,2|0|0|0|0,6|1|1|1|1,3|0,6|0|0|0|0|0|0|0,2|0|0|0|0|0|0,2,6|0,6|0,3,6|0,6|0|0,2|0|0|0|0|0|0|0|0,2|0|0|0|0,6|3,6|4,3,6|1,3|1,3|0,6|0|0|0|0|0|0|0,2|0|0|0|0|0|0,2,6|0,6|0,3,6|0,6|0|0,2|0|0|0|0|0|0|0|0,2|0|0|0|0,6|1|1|1|1|1|1|0|0|0|0|0|0,2|0|0|0|0|0|0,2,6|0,6|0,3,6|0,6|0|0,2|0|0|0|0|0|0|0|0,2|0|0|0,6|0,6|3,6|4,3,6|1,5,3|1|1|1|0,6|0|0|0|0|0,2|0|0|0|0|0|0,2,6|0,6|0,3,6|0,6|0|0,2|0|0|0|0|0|0,1|0,1|0,1,2|0,1|0,1|0,1,6|0,1,6|1|1|1|1|1|1|0,1,6|0,1|0,1|0,1|0,1|0,1,2|0,1|0,1|0|0|0|0,2,6|0,6|0,3,6|0,6|0|0,2|0|0|0|0|0|0|0|0,2|0|0|0,6|0,6|1|1|1|1|1|1|0,6|0|0|0|0|0,2|0|0|0|0|0|0,2,6|0,6|0,3,6|0,6|0|0,2|0|0|0|0|0|0|0|0,2|0|0|0,6|0,6|3,6|4,3,6|1,3|1,3|0,3,6|0,3,6|0,3,6|0,3,6|0,3,6|0,3,6|0,3,6|0,3,6|0,3,6|0,3,6|0,3,6|0,3,6|0,3,6|0,2,6|0,6|0,3,6|0,6|0|0,2|0|0|0|0|0|0|0|0,2|0|0|0|0|1|1|1|1|0|0|0|0|0|0|0|0|0|0|0|0|0,3,6|0,2,6|0,6|0,3,6|0,6|0|0,2|0|0|0|0|0|0|0|0,2|0|0|0|0|1|1|1|2,6|0|0|0|0|0|0|0|0|0|0|0|0|0,3,6|0,2,6|0,6|0,3,6|0,6|0|0,2|0|0|0|0|0|0|0|0,2|0|0|0|0|0|0,2|0|0|0|0|0|0|0|0|0|0|0|0|0|0|0,3,6|0,2,6|0,6|0,3,6|0,6|0|0,2|0|0|0,2|0|0|0|0|0,2|0|0|0|0|0|0,2|0|0|0|0,2|0|0|0|0|0|0,2|0|0|0|0|0,3,6|0,2,6|0,6|0,3,6|0,6|0|0,2|0|0|0,2|0|0|0,1|0,1|0,2,1|0|0|0,1|0,1|0,1|0,1,2|0,1|0,1|0,1|0,1,2|0,1|0,1|0,1|0,1|0,1|0,1,2|0|0|0|0|0,3,6|0,2,6|0,6|0,3,6|0,6|0,1|0,1,2|0,1|0,1|0,1,2|0|0|0|0|0,2|0|0|0|0|0|0,2|0|0|0|0,2|0|0|0|0|0|0,2|0|0|0|0|0,3,6|0,2,6|0,6|0,3,6|0,6|0|0,2|0|0|0,2|0|0|0|0|0,2|0|0|0|0|0|0,2|0|0|0|0,2|0|0|0|0|0|0,2|0|0|0|0|0,3,6|0,2,6|0,6|0,3,6|0,6|0|0,2|0|0|0,2|0|0|0|0|0,2|0|0|0|0|0|0,2|0|0|0|0,2|0|0|0|0|0|0,2|0|0|0|0|0,3,6|0,2,6|0,6|0,3,6|0,3,6|0,3,6|0,2|0|0|0,2|0|0|0|0|0,2|0|0|0|0|0|0,2|0|0|0|0,2|0|0|0|0|0|0,2|0|0|0|0|0,3,6|0,2,6|0,6|0,6|0,6|0,3,6|0,2|0|0|0,2|0|0|0|0|0,2|0|0|0|0|0|0,2|0|0|0|0,2|0|0|0|0|0|0,2|0|0|0|0|0,3,6|0,2,6|0,6|0,6|0,6|0,3,6|0,2|0|0|0,2|0|0|0|0|0,2|0|0|0|0|0|0,2|0|0|0|0,2|0|0|0|0|0|0,2|0|0|0|0|0,3,6|0,2,6|0,6|0,6|0,6|0,3,6|0,2|0|0|0,2|0|0|0,1|0,1|0,2,1|0,1|0,1|0,1|0,1|0,1|0,1,2|0,1|0,1|0,1|0,1,2|0|0|0|0,1|0,1|0,1,2|0,1|0,1|0,1|0,1|0,1,3,6|0,1,2,6|0,1,6|0,1,6|0,1,6|0,1,3,6|0,1,2|0,1|0,1|0,1,2|0,1|0,1|0|0|0,2|0|0|0|0|0|0,2|0|0|0|0,2|0|0|0|0|0|0,2|0|0|0|0|0,3,6|0,2,6|0,6|0,6|0,6|0,3,6|0,2|0|0|0|0|0|0|0|0,2|0|0|0|0|0|0|0|0|0|0,2|0|0|0|0|0|0,2|0|0|0|0|0,3,6|0,2,6|0,6|0,6|0,6|0,3,6|0,2|0|0|0|0|0|0|0|0,2|0|0|0|0|0|0|0|0|0|0,2|0|0|0|0|0|0,2|0|0|0|0|0,3,6|1|1|1|2,6|0,3,6|0,2|0|0|0|0|0|0|0|0,2|0|0|0|0|0|0|0|0|0|0,2|0|0|0|0|0|0,2|0|0|0|0|0,3,6|1|1|1|1|0,3,6|0,2|0|0|0|0|0|0|0|0,2|0|0|0|0|0|0|0|0|0|0,2|0|0|0|0|0|0,2|0|0|0|0|0,3,6|3,6|4,3,6|1,3|1,3|0,3,6|0,2|0|0|0|0|0|0|0|0,2|0|0|0|0|0|0|0|0|0|0,2|0|0|0|0|0|0,2|0|0|0|0|0,3,6|1|1|1|1|1|1|0|0|0|0|0|0|0|0,2|0|0|0|0|0|0|0|0|0|0,2|0|0|0|0|0|0,2|0|0|0|0|0,3,6|3,6|4,3,6|1,5,3|1|1|1|0,6|0|0|0|0|0|0|0,2|0|0|0|0|0|0|0|0|0|0,2|0|0|0|0|0|0,2|0|0|0|0|1,3|1|1|1|1|1|1|0,6|0|0|0|0|0,1|0,1|0,2,1|0,1|0,1|0,1|0,1|0,1|0,1|0,1|0,1|0,1|0,1,2|0,1|0,1|0,1|0,1|0,1|0,1,2|0|0|0|0|1,3|1|1|1|1|1|1|0,6|0|0|0|0|0|0|0,2|0|0|0|0|0|0|0|0|0|0,2|0|0|0|0|0|0,2|0|0|0|0|0,3,6|1|1|1|1|0|0,2|0|0|0|0|0|0|0|0,2|0|0|0|0|0|0|0|0|0|0,2|0|0|0|0|0|0,2|0|0|0|0|0,3,6|3,6|4,3,6|1,3|1,3|0|0,2|0|0|0|0|0|0|0|0,2|0|0|0|0|0|0|0|0|0|0,2|0|0|0|0|0|0,2|0|0|0|0|0,3,6|1|1|1|1,3|0|0,2|0|0|0|0|0|0|0|0,2|0|0|0|0|0|0|0|0|0|0,2|0|0|0|0|0|0,2|0|0|0|0|0,3,6|1|1|1|2,3,6|0|0,2|0|0|0|0|0|0|0,1|0,2,1|0|0|0|0|0|0|0|0|0|0,2|0|0|0|0|0|0,2|0|0|0|0|0,3,6|0,2,3,6|0,3,6|0,3,6|0,3,6|0|0,2|0|0|0|0|0|0|0|0,2|0|0|0|0|0|0|0|0|0|0,2|0|0|0|0|0|0,2|0|0|0|0|0|0,2|0|0|0|0|0,2|0|0|0|0|0|0|0|0,2|0|0|0|0|0|0|0|0|0|0,2|0|0|0|0|0|0,2|0|0|0|0|0|0,2|0|0|0|0|0,2|0|0|0|0|0|0|0|0,2|0|0|0|0|0|0|0|0|0|0,2|0|0|0,1|0,1|0,1|0,1,2|0,1|0,1|0,1|0,1|0,1|0,1,2|0,1|0,1|0,1|0,1|0,1,2|0|0|0|0|0|0|0|0|0|0|0|0|0|0|0|0|0|0,2|0|0|0|0|0|0,2|0|0|0|0|0|0,2|0|0|0|0|0|0|0|0|0|0|0|0|0|0|0|0|0|0|0|0|0|0|0,2|0|0|0|0|0|0,2|0|0|0|0|0|0|0|0|0|0|0|0|0|0|0|0|
