CC_A07
54*35|-1|0
3.9073*9.2050|0|0
-160,-30
Border: Passable




20|8|15|0,3,0,0,1,-1 -1,78 36,105 49,70 32,74 34,-1 -1,-1 -1,-1 -1,-1 -1,78 36,105 49,70 32,74 34,-1 -1,-1 -1,-1 -1,-1 -1,79 36,105 49,71 32,75 34,-1 -1,-1 -1,-1 -1,-1 -1,73 37,100 50,65 33,69 35,-1 -1,-1 -1,-1 -1,-1 -1,73 37,100 50,65 33,69 35,-1 -1,-1 -1,-1 -1,-1 -1,78 36,105 49,70 32,74 34,-1 -1,-1 -1,-1 -1,-1 -1,1519 57,1954 67,1473 37,1488 55,-1 -1,-1 -1,-1 -1,-1 -1,-1 -1,-1 -1,-1 -1,-1 -1,-1 -1,-1 -1,-1 -1,-1 -1,74 38,101 51,66 34,70 36,-1 -1,-1 -1,-1 -1,-1 -1,-1 -1,-1 -1,-1 -1,-1 -1,-1 -1,-1 -1,-1 -1,-1 -1,-1 -1,-1 -1,-1 -1,-1 -1,-1 -1,-1 -1,-1 -1,-1 -1,-1 -1,-1 -1,-1 -1,-1 -1,-1 -1,-1 -1,-1 -1,-1 -1,120 37,146 45,112 33,116 35,-1 -1,-1 -1,-1 -1,-1 -1,-1 -1,-1 -1,-1 -1,-1 -1,-1 -1,-1 -1,-1 -1,-1 -1,78 36,-1 -1,-1 -1,-1 -1,189 72,-1 -1,-1 -1,|0,23,0,0,1,266 52,-1 -1,34 18,16 9,12 7,-1 -1,-1 -1,-1 -1,266 52,-1 -1,34 18,16 9,12 7,-1 -1,-1 -1,-1 -1,856 60,-1 -1,35 18,18 9,14 7,-1 -1,-1 -1,-1 -1,73 37,-1 -1,34 18,16 9,12 7,-1 -1,-1 -1,-1 -1,73 37,-1 -1,34 18,16 9,12 7,-1 -1,-1 -1,-1 -1,266 52,-1 -1,34 18,16 9,12 7,-1 -1,-1 -1,-1 -1,1519 57,-1 -1,1030 23,610 11,506 7,-1 -1,-1 -1,-1 -1,-1 -1,-1 -1,-1 -1,-1 -1,-1 -1,-1 -1,-1 -1,-1 -1,74 38,-1 -1,34 18,16 9,12 7,-1 -1,-1 -1,-1 -1,-1 -1,-1 -1,-1 -1,-1 -1,-1 -1,-1 -1,-1 -1,-1 -1,-1 -1,-1 -1,-1 -1,-1 -1,-1 -1,-1 -1,-1 -1,-1 -1,-1 -1,-1 -1,-1 -1,-1 -1,-1 -1,-1 -1,-1 -1,-1 -1,130 37,-1 -1,90 17,64 9,60 7,-1 -1,-1 -1,-1 -1,-1 -1,-1 -1,-1 -1,-1 -1,-1 -1,-1 -1,-1 -1,-1 -1,206 52,-1 -1,-1 -1,-1 -1,-1 -1,119 41,-1 -1,-1 -1,|1,3,0,0,1,292 65,34 18,-1 -1,42 22,38 20,-1 -1,-1 -1,-1 -1,292 65,34 18,-1 -1,42 22,38 20,-1 -1,-1 -1,-1 -1,881 73,35 18,-1 -1,43 22,39 20,-1 -1,-1 -1,-1 -1,100 50,34 18,-1 -1,42 22,38 20,-1 -1,-1 -1,-1 -1,100 50,34 18,-1 -1,42 22,38 20,-1 -1,-1 -1,-1 -1,292 65,34 18,-1 -1,42 22,38 20,-1 -1,-1 -1,-1 -1,1954 67,1030 23,-1 -1,1107 27,1068 25,-1 -1,-1 -1,-1 -1,-1 -1,-1 -1,-1 -1,-1 -1,-1 -1,-1 -1,-1 -1,-1 -1,101 51,34 18,-1 -1,42 22,38 20,-1 -1,-1 -1,-1 -1,-1 -1,-1 -1,-1 -1,-1 -1,-1 -1,-1 -1,-1 -1,-1 -1,-1 -1,-1 -1,-1 -1,-1 -1,-1 -1,-1 -1,-1 -1,-1 -1,-1 -1,-1 -1,-1 -1,-1 -1,-1 -1,-1 -1,-1 -1,-1 -1,146 45,80 17,-1 -1,88 21,84 19,-1 -1,-1 -1,-1 -1,-1 -1,-1 -1,-1 -1,-1 -1,-1 -1,-1 -1,-1 -1,-1 -1,-1 -1,-1 -1,-1 -1,-1 -1,-1 -1,-1 -1,-1 -1,-1 -1,|1,2,0,0,1,274 56,16 9,42 22,-1 -1,12 7,-1 -1,-1 -1,-1 -1,274 56,16 9,42 22,-1 -1,12 7,-1 -1,-1 -1,-1 -1,848 56,18 9,43 22,-1 -1,14 7,-1 -1,-1 -1,-1 -1,65 33,16 9,42 22,-1 -1,12 7,-1 -1,-1 -1,-1 -1,65 33,16 9,42 22,-1 -1,12 7,-1 -1,-1 -1,-1 -1,274 56,16 9,42 22,-1 -1,12 7,-1 -1,-1 -1,-1 -1,1473 37,610 11,1107 27,-1 -1,506 7,-1 -1,-1 -1,-1 -1,-1 -1,-1 -1,-1 -1,-1 -1,-1 -1,-1 -1,-1 -1,-1 -1,66 34,16 9,42 22,-1 -1,12 7,-1 -1,-1 -1,-1 -1,-1 -1,-1 -1,-1 -1,-1 -1,-1 -1,-1 -1,-1 -1,-1 -1,-1 -1,-1 -1,-1 -1,-1 -1,-1 -1,-1 -1,-1 -1,-1 -1,-1 -1,-1 -1,-1 -1,-1 -1,-1 -1,-1 -1,-1 -1,-1 -1,122 33,64 9,98 21,-1 -1,60 7,-1 -1,-1 -1,-1 -1,-1 -1,-1 -1,-1 -1,-1 -1,-1 -1,-1 -1,-1 -1,-1 -1,-1 -1,-1 -1,-1 -1,-1 -1,-1 -1,-1 -1,-1 -1,-1 -1,|1,2,0,0,1,270 54,12 7,38 20,12 7,-1 -1,-1 -1,-1 -1,-1 -1,270 54,12 7,38 20,12 7,-1 -1,-1 -1,-1 -1,-1 -1,852 58,14 7,39 20,14 7,-1 -1,-1 -1,-1 -1,-1 -1,69 35,12 7,38 20,12 7,-1 -1,-1 -1,-1 -1,-1 -1,69 35,12 7,38 20,12 7,-1 -1,-1 -1,-1 -1,-1 -1,270 54,12 7,38 20,12 7,-1 -1,-1 -1,-1 -1,-1 -1,1488 55,506 7,1069 25,506 7,-1 -1,-1 -1,-1 -1,-1 -1,-1 -1,-1 -1,-1 -1,-1 -1,-1 -1,-1 -1,-1 -1,-1 -1,70 36,12 7,38 20,12 7,-1 -1,-1 -1,-1 -1,-1 -1,-1 -1,-1 -1,-1 -1,-1 -1,-1 -1,-1 -1,-1 -1,-1 -1,-1 -1,-1 -1,-1 -1,-1 -1,-1 -1,-1 -1,-1 -1,-1 -1,-1 -1,-1 -1,-1 -1,-1 -1,-1 -1,-1 -1,-1 -1,-1 -1,126 35,60 7,94 19,60 7,-1 -1,-1 -1,-1 -1,-1 -1,-1 -1,-1 -1,-1 -1,-1 -1,-1 -1,-1 -1,-1 -1,-1 -1,-1 -1,-1 -1,-1 -1,-1 -1,-1 -1,-1 -1,-1 -1,-1 -1,|2,-1,0,-1,1,-1 -1,-1 -1,-1 -1,-1 -1,-1 -1,-1 -1,-1 -1,-1 -1,-1 -1,-1 -1,-1 -1,-1 -1,-1 -1,-1 -1,-1 -1,-1 -1,-1 -1,-1 -1,-1 -1,-1 -1,-1 -1,-1 -1,-1 -1,-1 -1,-1 -1,-1 -1,-1 -1,-1 -1,-1 -1,-1 -1,-1 -1,-1 -1,-1 -1,-1 -1,-1 -1,-1 -1,-1 -1,-1 -1,-1 -1,-1 -1,-1 -1,-1 -1,-1 -1,-1 -1,-1 -1,-1 -1,-1 -1,-1 -1,-1 -1,-1 -1,-1 -1,-1 -1,-1 -1,-1 -1,-1 -1,-1 -1,-1 -1,-1 -1,-1 -1,-1 -1,-1 -1,-1 -1,-1 -1,-1 -1,-1 -1,-1 -1,-1 -1,-1 -1,-1 -1,-1 -1,-1 -1,-1 -1,-1 -1,-1 -1,-1 -1,-1 -1,-1 -1,-1 -1,-1 -1,-1 -1,-1 -1,-1 -1,-1 -1,-1 -1,-1 -1,-1 -1,-1 -1,-1 -1,-1 -1,-1 -1,-1 -1,-1 -1,-1 -1,-1 -1,-1 -1,-1 -1,-1 -1,-1 -1,-1 -1,-1 -1,-1 -1,-1 -1,-1 -1,-1 -1,-1 -1,-1 -1,-1 -1,-1 -1,-1 -1,-1 -1,-1 -1,-1 -1,213 58,119 41,-1 -1,-1 -1,-1 -1,-1 -1,-1 -1,-1 -1,|3,-1,0,-1,4,-1 -1,-1 -1,-1 -1,-1 -1,-1 -1,-1 -1,-1 -1,-1 -1,-1 -1,-1 -1,-1 -1,-1 -1,-1 -1,-1 -1,-1 -1,-1 -1,-1 -1,-1 -1,-1 -1,-1 -1,-1 -1,-1 -1,-1 -1,-1 -1,-1 -1,-1 -1,-1 -1,-1 -1,-1 -1,-1 -1,-1 -1,-1 -1,-1 -1,-1 -1,-1 -1,-1 -1,-1 -1,-1 -1,-1 -1,-1 -1,-1 -1,-1 -1,-1 -1,-1 -1,-1 -1,-1 -1,-1 -1,-1 -1,-1 -1,-1 -1,-1 -1,-1 -1,-1 -1,-1 -1,-1 -1,-1 -1,-1 -1,-1 -1,-1 -1,-1 -1,-1 -1,-1 -1,-1 -1,-1 -1,-1 -1,-1 -1,-1 -1,-1 -1,-1 -1,-1 -1,-1 -1,-1 -1,-1 -1,-1 -1,-1 -1,-1 -1,-1 -1,-1 -1,-1 -1,-1 -1,-1 -1,-1 -1,-1 -1,-1 -1,-1 -1,-1 -1,-1 -1,-1 -1,-1 -1,-1 -1,-1 -1,-1 -1,-1 -1,-1 -1,-1 -1,-1 -1,-1 -1,-1 -1,-1 -1,-1 -1,-1 -1,-1 -1,-1 -1,-1 -1,-1 -1,-1 -1,-1 -1,-1 -1,-1 -1,-1 -1,-1 -1,-1 -1,-1 -1,-1 -1,-1 -1,-1 -1,-1 -1,-1 -1,-1 -1,-1 -1,|4,-1,0,-1,48,-1 -1,-1 -1,-1 -1,-1 -1,-1 -1,-1 -1,-1 -1,-1 -1,-1 -1,-1 -1,-1 -1,-1 -1,-1 -1,-1 -1,-1 -1,-1 -1,-1 -1,-1 -1,-1 -1,-1 -1,-1 -1,-1 -1,-1 -1,-1 -1,-1 -1,-1 -1,-1 -1,-1 -1,-1 -1,-1 -1,-1 -1,-1 -1,-1 -1,-1 -1,-1 -1,-1 -1,-1 -1,-1 -1,-1 -1,-1 -1,-1 -1,-1 -1,-1 -1,-1 -1,-1 -1,-1 -1,-1 -1,-1 -1,-1 -1,-1 -1,-1 -1,-1 -1,-1 -1,-1 -1,-1 -1,-1 -1,-1 -1,-1 -1,-1 -1,-1 -1,-1 -1,-1 -1,-1 -1,-1 -1,-1 -1,-1 -1,-1 -1,-1 -1,-1 -1,-1 -1,-1 -1,-1 -1,-1 -1,-1 -1,-1 -1,-1 -1,-1 -1,-1 -1,-1 -1,-1 -1,-1 -1,-1 -1,-1 -1,-1 -1,-1 -1,-1 -1,-1 -1,-1 -1,-1 -1,-1 -1,-1 -1,-1 -1,-1 -1,-1 -1,-1 -1,-1 -1,-1 -1,-1 -1,-1 -1,-1 -1,-1 -1,-1 -1,-1 -1,-1 -1,-1 -1,-1 -1,-1 -1,-1 -1,-1 -1,-1 -1,-1 -1,-1 -1,-1 -1,-1 -1,-1 -1,-1 -1,-1 -1,-1 -1,-1 -1,-1 -1,|
0,6|0,6|0,6|0,6|1|1|1|1|1|1|1|1|1|1|1|1|1|1|1|1|1|1|1|1|1|1|1|1|1|1|1|1|1|1|1|0,6|0,6|0,6|0,6|0,6|0,6|0,6|0,6|0,6|1|1|1|1|1|1|1|1|1|1|1|1|1,3|1|1,4,3|1|1|1|1|1|1|1|1|1|1|1|0,6|0,6|0,6|0,6|0,6|0,6|0,6|0,6|0,6|0,6|1|1|1|1|1|1|1|1|1|1|1|1,3|1|1,3|1|1|1|1|1|1|1|1|1|1|1|0,6|0,6|0,6|0,6|0,6|0,6|0,6|0,6|0,6|0,6|0,6|1|1|1|1|1|1|1|1|1|1|1,3|1|1,3|1|1|1|1|1|1|1|1|1|1|1|0|0|0|0|0|0|0|0|0|0|0|0|0|0|0|0|0|0|0|0|1|4,3,6|1|4,3,6|1|1|1|1|1|1|1|1|1|1|1|0|0|0|0|0|0|0|0|0|0|0|0|0|0|0|0|0|0|0|0|1|0,6|1|0,6|1|1|1|1|1|1|1|1|1|1|1|0|0|0|0|0|0|0|0|0|0|0|0|0|0|0|0|0|0|0|0|0|0|0|0,6|1|1|1|1|1|1|1|1|1|1|1|0|0|0|0|0|0|0|0|0|0|0|0|0|0|0|0|0|0|0|0|0|0|0|0,6|1|1,3|1|1|1|1|1|1|1|1|1|0|0|0|0|0|0|0|0|0|0|0|0|0|0|0|0|0|0|0|0|0|0|0,6|0,6|1|1,3|1|1|1|1|1|1|1|1|1|0,6|0,6|0,6|0,6|0,6|0,6|0,6|0,6|0,6|0,6|0,6|0,6|0,6|0,6|0,6|0,6|0,6|0,6|0,6|0,6|0,6|0,6|0,6|1|1|1,3|1|1,3|1,3|1,3|1,3|1|1|1|1|0,6|0,6|0,6|0,6|0,6|0,6|0,6|0,6|0,6|0,6|0,6|0,6|0,6|0,6|0,6|0,6|0,6|0,6|0,6|0,6|0,6|0,6|0,6|1|1|1,3|1|1,3|1|1|1,3|1|1|1|1|0,6|0,6|0,6|0,6|0,6|0,6|0,6|0,6|0,6|0,6|0,6|0,6|0,6|0,6|0,6|0,6|0,6|0,6|0,6|0,6|0,6|0,6|0,6|1|1|1,3|1|1,3|1|1|1,3|1|1|1|1|0,6|0,6|0,6|0,6|0,6|0,6|0,6|0,6|0,6|0,6|0,6|0,6|0,6|0,6|0,6|0,6|0,6|0,6|0,6|0,6|0,6|0,6|0,6|0,6|1|1,3|1|1,3|1|1|1,3|1|1|1|1|0,6|0,6|0,6|0,6|0,6|0,6|0,6|0,6|0,6|0,6|0,6|0,6|0,6|0,6|0,6|0,6|0,6|0,6|0,6|0,6|0,6|0,6|0,6|0,6|1|4,3,6|1|4,3,6|1|1|1,3|1|1|1|1|0,6|0,6|0,6|0,6|0,6|0,6|0,6|0,6|0,6|0,6|0,6|0,6|0,6|0,6|0,6|0,6|0,6|0,6|0,6|0,6|0,6|0,6|0,6|0,6|1|0,6|1|0,6|1|1|1,3|1|1|1|1|0,6|0,6|0,6|0,6|0,6|0,6|0,6|0,6|0,6|0,6|0,6|0,6|0,6|0,6|0,6|0,6|0,6|0,6|0,6|0,6|0,6|0,6|0,6|0,6|0,6|0,6|0,6|0,6|1|1|1,3|1|1|1|1|0,6|0,6|0,6|0,6|0,6|0,6|1|1|1|0,6|0,6|0,6|0,6|0,6|0,6|0,6|0,6|0,6|1|1|0,6|0,6|0,6|0,6|0,6|0,6|0,6|0,6|1|1|1,3|1|1|1|1|0,6|0,6|0,6|0,6|0,6|0,6|1|1|1|0,6|0,6|0,6|0,6|0,6|0,6|0,6|0,6|0,6|1|1|0,6|0,6|0,6|0,6|0,6|0,6|0,6|1|1|1|1,3|1|1|1|1|0,6|0,6|0,6|0,6|0,6|0,6|3,6|4,3,6|1,3|0,3,6|0,3,6|0,3,6|0,3,6|0,3,6|0,3,6|0,3,6|0,3,6|1,3|1,3|1,3|0,3,6|0,3,6|0,3,6|0,3,6|0,3,6|0,3,6|1,3|1,3|1,3|1,3|1,3|1|1|1|1|0|0|0|0|0|0|1|1|1|0|0|0|0|0|0|0|1|1|1|1|0|0|0|0|0|0|0|1|1|1|1|1|1|1|1|0|0|0|0|0|0|0|1|1|0|0|0|0|0,2|0|0|0|1|1|1|0|0|0|0|0|0|0|1|1|1|1|1|1|1|1|0|0|0|0|0|0|0|1|1|0|0|0|0,6|0,2,6|0,6|0,6|0,6|0,6|1|1|0|0|0|0|0|0|0|0|1|1|1|1|1|1|1|0|0|0|0|0|0|0|3,6|0,6|0|0|0|0,6|0,2,6|0,6|0,6|0,6|0,6|1|1|0,6|0,6|0,6|0,6|0,6|0,6|0,6|0,6|1|1|1|1|1|1|1|0|0|0|0,1|0,1|0,1|0,1|3,1,6|0,1,6|0,1|0,1|0,1|0,1|0,1,2|0,1|0,1|0,1|0,1|1|1|0|0|0|0|0|0|0|0|1|1|1|1|1|1|1|0|0|0|0|0|0|0|0,6|0,6|0|0|0|0|0,2|0|0|0|0|1|1|0|0|0|0|0|0|0|0|2,6|1|1|1|1|1|1|0|0|0|0|0|0|0|0,6|0,6|0|0|0,6|0,6|0,2,6|0,6|0,6|0,6|0,6|0,6|0,6|0|0|0|0,6|0|0|0|0|0,6|1|1|1|1|1|1|0|0|0|0|0|0|0|0,6|0,6|0|0|0,6|0,6|0,2,6|0,6|0,6|0,6|0,6|0,6|0,6|0|0|0,6|0,6|0,6|0|0|0|0,6|1|1|1|1|1|1|0|0|0|0|0|0|0|0,6|0,6|0|0|0|0|0,2|0|0|0|0|0,6|0,6|0|0|0|0,6|0|0|0|0|0,6|1|1|1|1|1|1|0|0|0|0|0|0|0|0,6|0,6|0|0|0|0|0,2|0|0|0|0|0,6|0,6|0|0|0|0|0|0|0|0|0,6|1|1|1|1|1|1|0|0|0|0|0|0|0|0,6|0,6|0|0|0|0|0,2|0|0|0|0|0,6|0,6|0|0|0|0,6|0|0|0|0|0,6|3,6|4,3,6|1,3|1,5,3|1|1|0|0|0|0|0|0|0|0,6|0,6|0|0|0|0|0,2|0|0|0|0|0,6|0,6|0|0|0,6|0,6|0,6|0|0|0|0,6|1|1|1|1|1|1|0|0|0|0|0|0|0|0,6|0,6|0|0|0|0|0,2|0|0|0|0|0,6|0,6|0|0|0|0,6|0|0|0|0|0,6|3,6|4,3,6|1,3|1,5,3|1|1|0|0|0|0|0|0|0|0,6|0,6|0|0|0|0|0,2|0|0|0|0|0,6|0,6|0|0|0|0|0|0|0|0|0,6|1|1|1|1|1|1|0|0|0|0|0|0|0|0,6|0,6|0|0|0,1|0,1|0,2,1|0,1|0,1|0,1|0,1|0,1,6|0,1,6|0,1|0,1|0,1|0,1,6|0,1|0,1|0,1|0,1|0,1,6|3,6|4,3,6|1,3|1,3|1,3|1|0|0|0|0|0|0|0|0,6|0,6|0|0|0|0,6|0,2,6|0,6|0,6|0,6|0,6|0,6|0,6|0|0|0,6|0,6|0,6|0|0|0|0,6|1|1|1|1|1,3|1|0|0|0|0|0|0|0|0,6|0,6|0|0|0|0,6|0,2,6|0,6|0,6|0,6|0,6|0,6|0,6|0|0|0|0,6|0|0|0|0|0,6|1|1|1|1|1,3|1|0|0|0|0|0|0|0|0,6|0,6|0|0|0|0|0,2|0|0|0|0|0,6|0,6|0|0|0|0|0|0|0|0|0,6|1|1|1|1|1,3|1|0|0|0|0|0|0|0|0,6|0,6|0|0|0|0|0,2|0|0|0|0|1|1|0|0|0|0|0|0|0|0|2,6|1|1|1|1|1,3|1|0|0|0|0|0|0,1|0,1|3,1,6|0,1,6|0,1|0,1|0,1|0,1|0,1,2|0,1|0,1|0,1|0,1|1|1|0|0|0|0|0|0|0|0|1|1|1|1|1|1,3|1|0|0|0|0|0|0|0|3,6|0,6|0|0|0|0|0,2|0|0|0|0|1|1|0,6|0,6|0,6|0,6|0,6|0,6|0,6|0,6|1|1|1|1|1|1,3|1|0|0|0|0|0|0|0|3,6|0,6|0|0|0|0|0,2,6|0,6|0,6|0,6|0,6|1|1|0|0|0|0|0|0|0|1|1|1|1|1|1|1,3|1|0|0|0|0|0|0|0|1|1|0|0|0|0|0,6|0,6|0,6|0,6|0,6|1|1|0|0|0|0|0|0|0,6|1|1|1|1|1|1|1,3|1|0|0|0|0|0|0|0|1|1|1|1|0|0|0|0|0|0|0,6|1|1|0|0|0|0|0|0|0,6|1|1|1|1|1|1|1,3|1|0|0|0|0|0|0|0|1|1|1|1|0|0|0|0|0|0,6|0,6|1|1|0|0|0|0|0|0|0|0,6|1|1|1|1|1|1,3|1|0|0|0|0|0|0|1|1|1|1|1|1|0|0|0|0|0,6|1|1|1|0|0|0|0|0|0|0|0|1|1|1|1|1|1,3|1|0,6|0,6|0,6|0,6|0,6|0,6|1|1|1|1|1|1|0,6|0,6|0,6|0,6|0,6|3,6|4,3,6|1,9,3|0,6|0,6|0,6|0,6|1|0,6|1|0,6|1|1|1|1|1|1,3|1|0,6|0,6|0,6|0,6|0,6|0,6|3,6|4,3,6|1,3|0,6|0,6|0,6|0,6|0,6|0,6|0,6|0,6|1|1|1|0,6|0,6|0,6|0,6|1|4,3,6|1|4,3,6|1|1|1|1|1|1,3|1|0,6|0,6|0,6|0,6|0,6|0,6|1|1|1,3|0,6|0,6|0,6|0,6|0,6|0,6|0,6|1|1|1|1|0,6|0,6|0,6|0,6|1|1,3|1|1,3|1|1|1|1|1|1,3|1|1|1|1|1|1|1|1|1|1,3|1|1|1|1|1|1|1|1|1|1|1|1|1|1|1|1|1,9,3|1|1,3|1|1|1|1|1|1,3|1|1|1|1|1|1|1|1|1|1,3|1|1|1|1|1|1|1|1|1|1|1|1|1|1|1|1|1|1|1,5,3|1|1|1|1|1|1,3|1|1|1|1|1|1|1|1|1|1,12,3|1|1|1|1|1|1|1|1|1|1|1|1|1|1|1|1|1|1|1|1|1|1|1|1|1,3|1|1|1|1|1|1|1|1|1|1|1|1|1|1|1|1|1|1|1|1|1|1|1|1|1|1|1|1|1|1|1|1|1|1|1,3|1|1|1|1|1|1|1|1|1|1|1|1|1|1|1|1|1|1|1|1|1|1|1|1|1|1|1|1|1|1|1|1|1|1|1,3|1|1|1|1|1|1|1|1|1|1|1|1|1|1|1|1|1|1|1|1|1|1|1|1|1|1|1|1|1|1|1|1|1|1|1,4,3|1|
