CC_B02x
104*35|-1|0
2.2368*3.3162|0|0
-220,-30|804,-41
Border: Passable




8|6|8|0,11,0,0,-1 -1,198 54,12 7,94 34,65 18,194 52,-1 -1,243 68,12 7,113 34,85 18,239 66,-1 -1,249 68,14 7,117 34,89 18,245 66,-1 -1,233 120,12 7,111 56,85 46,229 118,-1 -1,233 120,12 7,111 56,85 46,229 118,-1 -1,382 126,86 7,233 67,254 28,382 126,-1 -1,-1 -1,-1 -1,-1 -1,-1 -1,-1 -1,-1 -1,124 54,12 7,71 34,40 18,120 52,|0,23,0,1,198 54,-1 -1,194 52,113 39,141 41,12 7,243 68,-1 -1,239 66,138 39,182 41,12 7,249 68,-1 -1,245 66,142 39,186 41,14 7,209 111,-1 -1,205 109,121 66,164 83,12 7,224 117,-1 -1,220 115,121 66,164 83,12 7,328 128,-1 -1,383 122,258 84,396 45,86 7,-1 -1,-1 -1,-1 -1,-1 -1,-1 -1,-1 -1,124 54,-1 -1,120 52,83 39,92 41,12 7,|1,1,0,0,12 7,194 52,-1 -1,90 32,61 16,190 50,12 7,239 66,-1 -1,109 32,81 16,235 64,14 7,245 66,-1 -1,113 32,85 16,241 64,12 7,229 118,-1 -1,107 54,81 44,225 116,12 7,229 118,-1 -1,107 54,81 44,225 116,86 7,383 122,-1 -1,234 63,239 16,383 122,-1 -1,-1 -1,-1 -1,-1 -1,-1 -1,-1 -1,12 7,120 52,-1 -1,67 32,36 16,116 50,|1,1,0,1,94 34,113 39,90 32,-1 -1,91 32,109 37,113 34,138 39,109 32,-1 -1,110 32,134 37,117 34,142 39,113 32,-1 -1,114 32,138 37,111 56,153 63,107 54,-1 -1,100 53,149 61,111 56,159 39,107 54,-1 -1,100 53,155 37,254 67,267 78,300 61,-1 -1,370 54,267 78,-1 -1,-1 -1,-1 -1,-1 -1,-1 -1,-1 -1,71 34,83 39,67 32,-1 -1,67 32,79 37,|1,1,0,0,65 18,141 41,61 16,91 32,-1 -1,137 39,85 18,182 41,81 16,110 32,-1 -1,178 39,89 18,186 41,85 16,114 32,-1 -1,182 39,85 46,164 83,81 44,101 53,-1 -1,160 81,85 46,164 83,81 44,101 53,-1 -1,160 81,278 30,395 41,239 16,345 52,-1 -1,391 39,-1 -1,-1 -1,-1 -1,-1 -1,-1 -1,-1 -1,40 18,92 41,36 16,67 32,-1 -1,88 39,|1,1,0,1,194 52,12 7,190 50,109 37,137 39,-1 -1,239 66,12 7,235 64,134 37,178 39,-1 -1,245 66,14 7,241 64,138 37,182 39,-1 -1,205 109,12 7,201 107,117 64,160 81,-1 -1,220 115,12 7,216 113,117 64,160 81,-1 -1,332 130,86 7,387 124,262 86,392 43,-1 -1,-1 -1,-1 -1,-1 -1,-1 -1,-1 -1,-1 -1,120 52,12 7,116 50,79 37,88 39,-1 -1,|
0|0|0|0|0|0|0|0|0,6|0,2,6|0,6|0,6|0,4,3,6|0|0|0|0|0|0|0|0|0|0|0|0|0|0,6|0,6|0,6|0,6|0|0|0|0|0|0|0|0|0|0|0|0|0|0,6|0,2,6|0,6|0,6|0,3,6|0|0|0|0|0|0|0|0|0|0|0|0|0|0,6|0,6|0,6|0,6|0|0|0|0|0|0|0|0|0|0|0|0|0|0,6|0,2,6|0,6|0,6|0,3,6|0|0|0|0|0|0|0|0|0|0|0|0|0|0,6|0,6|0,6|0,6|0|0|0|0|0|0|0|0|0|0,1|0,1|0,1|0,1|0,1,6|0,2,1,6|0,1,6|0,1,6|0,3,1,6|0,1|0,1|0,1|0,1|0,1|0,1|0,1|0,1|0,1|0,1,2|0,1|0,1|0,1|0,1,6|0,1,6|0,1,6|0,1,6|0,1|0,1|0|0|0|0|0|0|0|0|0|0|0|0,6|0,2,6|0,6|0,6|0,3,6|0|0|0|0|0|0|0|0|0|0,2|0|0|0|0,6|0,6|0,6|0,6|0|0|0|0|0|0|0|0|0|0|0|0|0|0,6|0,2,6|0,6|0,6|0,3,6|0|0|0|0|0|0|0|0|0|0,2|0|0|0|0,6|0,6|0,6|0,6|0|0|0|0|0|0|0|0|0|0|0|0|0|1|1|1|2,6|0,3,6|0|0|0|0|0|0|0|0|0|0,2|0|0|0|0,6|0,6|0,6|0,6|0|0|0|0|0|0|0|0|0|0|0|0|0|1|1|1|1|0,3,6|0|0|0|0|0|0|0|0|0|0,2|0|0|0|0,6|0,6|0,6|0,6|0|0|0|0|0|0|0|0|0|0,6|0,6|0,6|0,6|3,6|4,3,6|1,3|1,3|0,3,6|0|0|0|0|0|0|0|0|0|0,2|0|0|0|0,6|0,6|0,6|0,6|0|0|0|0|0|0|0|0|0|0,6|0,6|0,6|0,6|1|1|1|1|0,6|0|0|0|0|0|0|0|0|0|0,2|0|0|0|0,6|0,6|0,6|0,6|0|0|0|0|0|0|0|0|0|0|0,6|0,6|0,6|3,6|4,3,6|1,5,3|1|0|0|0|0|0|0|0|0|0|0|0,2|0|0|0|0,6|0,2,6|0,6|0,6|0|0|0|0|0|0|0|0|0|0|0,6|0,6|0,6|1|1|1|1|1|1|0|0|0|0|0|0|0|0|0,2|0|0|0|0,6|0,2,6|0,6|0,6|0|0|0|0|0|0|0|0|0|0|0|0|0|1|1|1|1|1|1|0|0|0|0|0|0|0|0|0,2|0|0|0|0,6|0,2,6|0,6|0,6|0|0|0|0|0|0|0|0|0|0|0|0|0|1|1|1|1|1|1|1|0|0|0|0|0|0|0|0,2|0|0|0|0,6|0,2,6|0,6|0,6|0|0|0|0|0|0|0|0,1|0,1|0,1,6|0,1,6|0,1,6|0,1,6|3,1,6|4,3,6|1,3|1,3|1,3|1,3|1|0,1|0,1|0,1|0,1|0,1|0,1|0,1|0,2,1|0,1|0,1|0,1|0,1,6|0,2,1,6|0,1,6|0,1,6|0,1|0,1|0,1|0,1|0|0|0|0|0|0,6|0,6|0,6|0,6|1|1|1|1|0,6|0,3,6|0,3,6|0,3,6|0,3,6|0,3,6|0,3,6|0,3,6|0,3,6|0,3,6|0,3,2,6|0,3,6|0,3,6|0,3,6|0,3,6|0,3,2,6|0,3,6|0,3,6|0,3,6|0|0|0|0|0|0|0|0|0|0,6|0,6|0,6|3,6|4,3,6|1,3|1,3|0,3,6|0|0|0|0|0|0|0|0|0|0,2|0|0|0|0,6|0,2,6|0,6|0,6|0,3,6|0|0|0|0|0|0|0|0|0|0,6|0,6|0,6|1|1|1|1|0,3,6|0|0|0|0|0|0|0|0|0|0,2|0|0|0|0,6|0,2,6|0,6|0,6|0,3,6|0|0|0|0|0|0|0|0|0|0|0|0|1|1|1|2,6|0,3,6|0|0|0|0|0|0|0|0|0|0,2|0|0|0|0,6|0,2,6|0,6|0,6|0,3,6|0|0|0|0|0|0|0|0|0|0|0|0|0,6|0,2,6|0,6|0,6|0,3,6|0|0|0|0|0|0|0|0|0|0,2|0|0,6|0,6|0,6|0,2,6|0,6|0,6|0,3,6|0|0|0|0|0|0|0|0|0|0|0|0|0,6|0,2,6|0,6|0,6|0,3,6|0|0|0|0|0|0|0|0|0|0,2|0|0,6|0,6|0,6|0,2,6|0,6|0,6|0,3,6|0|0|0|0|0|0|0|0|0|0|0|0|0,6|0,2,6|0,6|0,6|0,3,6|0|0|0|0|0|0|0|0|0|0,2|0|0,6|0,6|0,6|0,2,6|0,6|0,6|0,3,6|0|0|0|0|0|0|0|0|0|0|0|0|0,6|0,2,6|0,6|0,6|0,3,6|0|0|0|0|0|0|0|0|0|0,2|0|0,6|0,6|0,6|0,2,6|0,6|0,6|0,3,6|0|0|0|0|0|0|0|0|0|0|0|0|0,6|0,2,6|0,6|0,6|0,3,6|0|0|0|0|0|0|0|0|0|0,2|0|0,6|0,6|1|1|1|2,6|0,3,6|0|0|0|0|0|0|0|0|0|0|0|0|0,6|0,2,6|0,6|0,6|0,3,6|0|0|0|0|0|0|0|0|0|0,2|0|0,6|0,6|1|1|1|1|0,3,6|0|0|0|0|0|0|0|0|0|0|0|0|0,6|0,2,6|0,6|0,6|0,3,6|0|0|0|0|0|0|0|0|0|0,2|0|0,6|0,6|3,6|4,3,6|1,3|1,3|0,3,6|0|0|0|0|0|0|0|0|0|0|0|0|0,6|0,2,6|0,6|0,6|0,3,6|0|0|0|0|0|0|0|0|0|0,2,6|0,6|0,6|0,6|1|1|1|1|0,6|0|0|0|0|0|0|0|0|0|0|0|0|0,6|0,2,6|0,6|0,6|0,3,6|0|0|0|0|0|0|0|0|0|0,2,6|0,6|0,6|0,6|3,6|4,3,6|1,5,3|1|0,6|0|0|0|0|0|0|0|0|0|0|0|0|0,6|0,2,6|0,6|0,6|0,3,6|0|0|0|0|0|0|0|0|0|0,2,6|0,6|0,6|0,6|1|1|1|1|0|0|0|0|0|0|0,1|0,1|0,1|0,1|0,1|0,1|0,1|0,1,6|0,2,1,6|0,1,6|0,1,6|0,3,1,6|0,1|0,1|0,1|0,1|0,1|0,1|0,1|0,1|0,1|0,1,2|0,1|0,1|0,1|1|1|1|1|0,1,6|0,1,6|0,1|0,1|0,1|0|0|0|0|0|0|0|0|0,6|0,2,6|0,6|0,6|0,3,6|0|0|0|0|0|0|0|0|0|0|0|0|0|1|1|1|1|0,6|0,6|0|0|0|0|0|0|0|0|0|0|0|0,6|0,2,6|0,6|0,6|0,3,6|0|0|0|0|0|0|0|0|0|0|0|0|0,3,6|1,3|1,3|1,3|1,3|0,6|0,6|0|0|0|0|0|0|0|0|0|0|0|0,6|0,2,6|0,6|0,6|0,3,6|0|0|0|0|0|0|0|0|0|0|0|0,6|0,3,6|1|1|1|1,3|0,6|0,6|0,6|0|0|0|0|0|0|0|0|0|0|0,6|0,2,6|0,6|0,6|0,3,6|0|0|0|0|0|0|0|0|0|0|0|0,6|0,3,6|3,6|4,3,6|1,3|1,3|0,6|0,6|0,6|0|0|0|0|0|0|0|0|0|0|0,6|0,2,6|0,6|0,6|0,3,6|0|0|0|0|0|0|0|0|0|0|0,6|0,6|0,3,6|1|1|1|1|0|0|0|0|0|0|0|0|0|0|0|0|0|0,6|0,2,6|0,6|0,6|0,3,6|0|0|0|0|0|0|0|0|0|0|0,6|0,6|0,3,6|3,6|4,3,6|1,3|1,3|0,3,6|0|0|0|0|0|0|0|0|0|0|0|0|0,6|0,2,6|0,6|0,6|0,3,6|0|0|0|0|0|0|0|0|0|0|0|0|0,3,6|1|1|1|1|0,3,6|0|0|0|0|0|0|0|0|0,1|0,1|0,1|0,1|0,1,6|0,2,1,6|0,1,6|0,1,6|0,3,1,6|0,1|0,1|0|0|0|0|0|0|0|0|0|0|0,3,6|1|1|1|2,6|0,3,6|0|0|0|0|0|0|0|0|0|0|0|0|0,6|0,2,6|0,6|0,6|0,3,6|0|0|0|0|0|0|0|0|0|0|0|0|0,3,6|0,6|0,2,6|0,6|0,6|0,3,6|0|0|0|0|0|0|0|0|0|0|0|0|0,6|0,2,6|0,6|0,6|0,3,6|0|0|0|0|0|0|0|0|0|0|0|0|0,3,6|0,6|0,2,6|0,6|0,6|0,3,6|0|0|0|0|0|0|0|0|0|0|0|0|1|1|1|2,6|0,3,6|0|0|0|0|0|0|0|0|0|0|0|0|0,3,6|0,6|0,2,6|0,6|0,6|0,3,6|0|0|0|0|0|0|0|0|0|0|0|0,6|1|1|1|1|0,3,6|0|0|0|0|0|0|0|0|0|0|0|0|0,3,6|0,6|0,2,6|0,6|0,6|0,3,6|0|0|0|0|0|0|0|0|0|0|0|0,6|3,6|4,3,6|1,3|1,3|0,3,6|0|0|0|0|0|0|0|0|0|0|0|0|0,3,6|0,6|0,2,6|0,6|0,6|0,3,6|0|0|0|0|0|0|0|0|0|0|0|0,6|1|1|1|1|0|0|0|0|0|0|0|0|0|0|0|0|0|0,3,6|0,6|0,2,6|0,6|0,6|0,3,6|0|0|0|0|0|0|0|0|0|0,6|0,6|0,6|3,6|4,3,6|1,3|1,3|0,3,6|0,3,6|0,3,6|0,3,6|0,3,6|0,3,6|0,3,6|0,3,6|0,3,6|0,3,6|0,3,6|0,3,6|0,3,6|0,3,6|0,3,6|0,3,2,6|0,3,6|0,3,6|0,3,6|0|0|0|0|0|0|0|0|0|0,6|0,6|0,6|1|1|1|1|0|0|0|0|0|0|0|0|0|0|0|0|0|0,3,6|0,6|0,2,6|0,6|0,6|0|0|0|0|0|0|0|0|0|0|0|0|0|1|1|1|1|0|0|0|0|0|0|0|0|0|0|0|0|0|0,3,6|0,6|0,2,6|0,6|0,6|0|0|0|0|0|0|0|0|0|0|0|0|1|1|1|1|1|0,6|0,6|0|0|0|0|0|0|0|0|0|0|0|0,3,6|0,6|0,2,6|0,6|0,6|0|0|0|0|0|0|0|0|0|0|0|0|1|1|1|1|1|0,6|0,6|0|0|0|0|0|0|0|0|0|0|0|0,3,6|0,6|0,2,6|0,6|0,6|0|0|0|0|0|0|0|0|0|0|0|1|1|1|1|1|1|1|1|0|0|0|0|0|0|0|0|0|0|0|0,3,6|0,6|0,2,6|0,6|0,6|0|0|0|0|0|0|0|0|0|0|0|0|1|1|1|1|1|1|1|0|0|0|0|0|0|0|0|0|0|0|0,3,6|0,6|0,2,6|0,6|0,6|0|0|0|0|0|0|0,1|0,1|0,1|0,1|0,1|0,1|1|1|1|1|1|1|1|0,1,6|0,1|0,1|0,1|0,1|0,1,2|0,1|0,1|0,1|0,1|0,1|0,3,1,6|0,1,6|0,2,1,6|0,1,6|0,1,6|0,1|0,1|0|0|0|0|0|0|0|0|0|0,6|0,6|1|1|1|1|1|1|0,6|0|0|0|0|0,2|0|0|0|0|0|0,3,6|0,6|0,2,6|0,6|0,6|0|0|0|0|0|0|0|0|0|0|0|0,6|0,6|1|1|1|1|0|0|0|0|0|0|0|0,2|0|0|0|0|0|0,3,6|0,6|0,2,6|0,6|0,6|0|0|0|0|0|0|0|0|0|0|0|0,6|0,6|3,6|4,3,6|1,5,3|1|0|0|0|0|0|0|0|0,2|0|0|0|0|0|0,3,6|0,6|0,2,6|0,6|0,6|0|0|0|0|0|0|0|0|0|0|0|0,6|0,6|1|1|1|1|0|0|0|0|0|0|0|0,2|0|0|0|0|0|0,3,6|0,6|0,2,6|0,6|0,6|0|0|0|0|0|0|0|0|0|0|0,6|0,6|0,6|3,6|4,3,6|1,3|1,3|0,3,6|0,3,6|0,3,6|0,3,6|0,3,6|0,3,6|0,3,6|0,3,2,6|0,3,6|0,3,6|0,3,6|0,3,6|0,3,6|0,3,6|0,3,6|0,3,2,6|0,3,6|0,3,6|0,3,6|0,6|0|0|0|0|0|0|0|0|0,6|0,6|0,6|1|1|1|1|0|0|0|0|0|0|0|0,2|0|0|0|0|0|0,3,6|0,6|0,2,6|0,6|0,6|0,3,6|0,6|0|0|0|0|0|0|0|0|0|0|0|1|1|1|2,6|0|0|0|0|0|0|0|0,2|0|0|0|0|0|0,3,6|0,6|0,2,6|0,6|0,6|0,3,6|0|0|0|0|0|0|0|0|0|0|0|0|0|0,2|0|0|0|0|0|0|0|0|0|0,2|0|0|0|0|0|0,3,6|0,6|0,2,6|0,6|0,6|0,3,6|0|0|0|0|0|0|0|0|0|0|0|0|0|0,2|0|0|0|0|0|0|0|0|0|0,2|0|0|0|0|0|0,3,6|0,6|0,2,6|0,6|0,6|0,3,6|0|0|0|0|0|0|0|0|0|0|0|0|0|0,2|0|0|0|0|0|0|0|0|0|0,2|0|0|0|0|0|0,3,6|0,6|0,2,6|0,6|0,6|0,3,6|0|0|0|0|0|0|0|0|0|0|0|0|0|0,2|0|0|0|0|0|0|0|0|0|0,2|0|0|0|0|0|0,3,6|0,6|0,2,6|0,6|0,6|0,3,6|0|0|0|0|0|0|0|0|0|0|0|0|0|0,2|0|0|0|0|0|0|0|0|0|0,2|0|0|0|0|0|0,3,6|0,6|0,2,6|0,6|0,6|0,3,6|0|0|0|0|0|0|0|0|0|0|0|0|0|0,2|0|0|0|0|0|0|0|0|0|0,2|0|0|0|0|0|0,3,6|0,6|0,2,6|0,6|0,6|0,3,6|0|0|0|0|0|0|0|0|0|0|0|0|0|0,2|0|0|0|0|0|0|0|0|0|0,2|0|0|0|0|0|0,3,6|0,6|0,2,6|0,6|0,6|0,3,6|0|0|0|0|0|0|0|0|0|0|0|0|0|0,2|0|0|0|0|0|0|0|0|0|0,2|0|0|0|0|0|0,3,6|1|1|1|2,6|0,3,6|0|0|0|0|0|0|0|0|0|0|0|0|0|0,2|0|0|0|0|0|0|0|0|0|0,2|0|0|0|0|0|0,3,6|1|1|1|1|0,3,6|0|0|0|0|0|0|0|0|0|0|0|0|0|0,2|0|0|0|0|0|0|0|0|0|0,2|0|0|0|0|0|1,3|1|1|1|1|0,3,6|0|0|0|0|0|0|0|0|0|0|0|0|0|0,2|0|0|0|0|0|0|0|0|0|0,2|0|0|0|0|0|1,3|1|1|1|1|0,3,6|0|0|0|0|0|0|0,1|0,1|0,1|0,1|0,1|0,1|0,1|0,1,2|0,1|0,1|0,1|0,1|0,1|0,1|0,1|0,1|0,1|0,2,1|0,1|0,1|0,1|0,1|1|1,3|1|1|1|1|0,3,1,6|0,1|0,1|0,1|0,1|0|0|0|0|0|0|0|0|0|0,2|0|0|0|0|0|0|0|0|0|0,2|0|0|0|0|0|1,3|1|1|1|1|0,3,6|0|0|0|0|0|0|0|0|0|0|0|0|0|0,2|0|0|0|0|0|0|0|0|0|0,2|0|0|0|0|0|1,3|1|1|1|1|0,3,6|0|0|0|0|0|0|0|0|0|0|0|0|0|0,2|0|0|0|0|0|0|0|0|0|0,2|0|0|0|0|0,6|0,3,6|1|1|1|1|0,3,6|0|0|0|0|0|0|0|0|0|0|0|0|0|0,2|0|0|0|0|0|0|0|0|0|0,2|0|0|0|0|0,6|0,3,6|3,6|4,3,6|1,3|1,3|1,3|1|0|0|0|0|0|0|0|0|0|0|0|0|0,2|0|0|0|0|0|0|0|0|0|0,2|0|0|0|0,3,6|0,3,6|0,3,6|1|1|1|1|1|1|0|0|0|0|0|0|0|0|0|0|0|0|0,2|0|0|0|0|0|0|0|0|0|0,2|0|0|0|0,3,6|0,6|0,6|3,6|4,3,6|1,3|1,3|1,3|1|0,6|0|0|0|0|0|0|0|0|0|0|0|0|0|0|0|0|0|0|0|0|0|0,2|0|0|0|0,3,6|0,6|0,6|1|1|1|1|1,3|1|0,6|0|0|0|0|0|0|0|0|0|0|0|0|0|0|0|0|0|0|0|0|0|0,2|0|0|0|0,3,6|0,3,6|0,3,6|1,3|1,3|1,3|1,3|0,3,6|0|0|0|0|0|0|0|0|0|0|0|0|0|0|0|0|0|0|0|0|0|0|0|0,2|0|0|0|0|0|0|1|1|1|1|0|0|0|0|0|0|0|0|0|0|0|0|0|0|0|0|0|0|0|0|0|0|0|0|0,2|0|0|0|0|0|0|1|1|1|1|0,6|0,6|0|0|0|0|0|0|0|0|0|0|0|0|0|0|0|0|0|0|0|0|0|0|0,2|0|0|0|0|0|0|1|1|1|1|0,3,6|0,3,6|0,3,6|0,3,6|0,4,3,6|0|0|0|0|0|0|0|0|0|0|0|0|0|0|0|0|0|0|0|0,2|0|0|0|0|0|0|1|1|1|1|0,3,6|0,6|0|0|0|0|0|0|0|0|0|0|0|0|0|0|0|0|0|0|0|0|0|0|0,2|0|0|0|0|0|0|1|1|1|1|0,3,6|0,6|0|0|0|0|0|0|0|0|0|0|0|0|0|0|0|0|0|0|0|0|0|0|0,2|0|0|0|0|0|0|1|1|1|1|0,3,6|0|0|0|0|0|0|0|0|0|0|0|0|0|0|0|0|0|0|0|0|0|0|0|0,2|0|0|0|0|0|1|1|1|1|1|0,3,6|0|0|0|0|0|0|0|0|0|0|0|0|0|0|0|0|0|0|0|0|0|0|0|0,2|0|0|0|0|0|1|1|1|1|1|0,3,6|0|0|0|0|0|0|0|0|0|0|0|0|0|0|0|0|0|0|0|0|0|0|0|0,2|0|0|0|0|0|1|1|1|1|1|0,3,6|0|0|0|0|0|0|0|0|0|0|0|0|0|0|0|0|0|0|0|0|0|0|0|0,2|0|0|0|0|1|1|1|1|1|1|0,3,6|0|0|0|0|0|0|0|0|0,1|0,1|0,1|0,1|0,1|0,1|0,1|0,1|0,1|0,1|0,1|0,1|0,1|0,1|0,1|0,1,2|0,1|0,1|0,1|0,1|1|1|1|1|1|1|0,3,1,6|0,1|0,1|0,1|0,1|0|0|0|0|0|0|0|0|0|0|0|0|0|0|0|0|0|0|0|0,2|0|0|0|0|0|1|1|1|1|1|0,3,6|0|0|0|0|0|0|0|0|0|0|0|0|0|0|0|0|0|0|0|0|0|0|0|0,2|0|0|0|0|0|1|1|1|1|1|0,3,6|0|0|0|0|0|0|0|0|0|0|0|0|0|0|0|0|0|0|0|0|0|0|0|0,2|0|0|0|0|0|1|1|1|1|1|0,3,6|0|0|0|0|0|0|0|0|0|0|0|0|0|0|0|0|0|0|0|0|0|0|0|0,2|0|0|0|0|0|0|1|1|1|1|0,3,6|0|0|0|0|0|0|0|0|0|0|0|0|0|0|0|0|0|0|0|0|0|0|0|0,2|0|0|0|0|0|0|1|1|1|1|1,3|1|0|0|0|0|0|0|0|0|0|0|0|0|0|0|0|0|0|0|0|0|0|0|0,2|0|0|0|0|0|0|3,6|4,3,6|1,5,3|1|1,3|1|0|0|0|0|0|0|0|0|0|0|0|0|0|0|0|0|0|0|0|0|0|0|0|0|0|0|0|0|0|1|1|1|1|1,3|1|0,6|0|0|0|0|0|0|0|0|0|0|0|0|0|0|0|0|0|0|0|0|0|0|0|0|0|0|0|0|3,6|4,3,6|1,3|1,3|1,3|1|0,6|0|0|0|0|0|0|0|0|0|0|0|0|0|0|0|0|0|0|0|0|0|0|0|0|0|0|0|0|1|1|1|1|0|0|0|0|0|0|0|0|0|0|0|0|0|0|0|0|0|0|0|0|0|0|0|0|0|0|0|0|0|0|0|1|1|1|2,6|0|0|0|0|0|0|0|0|0|0|0|0|0|0|0|0|0|0|0|0|0|0|0|0|0|0|0|0|0|0|0|0|0,2|0|0|0|0|0|0|0|0|0|0|0|0|0|0|0|0|0|0|0|0|0|0|0|0|0|0|0|0|0|0|0|0|0|0|0,2|0|0|0|0|0|0|0|0|0|0|0|0|0|0|0|0|0|0|0|0|0|0|0|0|0|0|0|0|0|0|0|0|0|0|0,2|0|0|0|0|0|0|0|0|0|0|0|0|0|0|0|0|0|0|0|0|0|0|0|0|0|0|0|0|0|0|0|0|0|0|0,2|0|0|0|0|0|0|0|
