CC_C04x
48*121|-1|0
4.4735*6.6323|0|0
-220,-30|-219,726|-220,1492
Border: Passable
1,24,73|



8|2|8|0,12,0,0,-1 -1,117136 36,-1 -1,962 36,-1 -1,1750 36,-1 -1,237 109,-1 -1,248 125,-1 -1,431 113,-1 -1,-1 -1,-1 -1,158 74,|0,14,0,2,-1 -1,-1 -1,2453 60,-1 -1,2837 53,-1 -1,226 115,-1 -1,226 115,-1 -1,456 115,-1 -1,-1 -1,-1 -1,158 74,-1 -1,|
1|1|1|1|1|1|1|1|1|1|1|1|1|1|1,4,3|1|1|1|1|1|1|1|1|1|1|1|1|1|1|1|1|1|1|1|1|1|1|1|1|1|1|1|1|1|1|1|1|1|1|1|1|1|1|1|1|1|1|1|1|1|1|1|1|1|1|1|1|1|1|1|1|1|1|1|1|1|1|1|1|1|1|1|1|1|1|1|1|1|1|1|1|1|1|1|1|1|1|1|1|1|1|1|1|1|1|1|1|1|1,4,3|1|1|1|1|1|1|1|1|1|1|1|1|1|1|1|1|1|1|1|1|1|1|1|1|1|1|1,3|1|1|1|1|1|1|1|1|1|1|1|1|1|1|1|1|1|1|1|1|1|1|1|1|1|1|1|1|1|1|1|1|1|1|1|1|1|1|1|1|1|1|1|1|1|1|1|1|1|1|1|1|1|1|1|1|1|1|1|1|1|1|1|1|1|1|1|1|1|1|1|1|1|1|1|1|1|1|1|1|1|1|1|1|1|1|1|1|1|1|1|1|1|1,3|1|1|1|1|1|1|1|1|1|1|1|1|0,6|0,6|0,6|0,6|0,6|0,6|0,6|0,6|0,6|0,6|0,6|0,6|0,6|0,6|0,3,6|0,6|0,6|0,6|0,6|0,6|1|1|0,6|0,6|0,6|0,6|0,6|0,6|0,6|0,6|0,6|0,6|1|1|1|0,6|0,6|0,6|0,6|0,6|0,6|0,6|0,6|0,6|1|0,6|0,6|0,6|0,6|0,6|0,6|0,6|1|1|1|1|1|0,6|0,6|0,6|0,6|0,6|0,6|0,6|0,6|0,6|1|1|0,6|0,6|0,6|0,2,6|0,6|0,6|0,6|0,6|0,6|0,6|0,6|0,6|0,6|0,6|0,6|0,6|0,6|0,6|0,6|0,6|0,6|0,6|0,6|0,6|0,6|0,6|0,6|0,6|0,6|0,6|0,6|0,6|0,6|0,6|0,6|0,6|0,6|0,6|0,6|0,6|0,3,6|0,6|0,6|0,6|0,6|0,6|0,6|0,6|0,6|0,6|0,6|0,6|0,6|0,6|0,6|0,6|0,6|0,6|0,6|3,6|0,6|0,6|0,6|0,6|0,6|0,6|0,6|0,3,6|0,6|0,6|0,6|0,6|0,6|1|1|0,6|0,6|0,6|0,6|0,6|0,6|0,6|0,6|0,6|0,6|1|1|1|0,6|0,6|0,6|0,6|0,6|0,6|0,6|0,6|0,6|0,2,6|0,6|0,6|0,6|0,6|0,6|0,6|0,6|1|1|1|1|1|0,6|0,6|0,6|0,6|0,6|0,6|0,6|0,6|0,6|1|1|0,1,6|0,1,6|0,1,6|0,1,2,6|0,1,6|0,1,6|0,1,6|0,1,6|0,1,6|0,1,6|0,1,6|0,1,6|0,1,6|0,1,6|0,1,6|0,1,6|0,1,6|0,1,6|0,1,6|0,1,6|0,1,6|0,1,6|0,1,6|0,1,6|0,1,6|0,1,6|0,1,6|0,1,6|0,1,6|0,1,6|0,1,6|0,1,6|0,1,6|0,1,6|0,1,6|0,1,6|0,1,6|0,1,6|0,1,6|0,1,6|0,3,1,6|0,1,6|0,1,6|0,1,6|0,1,6|0,1,6|0,1,6|0,1,6|0,1,6|0,1,6|0,1,6|0,1,6|0,1,6|0,6|0,6|0,6|0,6|0,6|0,6|1|0,1,6|0,1,6|0,1,6|0,1,6|0,1,6|0,1,6|0,1,6|0,3,1,6|0,1,6|0,1,6|0,1,6|0,1,6|0,1,6|1|1|0,6|0,6|0,6|0,6|0,6|0,6|0,6|0,6|0,6|0,6|3,6|4,3,6|1,3|0,3,6|0,3,6|0,3,6|0,3,6|0,3,6|0,3,6|0,3,6|0,3,6|0,3,6|0,3,2,6|0,3,6|0,3,6|0,3,6|0,3,6|0,3,6|0,3,6|0,3,6|0,3,6|1,3|1,3|1,3|1,3|0,6|0,6|0,6|0,6|0,6|0,6|0,6|0,6|0,6|1|1|0,6|0,6|0,6|0,2,6|0,6|0,6|0,6|0,6|0,6|0,6|0,6|0,6|0,6|0,6|0,6|0,6|0,6|0,6|0,6|0,6|0,6|0,6|0,6|0,6|0,6|0,6|0,6|0,6|0,6|0,6|0,6|0,6|0,6|0,6|0,6|0,6|0,6|0,6|0,6|0,6|0,3,6|0,6|0,6|0,6|0,6|0,6|0,6|0,6|0,6|0,6|0,6|0,6|0,6|0|0|0|0|0|0|3|0|0|0|0|0,6|0,6|0,6|0,3,6|0|0|0|0|0|3,6|0,6|0|0|0|0|0|0|0|0|0|0,7|1|1|1|0|0|0|0|0|0|0|0|0|0,2|0|0|0|0|0|0|0|0|1|1|1|1,3|0|0|0|0|0|0|0|0|0|0|0|0|0,6|0,6|0,2|0|0|0|0|0|0|0|0|0|0|0|0|0|0|0|0|0|0|0|0|0|0|0|0|0|0|0|0|0|0|0|0|0|0|0,6|0,6|0,3,6|0|0|0|0|0|0|0|0|0|0|0|0|0|0|0|0|0|0|0|0|0|0|0|0,6|0,6|0,6|0,3,6|0|0|0|0|0|3,6|0,6|0|0|0|0|0|0|0|0|0|0,7|3,6|4,3,6|1,3|0|0|0|0|0|0|0|0|0|0,2|0|0|0|0|0|0|0|0|0|1|1|1,3|0|0|0|0|0|0|0|0|0|0|0|0|0,6|0,6|0,2|0|0|0|0|0|0|0|0|0|1|1|1|1|1|1|1|1|1|1|1|1|1|1|1|1|1|1|1|1|1|1|1|1|1|1|1|1,3|1|1|1|1|1|1|1|1|1|1|1|1|0|0|0|0|0|0|0|0|0|0|0|1|1|1|1,3|0,6|0|0|0|0|3,6|0,6|0|0|0|0|0|0|0|0|0|0|1|1|1,3|0|0|0|0|0|0|0|0|0|0,2|0|0|0|0|0|0|0|0|0|3,6|4,3,6|1,3|1|0|0|0|0|0|0|0|0|0|0|0|0,6|0,6|0,2|0|0|0|0|0|0|0|0|0|3,6|4,3,6|1,3|1,3|1|1|1|1|1|1|1|1|1|1|1|1|1|1|1|1|1|1|1|1|1|1|1|1,3|1|1|1|1|1|1|1|1|1|1|1|1|0|0|0|0|0|0|0|0|0|0|0|3,6|4,3,6|1,3|1,3|0,3,6|0,3,6|0,3,6|0,3,6|0,3,6|3,3,6|0,3,6|0,3,6|0,3,6|0,3,6|0,3,6|0,3,6|0,3,6|0,3,6|0,3,6|0,3,6|0,3,6|0,3,6|0,2,3,6|0,3,6|0|0|0|0|0|0|0|0|0|0,2|0|0|0|0|0|0|0|0|0|1|1|1|1|0|0|0|0|0|0|0|0|0|0|0|0,6|0,6|0,2|0|0|0|0|0|0|0|0|0|1|1|1|1,3|1|1|1|1|1|1|1|1|1|1|1|1|1|1|1|1|1|1|1|1|1|1|1|1,3|1|1|1|1|1|1|1|1|1|1|1|1|0|0|0|0|0|0|0|0|0|0|0,7|1|1|1|1,3|0,6|0,6|0|0|0,7,6|1|1|0,6|0|0|0|0|0|0|0|0|0|0|0,2|0|0|0|0|0|0|0|0|0|0|0,2|0|0|0|0|0|0|0|0|0|1|1|1|1|0|0|0|0|0|0|0|0|0|0|0|0,6|0,6|0,2|0|0|0|0|0|0|0|0|0|1|1|1|1,3|1|1|1|1|1|1|1|1|1|1|1|1|1|1|1|1|1|1|1|1|1|1|1|1,3|1|1|1|1|1|1|1|1|1|1|1|1|0|0|0|0|0|0|0|0|0|0|0,7|3,6|4,3,6|1,3|1,3|0,6|0,6|0|0|0,7,6|1|1|0,6|0|0|0|0|0|0|0|0|0|0,1|0,1,2|0,1|0,1|0,1|0,1|0,1|0,1|0,1|0,1|0,1|0,1|0,1,2|0,1|0,1|0,1|0,1|0,1|0,1|0,1|0,1|0,1|3,1,6|4,3,6|1,3|1,3|0,3,6|0|0|0|0|0,6|0,6|0,6|0,6|0,6|0,6|1|1|1|1|0|0|0|0|0|0|0|0|0|0|0|0,3,6|0,6|0,6|0,6|0,6|0,6|0,6|0,6|0,6|0,6|0,6|0,6|0,6|0|0|0|0|0|0|0|0|0|0,6|0,2,6|0,3,6|0,6|0,6|0,6|0,6|0,6|0,6|0,6|0,6|0,6|0,6|0|0|0|0|0|0|0|0|0|0|0|0|0|1,7|1|1|1|0,6|0,6|0,6|0|0|3|0|0|0|0|0|0|0|0|0|0|0|0|0,2|0|0|0|0|0|0|0|0|0|0|0,2|0|0|0|0|0,6|0,6|0,6|0,6|0,6|1|1|1|1|0,3,6|0,6|0,6|0,6|0,6|0,6|0,6|0,6|0,6|0,6|0,6|1|1|1|1|1|0,6|0,6|0,6|0,6|0,6|0,6|0,6|0,6|0,6|0,6|0,3,6|0,6|0,6|0,6|0,6|0,6|0,6|0,6|0,6|0,6|0,6|0,6|0,6|0,6|0,6|0,6|0,6|0,6|0,6|0,6|0,6|1|1|1|1,3|0,6|0,6|0,6|0,6|0,6|0,6|0,6|0,6|0,6|0,6|0,6|0,6|0|0|0|0|0|0|0|0|0|0|0|0,6|0,6|0,6|0,6|0|0|0|0|0|3|0|0|0|0|0|0|0|0|0|0|0|0|0,2|0|0|0|0|0|0|0|0|0|0|0,2|0|0|0|0|0,6|0,6|0,6|0,6|0,6|1|1|1|1|0,3,6|0,6|0,6|0,6|0,6|0,6|0,6|0,6|0,6|0,6|0,6|1|1|1|1|1|1|0,6|0,6|0,6|0,6|0,6|0,6|0,6|0,6|0,6|0,3,6|0,6|0,6|0,6|0,6|0,6|0,6|0,6|0,6|0,6|0,6|0,6|0,6|0,6|0,6|0,6|0,6|0,6|0,6|0,6|0,6|3,6|4,3,6|1,3|1,3|0,6|0,6|0,6|0,6|0,6|0,6|0,6|0,6|0,6|0,6|0,6|0,6|0|0|0|0|0|0|0|0|0|0|0|0|0|0|0|0|0|0|0|0|0|0|0|0|0|0|0|0|0|0|0|0|0|0,2|0|0|0|0|0|0|0|0|0|0|0,2|0|0|0|0|0|0,6|0,6|0,6|0,6|0,6|0,2,6|0,6|0,6|0,3,6|0,6|0,6|0,6|0,6|0,6|0,6|0,6|0,6|0,6|0,6|3,6|4,3,6|1,3|1,3|1|1|0,6|0,6|0,6|0,6|0,6|0,6|0,6|0,6|0,6|0,3,6|0,6|0,6|0,6|0,6|0,6|0,6|0,6|0,6|0,6|0,6|0,6|0,6|0,6|0,6|0,6|0,6|0,6|0,6|0,6|0,6|1|1|1|1|0,6|0,6|0,6|0,6|0,6|0,6|0,6|0,6|0,6|0,6|0,6|0,6|0|0|0|0|0|0|0|0|0|0|0|0|0|0|0|0|0|0|0|0|0|0|0|0|0|0|0|0|0|0|0|0|0|0,2|0|0|0|0|0|0|0|0|0|0|0,2|0|0|0|0|0|0|0,6|0,6|0,6|0,6|0,2,6|0,6|0,6|0,3,6|0,6|0,6|0,6|0,6|0,6|0,6|0,6|0,6|0,6|0,6|1|1|1|1,3|1|1|1|0,6|0,6|0,6|0,6|0,6|0,6|0,6|0,6|0,3,6|0,6|0,6|0,6|0,6|0,6|0,6|0,6|0,6|0,6|0,6|0,6|0,6|0,6|0,6|0,6|0,6|0,6|0,6|0,6|0,6|3,6|4,3,6|1,3|1,9,3|0,6|0,6|0,6|0,6|0,6|0,6|0,6|0,6|0,6|0,6|0,6|0,6|0|0|0|0|0|0|0|0|0|0|0|0|0|0|0|0|0|0|0|0|0|0|0|0|0|0|0|0|0|0|0|0|0|0|0|0|0|0|0|0|0|0|0|0|0,2|0|0|0|0|0|0|0|0|0,6|0,6|0,2,6|0,6|0,6|0,3,6|0,6|0,6|0,6|0,6|0,6|0|0|0|0|0|1|1|1|1,3|1,3|1,3|1,3|0,3,6|0,3,6|0,3,6|0,3,6|0,3,6|0,3,6|0,3,6|0,3,6|0,3,6|0|0|0|0|0|0|0|0|0|0|0|0,6|0,6|0,6|0,6|0,6|0,6|0,6|0,6|0,6|1|1|1|1|0,6|0,6|0|0|0|0|0|0|0|0,6|0,6|0,6|0|0|0|0|0|0|0|0|0|0|0|0|0|0|0|0|0|0|0|0|0|0|0|0|0|0|0|0|0|0|0|0|0|0|0|0|0|0|0|0|0|0|0|0|0,2|0|0|0|0|0|0|0|0|0|0|0,2|0|0|0,3,6|0|0|0|0|0|0|0|0|0|0|0|0|0|0|0|0|0|0|0|0|0|0|0|0|0|0|0|0|0|0|0|0|0|0|0|0|0|0|0|0|0|0|0|0|0|0|3,6|4,3,6|1,3|1,3|0,3,6|0,6|0|0|0|0|0|0|0|0|0|0|0|0|0|0|0|0|0|0|0|0|0|0|0|0|0|0|0|0|0|0|0|0|0|0|0|0|0|0|0|0|0|0|0|0|0|0|0|0|0|0|0|0|0|0|0,2|0|0|0|0|0|0|0|0|0|0|0,2|0|0|0,3,6|0|0|0|0|0|0|0|0|0|0|0|0|0|0|0|0|0|0|0|0|0|0|0|0|0|0|0|0|0|0|0|0|0|0|0|0|0|0|0|0|0|0|0|0|0|0|1|1|1|1|0,3,6|0,6|0|0|0|0|0|0|0|0|0|0|0|0|0|0|0|0|0|0|0|0|0|0|0|0|1|0,6|0,6|1|0,6|0,6|0,6|0,6|1|0,6|0,6|1|1|0|0|0|0|0|0|0|0|0|0|0|0|0|0|0|0|0|0,2|0|0|0|0|0|0|0|0|0|0|0,2|0|0|0,3,6|0|0|0|0|0|0|0|0|0|0|0|0|0|0|0|0|0|0|0|0|0|0|0|0|0|0|0|0|0|0|0|0|0|0|0|0|0|0|0|0|0|0|0|0|0|0|0|0,6|0,2,6|0,6|0,3,6|0,6|0|0|0|0|0|0|0|0|0|0|0|0|0|0|0|0|0|0|0|0|0|0|0|0,7|1|0,6|0,6|1|0|0|0|0|1|0,6|0,6|1|1|0|0|0|0|0|0|0|0|0|0|0|0|0|0|0|0,6|1|1|1|1|0|0|0|0|0|0|0|0|0,2|0|0|0,3,6|0|0|0|0|1|1|0,6|0,6|0|0|0|0|0|0|0|0|0|0|0|0|0|0|0,6|0,6|0|0|0|0|0|0|0|0|0|0|0|0|0|0|0|0|0|0|0|0|0|0|0|0,6|0,2,6|0,6|0,3,6|0,6|0|0|0|0|0|0|0|0|0|0|0|0|0|0|0|0|0|0|0|0|0|0|0|0,7|1|0,6|0,6|1|0|0|0|0,7|1|0,6|0,6|1|1|0|0|0|0|0|0|0|0|0|0|0|0|0|0|0,6|0,6|1|1|1|1|0,6|0|0|0|0|0|0|0|0,2|0|0|0,3,6|0|0|0|0|1|1|0,6|0,6|0|0|0|0|0|0|0|0|0|0|0|0|0|0|0,6|0,6|0|0|0|0|0|0|0|0|0|0|0|0|0|0|0|0|0|0|0|0|0|0|0|0,6|0,2,6|0,6|0,3,6|0,6|0|0|0|0|0|0|0|0|0|0|0|0|0|0|0|0|0|0|0|0|0|0|0|0,7|1|0,6|0,6|1|0|0|0|0,7|1|0,6|0,6|1|1|0|0|0|0|0|0|0|0|0|0|0|0|0|0|0,6|0,6|3,6|4,3,6|1,3|1|0,1,6|0,1|0,1|0,1|0,1|0,1|0,1|0,1|0,1,2|0,1|0,1|0,1,3,6|0,1|0,1|0,1|0,1|1|1|0,6|0,6|0|0|0|0|0|0|0|0|0|0|0|0|0|0|0,6|0,6|0|0|0|0|0|0|0|0|0|0|0|0|0|0|0|0|0|0|0|0|0|0|0|0,6|0,2,6|0,6|0,3,6|0,6|0|0|0|0|0|0|0|0|0|0|0|0|0|0|0|0|0|0|0|0|0|0|0|0|1|0,6|0,6|1|0|0|0|0|1|0,6|0,6|1|1|0|0|0|1|1|0|0|0|0|0|0|0|0|0,6|0,6|0,6|1|1|1,3|1|0,6|0|0|0|0|0|0|0|0,2|0|0|0,3,6|0|0|0|0|1|1|0,6|0,6|0|0|0|0|0|0|3|0|0|0|0|0|0|0|1|1|1|1|1|1|1|1|1|1|1|1|1|1|1|1|1|1|1|1|1|1|1|1|1|1|1|1|1,3|1|1|1|1|1|1|1|1|1|1|1|0|0|0|0|0|0|0|0|0|0,6|0,6|0,6|0,6|0,6|0,6|0,6|0,6|3,6|0,6|0,6|0,6|1|1|0,6|0,6|1|1|0|0|0,6|1|1|0|0|0|0|0|0|0|0|0,6|0,3,6|0,3,6|1,3|1,3|1,3|1|0,6|0|0|0|0|0|0|0|0,2|0|0|0,3,6|0|0|0|0|1|1|0,6|0,6|0|0|0|0|0|0|1|0,1|0,1|0,1|0,1|0,1|0,1|0,1|1|1|1|1|1|1|1|1|1|1|1|1|1|1|1|1|1|1|1|1|1|1|1|1|1|1|1|1|1,3|1|1|1|1|1|1|1|1|1|1|1|0|0|0|0|0|0|0|0|0,6|0,6|0,6|0,6|0,6|0,6|0,6|0,6|0,6|3,6|0,6|0,6|0,6|1|1|0,6|0,6|1|1|0|0|0,6|1|1|0|0|0|0|0|0|0|0|0|0,3,6|0|0,6|0,6|0,6|0,6|0,6|0|0|0|0|0|0|0|0,2|0|0|0,3,6|0|0|0|0|3,6|0,6|0,6|0,6|0|0|0|0|0|0|3|0|0|0|0|0|0|0|1|1|1|1|1|1|1|1|1|1|1|1|1|1|1|1|1|1|1|1|1|1|1|1|1|1|1|1|1,3|1|1|1|1|1|1|1|1|1|1|1|0|0|0|0|0|0|0|0,6|0,6|0,6|0,6|0,6|0,6|0,6|0,6|0,6|0,6|3,6|0,6|0,6|1|1|1|0,6|0,6|1|1|0|0|0,6|1|1|0|0|0|0|0|0|0|0|0|0,3,6|0|0,6|0,6|0,6|0,6|0,6|0|0|0|0|0|0|0|0,2|0|0|0,3,6|0|0|0|0|3,6|0,6|0,6|0,6|0|0|0|0|0|0|0|0|0|0|0|0|0|0|1|1|1|1|1|1|1|1|1|1|1|1|1|1|1|1|1|1|1|1|1|1|1|1|1|1|1|1|1,3|1|1|1|1|1|1|1|1|1|1|1|0|0|0|0|0|0|0|0,6|0,6|0,6|0,1,6|0,1,6|0,1,6|0,1,6|0,1,6|0,1,6|0,1,6|3,1,6|0,1,6|0,1,6|1|1|1|0,6|0,6|1|1|0|0|0,6|1|1|1|0|0|0|0|0|0|0|0|0,3,6|0|0,6|0,6|0,6|0,6|0,6|0|0|0|0|0|0|0|0,2|0|0|0,3,6|0|0|0|0|3,6|0,6|0,6|0,6|0|0|0|0|0|0|0|0|0|0|0|0|0|0|0,6|0,6|0|0|0|0|0|0|0|0|0|0|0|0|0|0,2|0|0|0|0|0|0|0|0|0|0,6|0,2,6|0,6|0,3,6|0,6|0|0|0|0|0|0|0|0|0|0|0|0|0|0|0|0|0|0|0|0|0|0|0|0|0,6|0,6|0,6|3,6|0,6|0,6|0,6|1|1|0,6|0,6|1|1|0|0|0,6|3,6|4,3,6|1,3|0|0|0|0|0|0|0|0|0,3,6|0|0,6|0,6|0,6|0,6|0,6|0|0|0|0|0|0|0|0,2|0|0|0,3,6|0|0|0|0|3,6|0,6|0,6|0,6|0|0|0|0|0|0|0|0|0|0|0|0|0|0|0,6|0,6|0|0|0|0|0|0|0|0|0|0|0|0|0|0,2|0|0|0|0|0|0|0|0|0|0,6|0,2,6|0,6|0,3,6|0,6|0|0|0|0|0|0|0|0|0|0|0|0|0|0|0|0|0|0|0|0|0|0|0|0,6|0,6|0,6|0,6|3,6|0,6|0,6|1|1|1|0,6|0,6|1|1|0|0|0|1|1|1,3|1,3|0,3,6|0,3,6|0,3,6|0,3,6|0,3,6|0,3,6|0,3,6|0,3,6|0|0,6|1|1|1,3|0,3,6|0,3,6|0,3,6|0,3,6|0,3,6|0,3,6|0,3,6|0,3,6|0,2,3,6|0,3,6|0,3,6|0,3,6|0|0|0|0|3,6|0,6|0,6|0,6|0|0|0|0|0|0|0|0|0|0|0|0|0|0|0,6|0,6|0|0|0|0|0|1|1|1|0|0|0|0|0|0,2|0|0|0|0|0|0|0|0|0|0,6|0,2,6|0,6|0,3,6|0,6|0|0|0|0|0|0|0|0|0|0|0|0|0|0|0|0|0|0|0|0|0|0|0|0,6|1|0,6|0,6|1|0,6|2,6|1|1|1|0,6|0,6|1|1|0,6|0,6|0,6|1|1|1|1|0,6|0,6|0,6|0,6|0,6|0,6|0,6|0,6|0,6|0,6|1|1|1,3|0,1,6|0,1,6|0,6|0,6|0,6|0,6|0,6|0,1,6|0,1,2,6|0,1,6|0,1,6|0,1,6|0,1,6|0,1,6|0,1,6|0,1,6|3,1,6|0,1,6|0,1,6|0,1,6|0,1,6|0,1,6|0,6|0,6|0,6|0,1,6|0,1,6|0,1,6|0,1,6|0,1,6|0,1,6|0,1,6|0,1,6|0,1,6|0,1,6|0,1,6|0,1,6|0,1,6|0,1,6|0,1,6|0,1,6|3,1,6|4,3,6|1,3|0,6|0,6|0,6|0,6|0,6|0,2,6|0,6|0,6|0,6|0,6|0,6|0,6|0,6|0,6|0,6|0,6|0,2,6|0,6|0,3,6|0,6|0,6|0,6|0,6|0,6|0,6|0,6|0,6|0,6|0,6|0,6|0|0|0|0|0|0|0|0|0|0|0|0|0,6|0,6|1|0,6|0,6|1|0,6|1|1|1|1|0,6|0,6|1|1|0,6|0,6|0,6|0,6|3,6|0,6|0,6|0,6|0,6|0,6|0,6|0,6|0,6|0,6|0,6|0,6|0,6|1|1|1,3|0,6|0,6|0,6|0,6|0,6|0,6|0,6|0,6|0,2,6|0,6|0,6|0,6|0,6|0,6|0,6|0,6|3,6|0,6|0,6|0,6|0,6|0,6|0,6|0,6|0,6|0,6|0,6|0,6|0,6|0,6|0,6|0,6|0,6|0,6|0,6|0,6|0,6|0,6|0,6|0,6|0,6|1|1|1,3|0,6|0,6|0,6|0,6|0,6|0,2,6|0,6|0,6|0,6|0,6|0,6|0,6|0,6|0,6|0,6|1|1|1|0,3,6|0,6|0,6|0,6|0,6|0,6|0,6|0,6|0,6|0,6|0,6|0,6|0|0|0|0|0|0|0|0|0|0|0|0|0,6|0,6|1|0,6|0,6|1|1|1|1|1|1|0,6|0,6|3,1,6|0,1,6|0,1,6|0,1,6|0,1,6|0,1,6|3,1,6|0,1,6|0,1,6|0,1,6|0,1,6|0,1,6|0,1,6|0,1,6|0,1,6|0,1,6|0,6|0,6|0,6|3,6|4,3,6|1,3|0,6|0,6|0,6|0,6|0,6|0,6|0,6|0,6|0,2,6|0,6|0,6|0,6|0,6|0,6|0,6|0,6|3,6|0,6|0,6|0,6|0,6|0,6|0,6|0,6|0,6|0,6|0,6|0,6|0,6|0,6|0,6|0,6|0,6|0,6|0,6|0,6|0,6|0,6|0,6|0,6|0,6|1|1|1,3|0,6|0,6|0,6|0,6|0,6|0,2,6|0,6|0,6|0,6|0,6|0,6|0,6|0,6|0,6|0,6|1|1|1|0,3,6|0,6|0,6|0,6|0,6|0,6|0,6|0,6|0,6|0,6|0,6|0,6|0|0|0|0|0|0|0|0|0|0|0|0|0,6|0,7,6|1|0,6|0,6|1|1|1|1|1|1|0,6|0,6|1|1|0,6|0,6|0,6|0,6|3,6|0,6|0,6|0,6|0,6|0,6|0,6|0,6|0,6|0,6|0,6|0,6|0,6|1|1|1|0,6|0,6|0,6|0,6|0,6|0,6|0,6|0,6|0,2,6|0,6|0,6|0,6|0,6|0,6|0,6|0,6|3,6|0,6|0,6|0,6|0,6|0,6|0,6|0,6|0,6|0,6|0,6|0,6|0,6|0,6|0,6|0,6|0,6|0,6|0,6|0,6|0,6|0,6|0,6|0,6|0,6|0,6|0,6|0,3,6|0,6|0,6|0,6|0,6|0,6|0,2,6|0,6|0,6|0,6|0,6|0,6|0,6|0,6|0,6|0,6|3,6|4,3,6|1,3|0,3,6|0,6|0,6|0,6|0,6|0,6|0,6|0,6|0,6|0,6|0,6|0,6|0|0|0|0|0|0|0|0|0|0|0|0|0|0,7,6|1|0,6|0,6|1|1|1|1|1|1|0,6|0,6|1|1|0,6|0,6|0,6|0,6|3,6|0,6|0,6|0,6|0,6|0,6|0,6|0,6|0,6|0,6|0,6|0,6|1|1|1|1|0,6|0,6|0,6|0,6|0,6|0,6|0,6|0,6|0,2,6|0,6|0,6|0,6|0,6|0,6|0,6|0,6|3,6|0,6|0,6|0,6|0,6|0,6|0,6|0,6|0,6|0,6|0,6|0,6|0,6|0,6|0,6|0,6|0,6|0,6|0,6|0,6|0,6|0,6|0,6|0,6|0,6|0,6|0,6|0,3,6|0,6|0,6|0,6|0,6|0,6|0,2,6|0,6|0,6|0,6|0,6|0,6|0,6|0,6|0,6|0,6|1|1|1|0,6|0,6|0,6|0,6|0,6|0,6|0,6|0,6|0,6|0,6|0,6|0,6|0|0|0|0|0|0|0|0|0|0|0|0|0|0,7,6|1|0,6|0,6|1|1|1|1|1|1|0,6|0,6|1|1|0,6|0,6|0,6|0,6|3,6|0,6|0,6|0,6|0,6|0,6|0,6|0,6|0,6|0,6|0,6|1|1|1|1|1|0,6|0,6|0,6|0,6|0,6|0,6|0,6|0,6|0,6|0,6|0,6|0,6|0,6|0,6|0,6|0,6|3,6|0,6|0,6|0,6|0,6|0,6|0,6|0,6|0,6|0,6|0,6|0,6|0,6|0,6|0,6|0,6|0,6|0,6|0,6|0,6|0,6|0,6|0,6|0,6|0,6|0,6|0,6|0,3,6|0,6|0,6|0,6|0,6|0,6|0,2,6|0,6|0,6|0,6|0,6|0,6|0,6|0,6|0,6|0,6|1|1|1|1|0,6|0,6|0,6|0,6|0,6|0,6|0,6|0,6|0,6|0,6|0,6|0|0|0|0|0|0|0|0|0|0|0|0|0|1|1|0,6|0,6|1|1|1|1|1|1|0,6|0,6|1|1|0,6|0,6|0,6|0,6|3,6|0,6|0,6|0,6|0,6|0,6|0,6|0,6|0,6|0,6|0,6|0,6|1|1|1|1|1|0,6|0,6|0,6|0,6|0,6|0,6|0,6|0,6|0,6|0,6|0,6|0,6|0,6|0,6|0,6|3,6|0,6|0,6|0,6|0,6|0,6|0,6|0,6|0,6|0,6|0,6|0,6|0,6|0,6|0,6|0,6|0,6|0,6|0,6|0,6|0,6|0,6|0,6|0,6|0,6|0,1,6|0,1,6|0,3,1,6|0,1,6|0,1,6|0,1,6|0,1,6|0,1,6|0,2,1,6|0,1,6|0,1,6|0,1,6|0,1,6|0,1,6|0,1,6|0,1,6|0,1,6|0,1,6|3,1,6|4,3,6|1,3|1|0,6|0,6|0,6|0,6|0,6|0,6|0,6|0,6|0,6|0,6|0,6|0|0|0|0|0|0|0|0|0|0|0|0|0|1|1|0,6|0,6|1|1|1|1|1|1|0,6|0,6|1|1|0,1,6|0,1,6|0,1,6|0,1,6|3,1,6|0,1,6|0,1,6|0,1,6|0,1,6|0,1,6|0,1,6|0,6|0,6|0,6|0,6|0,6|0,6|1|1|1|1|0,6|0,6|0,6|0,6|0,6|0,6|0,6|0,6|0,6|0,6|0,6|0,6|0,6|0,6|0,6|1|1|1|1|0,6|0,6|0,6|0,6|0,6|0,6|0,6|0,6|0,6|0,6|0,6|0,6|0,6|0,6|1|1|1|1|0,6|0,6|0,6|0,6|0,6|0,3,6|0,6|0,6|0,6|0,6|0,6|0,2,6|0,6|0,6|0,6|0,6|0,6|0,6|0,6|0,6|0,6|1|1|1,3|1|1|0,6|0,6|0,6|0,6|0,6|0,6|0,6|0,6|0,6|0,6|0|0|0|0|0|0|0|0|0|0|0|0|1|1|1|0,6|0,6|1|1|1|1|1|1|0,6|0,6|1|1|0,6|0,6|0,6|0,6|3,6|0,6|0,6|0,6|0,6|0,6|0,6|0,6|0,6|0,6|0,6|0,6|0,6|3,6|4,3,6|1,3|1,3|1,3|0,1,3,6|0,1,3,6|0,1,3,6|0,1,3,6|0,1,3,6|0,1,3,6|0,3,6|0,3,6|0,3,6|0,1,3,6|0,1,3,6|0,1,3,6|0,1,3,6|0,1,3,6|3,1,6|4,3,6|1,3|1,3|0,1,6|0,1,6|0,1,6|0,1,6|0,1,6|0,1,6|0,1,6|0,1,6|0,1,6|0,1,6|0,1,6|0,1,6|0,6|0,6|3,6|4,3,6|1,3|1|0,6|0,6|0,6|0,6|0,6|0,3,6|0,6|0,6|0,6|0,6|0,6|0,2,6|0,6|0,6|0,6|0,6|0,6|0,6|0,6|0,6|0,6|1|1|1,3|1|1|0,6|0,6|0,6|0,6|0,6|0,6|0,6|0,6|0,6|0,6|0|0|0,1|0,1|0,1|1|1|1|1|1|1|1|1|1|1|1|0,6|1|1|1|1|1|1|0,6|1|1|1|0,6|0,6|0,6|1|1|0,6|0,6|0,6|0,6|0,6|0,6|0,6|0,6|0,6|0,6|0,6|0,6|1|1|1|1|1|0,6|0,6|0,6|0,6|0,6|0,6|0,6|0,6|0,6|0,6|0,6|0,6|0,6|0,3,6|1|1|1|1,3|0,6|0,6|0,6|0,6|0,6|0,6|0,6|0,6|0,6|0,6|0,6|0,6|0,6|0,6|1|1|1,3|1|0,6|0,6|0,6|0,6|0,6|0,3,6|0,6|0,6|0,6|0,6|0,6|0,2,6|0,6|0,6|0,6|0,6|0,6|0,6|0,6|0,6|0,6|0,6|0,2,6|0,3,6|0,6|0,6|0,6|0,6|0,6|0,6|0,6|0,6|0,6|0,6|0,6|0,6|0|0|0|0|0,1|1|1|1|1|1|1|1|1|1|1|1|4,3,6|1|1|1|1|1|1|4,3,6|1|1|1|0|0|0|1|1|0,6|0,6|0,6|0,6|0,6|0,6|0,6|0,6|0,6|0,6|0,6|0,6|1|1|1|0,6|0,6|0|0|0|0|0|0|0|0|0|0|0|0|0|0,3|1,3|1,3|1,3|1,3|0,6|0,6|0,6|0,6|0,6|0,6|0,6|0,6|0,6|0,6|0,6|0,6|0,6|0,6|1|1|1,3|1|0,6|0|0|0|0|0,3,6|0,3,6|0,3,6|0,3,6|0,3,6|0,3,6|0,2,3,6|0,3,6|0,3,6|0,3,6|0,3,6|0,3,6|0,3,6|0,3,6|0,3,6|0,3,6|0,3,6|0,2,3,6|0,3,6|0|0|0|0|0|0|0|0|0|0|0|0|0|0|0|0|0|2|1|1|1|1|1|1|1|1|1|1|1,3|1|1|1|1|1|1|1,3|1|1|1|0|0|0,6|1|1|0,6|0,6|0,6|0,6|0,6|0,6|0,6|0,6|0,6|0,6|0,6|0,6|0,6|0,6|0,6|0,6|0,6|0|0|0|0|0|0|0|0|0|0|0|0|0|0|0,6|0,6|0,6|0,6|0,6|0,3,6|0,3,6|0,3,6|0,3,6|0,3,6|0,3,6|0,3,6|0,3,6|0,3,6|0,3,6|0,3,6|0,3,6|0,3,6|3,3,6|0,3,6|0,3,6|0,6|0,6|0|0|0|0|0,6|0,6|0,6|0,6|0,6|0,6|0,2,6|0,6|0,6|0,6|0,6|0,6|0,6|0,6|0,6|0,6|0,6|0,2,6|0,6|0|0|0|0|0|0|0|0|0|0|0|0|0|0|0|0|0|0|2|1|1|1|1|1|1|1|1|1|1,3|1,3|1,3|1,3|1,3|1,3|1,3|1,3|1|1|1|0|0|0,6|1|1|0,6|0,6|0|0|0|0|0|0|0|0|0|0,6|0,6|0,6|0,6|0,6|0,6|0|0|0|0|0|0|0|0|0|0|0|0|0|0|0,6|0,6|0,6|0,6|0,6|0,3,6|0|0|0|0|0|0|0|0|0|0|0|0|3,6|0,6|0|0|0|0|0|0|0|0|0|0|0,6|0,6|0,6|0,2,6|0,6|0,6|0,6|0,6|0,6|0,6|0,6|0,6|0,6|0,6|0,2,6|0,6|0|0|0|0|0|0|0|0|0|0|0|0|0|0|0|0|0|0|0|0|0,2|0,2|0|0|1|1|1|1|1|1|1|1|1|1|1|1|1|1|1|0|0|0,6|1|1|0,6|0,6|0|0|0|0|0|0|0|0|0|0,6|0,6|0,6|0,6|0,6|0,6|0|0|0|0|0|0|0|0|0|0|0|0|0|0|1|1|1|1|0,6|0,3,6|0|0|0|0|0|0|0|0|0|0|0|0|3,6|0,6|0|0|0|0|0|0|0|0|0|1|1|0,6|0,6|0,6|0,6|0,6|0,6|0,6|0,6|0,6|0,6|0,6|0,6|1|1|1|0|0|0|0|0|0|0|0|0|0|0|0|0|0|0|0|0|0|0|0|0|0|0|0|0|1|1|1|1|1|1|1|1|1|1|1|1|1|1|0|0|0|1|1|1|0,6|0|0|0|0|0|0|0|0|0|1|1|1|1|1|0,6|0|0|0|0|0|0|0|0|0|0|0|0|0|0|1|1|1|1|0,6|0,3,6|0|0|0|0|0|0,1|0,1|0,1|0,1|0,1|0,1|0,1|3,1,6|0,1,6|0,1|0,1|0,1|0,1|0,1|0,1|0,1|0,1|0,1,6|1|1|0,6|0|0|0|0|0|0|0|0|0|0|0|1|1|1|0|0|0|0|0|0|0|0|0|0|0|0|0|0|0|0|0|0|0|0|0|0|0|0|0|1|1|1|1|1|0,6|1|1|1|1|1|1|1|1|0|0|0|3,6|4,3,6|1,9,3|0,6|0|0|0|0|0|0|0|0,6|1|1|1|1|1|1|0,6|0|0|0|0|0|0|0|0|0|0|0|0|0|0|1|1|1,3|1,3|0,3,6|0,3,6|0|0|0|0|0|0|0|0|0|0|0|0|3,6|0,6|0|0|0|0|0|0|0|0,6|0,6|1|1|0,6|0|0|0|0|0|0|0|0|0|0|0|0|0|0|0|0|0|0|0|0|0|0|0|0|0|0|0|0|0|0|0|0|0|0|0|0|0|0|0|0|1|0,6|0,6|1|0|0|1|1|1|0,6|0,6|1|1|0|0|0,7|1|1|1|0|0|0|0|0|0|0|0|0,6|1|1|1|1|1|0,6|0,6|0|0|0|0|0|0|0|0|0|0|0|0|0|0|3,6|4,3,6|1,3|1|0,6|0,6|0|0|0|0|0|0|0|0|0|0|0|0|3,6|0,6|0|0|0|0|0|0|0,6|0,6|0,6|1|1|0,6|0|0|0|0|0|0|0|0|0|0|0|0|0|0|0|0|0|0|0|0|0|0|0|0|0|0|0|0|0|0|0|0|0|0|0|0|0|0|0|0|1|0,6|0,6|1|0|0|0|1|1|0,6|0,6|1|1|0|0|0,7|1|1|1|0|0|0|0|0|0|0|0|0,6|1|1|1|1|1|0,6|0,6|0|0|0|0|0|0|0|0|0|0|0|0|0|0|1|1|1|1|0|0|0|0|0|0|0|0|0|0|0|0|0|0|0,6|0,6|0|0|0|0|0|0|0|0,6|0,6|1|1|0,6|0|0|0|0|0|0|0|0|0|0|0|0|0|0|0|0|0|0|0|0|0|1|1|1|1|1|0|0|0|0|0|0|0|0|0|0|0|0|0|0|1|0,6|0,6|1|0|0|0|0|1|0,6|0,6|1|1|0|0|0|1|1|1|0|0|0|0|0|0|0|0|0,6|0,6|1|1|1|1|0,6|0,6|0|0|0|0|0|0|0|0|0|0|0|0|0|0|0,6|0,6|0,6|0,6|0|0|0|0|0|0|0|0|0|0|0|0|0|0|0,6|0,6|0|0|0|0|0|0|0|0|0|1|1|0|0|0|0|0|0|0|0|0|0|0|0|0|0|0|0|0|0|0|0|0|0|1|1|1|1|1|
