DS_A02
54*35|-1|0
1.6633*7.8252|0|0
-160,-30
Border: Solid
1,22,8|



20|5|15|0,11,0,0,1,-1 -1,518 62,-1 -1,450 37,410 19,-1 -1,518 62,-1 -1,450 37,410 19,-1 -1,1754 67,-1 -1,922 34,883 16,-1 -1,196 39,187 35,215 48,188 26,-1 -1,91 39,82 35,120 53,155 69,-1 -1,518 62,-1 -1,450 37,410 19,-1 -1,2171 40,2019 35,2549 52,2055 36,-1 -1,-1 -1,-1 -1,-1 -1,-1 -1,-1 -1,78 40,68 35,98 50,90 46,-1 -1,-1 -1,-1 -1,-1 -1,-1 -1,-1 -1,-1 -1,-1 -1,-1 -1,-1 -1,-1 -1,-1 -1,-1 -1,-1 -1,-1 -1,-1 -1,-1 -1,-1 -1,-1 -1,-1 -1,-1 -1,-1 -1,-1 -1,-1 -1,-1 -1,-1 -1,346 62,-1 -1,-1 -1,-1 -1,|0,4,0,0,1,-1 -1,-1 -1,-1 -1,193 63,153 45,-1 -1,-1 -1,-1 -1,193 63,153 45,-1 -1,-1 -1,-1 -1,260 63,221 45,196 39,-1 -1,92 47,114 58,87 35,91 39,-1 -1,92 47,125 63,94 47,-1 -1,-1 -1,-1 -1,193 63,153 45,2171 40,-1 -1,1454 44,1985 61,1490 45,-1 -1,-1 -1,-1 -1,-1 -1,-1 -1,78 40,-1 -1,94 48,116 59,95 47,-1 -1,-1 -1,-1 -1,-1 -1,-1 -1,-1 -1,-1 -1,-1 -1,-1 -1,-1 -1,-1 -1,-1 -1,-1 -1,-1 -1,-1 -1,-1 -1,-1 -1,120 42,156 55,132 43,-1 -1,-1 -1,-1 -1,-1 -1,-1 -1,-1 -1,-1 -1,-1 -1,-1 -1,-1 -1,|0,4,0,0,1,-1 -1,251 83,-1 -1,106 23,143 40,-1 -1,251 83,-1 -1,106 23,143 40,-1 -1,1082 91,-1 -1,173 23,211 40,187 35,92 47,-1 -1,47 24,83 40,82 35,92 47,-1 -1,46 24,81 40,-1 -1,251 83,-1 -1,106 23,143 40,2019 35,1454 44,-1 -1,1833 56,1339 40,-1 -1,-1 -1,-1 -1,-1 -1,-1 -1,68 35,94 48,-1 -1,46 24,85 42,-1 -1,-1 -1,-1 -1,-1 -1,-1 -1,-1 -1,-1 -1,-1 -1,-1 -1,-1 -1,-1 -1,-1 -1,-1 -1,-1 -1,-1 -1,-1 -1,120 42,-1 -1,142 48,122 38,-1 -1,-1 -1,-1 -1,-1 -1,-1 -1,-1 -1,221 83,-1 -1,-1 -1,-1 -1,|1,2,0,0,1,-1 -1,155 66,-1 -1,-1 -1,48 23,-1 -1,155 66,-1 -1,-1 -1,48 23,-1 -1,920 74,-1 -1,-1 -1,49 23,215 48,114 58,47 24,-1 -1,43 21,120 53,125 63,46 24,-1 -1,43 21,-1 -1,155 66,-1 -1,-1 -1,48 23,2549 52,1985 61,1833 56,-1 -1,1041 27,-1 -1,-1 -1,-1 -1,-1 -1,-1 -1,98 50,116 59,46 24,-1 -1,47 23,-1 -1,-1 -1,-1 -1,-1 -1,-1 -1,-1 -1,-1 -1,-1 -1,-1 -1,-1 -1,-1 -1,-1 -1,-1 -1,-1 -1,-1 -1,-1 -1,146 55,132 48,-1 -1,96 25,-1 -1,-1 -1,-1 -1,-1 -1,-1 -1,-1 -1,-1 -1,-1 -1,-1 -1,-1 -1,|1,1,0,0,1,-1 -1,115 48,-1 -1,48 23,-1 -1,-1 -1,115 48,-1 -1,48 23,-1 -1,-1 -1,881 56,-1 -1,49 23,-1 -1,203 41,94 48,83 40,43 21,-1 -1,155 69,94 47,81 40,43 21,-1 -1,-1 -1,115 48,-1 -1,48 23,-1 -1,2055 36,1490 45,1338 40,1041 27,-1 -1,-1 -1,-1 -1,-1 -1,-1 -1,-1 -1,90 46,95 47,85 42,47 23,-1 -1,-1 -1,-1 -1,-1 -1,-1 -1,-1 -1,-1 -1,-1 -1,-1 -1,-1 -1,-1 -1,-1 -1,-1 -1,-1 -1,-1 -1,-1 -1,-1 -1,132 43,122 38,96 25,-1 -1,-1 -1,-1 -1,-1 -1,-1 -1,-1 -1,-1 -1,-1 -1,-1 -1,-1 -1,-1 -1,|
1|1|1|1|1|1|1|1|1|1|1|1|1|1|1|1|1|1|1|1|1|1|1|1|1|1|1|1|1|1|1|1|1|1|1|1|1|1|1|1|1|1|1|1|1|1|1|1|1,4,3|1|1|1|1|1|1|1|1|1|1|1|1|1|1|1|1|1|1|1|1|1|1|1|1|1|1|1|1|1,3|1,3|1,3|1,3|1,3|1|1,3|1|1|1|1|1|1|1|1|1|1|1|1|1|1|1|1|1|1|1|1|1|1|1|1|1|1|1|1|1,3|1|1|1|1,3|1|1,3|1|1|1|1|1|1|1|1|1|1|1|1|1|1|1|1|1|1|1|1|1|1|1|1|1|1|1|1|1,3|1|1|1|1,3|1|1,3|1|0,6|0,6|0,6|0,6|0,6|0,6|0,6|0,6|0,6|1|1|1,9,3|1|1|1|1|1|1|1|1|1|1|1|1|1|1|1|4,3,6|1|1|1|4,3,6|1|4,3,6|1|0,6|1|1|1|1|1|1|1|0,6|1|1|4,3,6|1|1|1|1|1|1|1|1|1|1|1|1|1|1|1|0,6|1|1|1|0,6|1|0,6|1|0,6|1|1|1|1|1|1|1|0,6|1|1|0,6|1|1|1|1|1|1|1|1|1|1|1|1|1|1|2,6|0,6|1|1|0,6|0|0|0,6|0,6|0|0|0,6|1|1|1|1|0,6|0|0|3|0|2|1|1|1|1|1|1|1|1|1|1|1|1|1|0,6|0,6|1|1|0,6|0|0|0,6|0,6|0|0|0,6|1|1|1|1|0,6|0|0|3|0|0|2,6|1|1|1|1|1|1|1|1|1|1|1|1|0,6|0,6|1|1|1|0,1|0,1|0,1,6|0,1,6|0,1|0,1|1|1|1|1|1|0,6|0|0|0|0|0|0,6|2,6|1|1|1|1|1|1|1|1|1|1|1|0,6|0,6|1|1|0,6|0|0|0,6|0,6|0|0|0,6|1|1|1|1|0,6|0|0|0|0|0|0,6|0,6|2,6|1|1|1|1|1|1|1|1|1|1|0,6|0,6|1|1|0,6|0|0|0,6|0,6|0|0|0,6|1|1|1|1|0,6|0|0|0|0|0|0,6|0,6|0,6|2,6|1|1|1|1|1|1|1|1|1|0,6|0,6|1|1|0,6|0|0|0,6|0,6|0|0|0,6|1|1|1|1|0,6|0|0|0|0|0|0,6|0|0|0|2|1|1|1|1|1|1|1|1|0,6|0,6|1|1|0,6|0|0|0,6|0,6|0|0|0,6|1|1|1|1|0,1,6|0,1|0,1|0,1|1|0|0,6|0|0|0,1|0,1|1|1|1|1|1|1|1|1|0,6|0,6|1|1|0,6|0|0|0,6|0,6|0|0|0,6|1|1|1|1|0,6|0|0|0|3|0|0,6|0,6|0,6|0,6|0,6|1|1|1|1|1|1|1|1|0,6|0,6|1|1|0,6|0|0|0,6|0,6|0|0|0,6|1|1|1|1|0,6|0|0|0|3|0|0,6|0,6|0,6|0,6|0,6|1|1|1|1|1|1|1|1|0,6|0,6|1|1|0,6|0|0|0,6|0,6|0|0|0,6|1|1|1|1|0,6|0|0|0|3|0|0,6|0|0|0|2|1|1|1|1|1|1|1|1|0,6|0,6|1|1|0,6|0|0|0,6|0,6|0|0|0,6|1|1|1|1|0,6|0|0|0|3|0|0,6|0|0|0|1|1|1|1|1|1|1|1|1|0,6|0,6|1|1|0,6|0|0|0,6|0,6|0|0|0,6|1|1|1|1|0,6|0|0|0|3|0|0,6|0,6|0,6|0,6|1|1|1|1|1|1|1|1|1|0,6|0,6|1|1|0,6|0|0|0,6|0,6|0|0|0,6|1|1|1|1|0,6|0|0|0|3|0|0,6|0,6|0,6|0,6|1|1|1|1|1|1|1|1|1|0,6|0,6|1|1|0,6|0|0|0,6|0,6|0|0|0,6|1|1|1|1|0,6|0|0|0|3|0|0,6|0,6|0,6|0,6|0,6|1|1|1|1|1|1|1|1|0,6|0,6|1|1|0,6|0|0|0,6|0,6|0|0|0,6|1|1|1|1|0,6|0|0|0|3|0|0,6|0,6|0,6|0,6|0,6|1|1|1|1|1|1|1|1|0,6|0,6|1|1|0,6|0|0|0,6|0,6|0|0|0,6|1|1|1|1|0,6|0|0|0|3|0|0,6|0,6|0,6|0,6|0,6|1|1|1|1|1|1|1|1|0,6|0,6|1|1|0|0|0|0,6|0,6|0|0|0,6|1|1|1|1|0,6|0|0|0|3|0|0,6|0,6|0,6|0,6|0,6|1|1|1|1|1|1|1|1|2,6|0,6|1|1|0|0|0|0,6|0,6|0|0|0,6|1|1|1|1|0,1,6|0,1|0,1|0,1|1|0|0,6|0|0|0|0|1|1|1|1|1|1|1|1|1|0,6|1|1|0,6|0,6|0|0,6|0,6|0|1|1|1|1|1|1|1|0|0|0|0|0|0,6|0|0|0|0|1|1|1|1|1|1|1|1|1|4,3,6|1|1|0|0,6|0|0,6|0,6|0|1|1|1|1|1|1|1|0|0|0|0|0|0,6|0,6|0,6|0,6|0,6|1|1|1|1|1|1|1|1|1|1,9,3|1|1|2|0,6|0|0,6|0,6|0|0|0|0|0|0|0|0|0|0|0|0|0|0,6|0,6|0,6|0,6|2,6|1|1|1|1|1|1|1|1|1|1|1|1|1|0,6|0|0,6|0,6|0|0|0|0|0|0|0|0|0|0|0|0|0|0,6|0,6|0,6|0,6|1|1|1|1|1|1|1|1|1|1,3|1,3|1,3|4,3,6|0,1,6|0,1,6|0,1|0,1,6|0,6|0|0|0|0|0|0|0|0|0|0|0,1|0,1|0,1|0,1,6|0,1,6|0,1,6|0,1,6|3,1,6|4,3,6|1,5,3|1|1|1|1|1|1|1,3|1|1|1|1|0,6|0|0,6|0,6|0|0|0|0|0|0|0|0|0|0|0|0|0|0,6|0,6|0,6|0,6|1|1|1|1|1|1|1|1|1|1,3|1|1|1|2|0,6|0|0,6|0,6|0|0|0|0|0|0|0|0|0|0|0|0|0|0,6|0|0|0|2|1|1|1|1|1|1|1|1|1,3|1|1|1|0|0,6|0|0,6|0,6|0|1|1|1|1|1|1|1|0|0|0|0|0|0,6|0|0|0|0|1|1|1|1|1|1|1|1|1,3|1|1|1|0|0,6|0|0,6|0,6|0|1|1|1|1|1|1|1|0|0|0|0|0|0,6|0,6|0,6|0,6|0,6|1|1|1|1|1|1|1|1|4,3,6|1|1|2,6|0|0,6|0|0,6|0,6|0|0|0,6|1|1|1|1|0,1,6|0,1|0,1|0,1|1|0|0,6|0,6|1|0,1,6|0,1,6|1|1|1|1|1|1|1|1|0,6|1|1|0,6|0|0,6|0|0,6|0,6|0|0|0,6|1|1|1|1|0,6|0|0|0|3|0|0,6|0,6|3,6|0,6|0,6|1|1|1|1|1|1|1|1|0,6|1|1|0,6|0|0,6|0|0,6|0,6|0|0|0,6|1|1|1|1|0,6|0|0|0|3|0|0,6|0,6|3,6|0,6|0,6|1|1|1|1|1|1|1|1|0,6|1|1|0,6|0,6|0,6|0,6|0,6|0,6|0|0|0,6|1|1|1|1|0,6|0|0|0|3|0|0,6|0,6|3,6|0,6|1|1|1|1|1|1|1|1|1|0,6|1|1|0,6|0,6|0,6|0,6|0,6|0,6|0|0|0,6|1|1|1|1|0,6|0|0|0|3|0|0,6|0,6|3,6|0,6|1|1|1|1|1|1|1|1|1|0,6|1|1|0,6|0|0,6|0|0|0|0|0|0,6|1|1|1|1|0,1,6|0,1|0,1|0,1|1|0|0,6|0,6|1|0,1,6|2,1,6|1|1|1|1|1|1|1|1|0,6|1|1|0,6|0|0,6|0|0|0|0|0|0,6|1|1|1|1|0,6|0|0|0|0|0|0,6|0,6|0,6|0,6|0,6|1|1|1|1|1|1|1|1|0,6|1|1|0,6|0|0,6|0|0|0|0|0|0,6|1|1|1|1|0,6|0|0|0|0|0|0,6|0|0|0|2|1|1|1|1|1|1|1|1|0,6|1|1|0,6|0|0,6|0|0|0|0|1|1|1|1|1|1|0,6|0|0|0|0|0|0,6|0|0|2|1|1|1|1|1|1|1|1|1|0,6|1|1|0,6|0,6|0,6|0,6|0,6|0,6|0,6|1|1|1|1|1|1|0,6|0|0|0|0|0|0,6|0,6|2,6|1|1|1|1|1|1|1|1|1|1|4,3,6|1|1|2,6|0|0,6|0|0|0|0|0|0,6|1|1|1|1|0,6|0|0|0|0|0|0,6|2,6|1|1|1|1|1|1|1|1|1|1|1|1,3|1|1|1|0|0,6|0|0|0|0|0|0,6|1|1|1|1|0,6|0|0|3|0|0|2,6|1|1|1|1|1|1|1|1|1|1|1|1|1,3|1|1|1|0|0,6|0|0|0|0|0|0,6|1|1|1|1|0,6|0|0|3|0|2|1|1|1|1|1|1|1|1|1|1|1|1|1|1,3|1|1|1|1|0,6|1|0,6|1|0,6|1|1|1|1|1|1|1|0,6|1|1|0,6|1|1|1|1|1|1|1|1|1|1|1|1|1|1|1,3|1|1|1|1|4,3,6|1|4,3,6|1|0,6|1|1|1|1|1|1|1|0,6|1|1|4,3,6|1|1|1|1|1|1|1|1|1,4,3|1,3|1,3|1,3|1,3|1,3|1,3|1|1|1|1|1,3|1|1,3|1|0,6|0,6|0,6|0,6|0,6|0,6|0,6|0,6|0,6|1|1|1,3|1|1|1|1|1|1|1|1|1|1|1|1|1|1|1|1|1|1|1|1,3|1|1,3|1|1|1|1|1|1|1|1|1|1|1|1|1,5,3|1|1|1|1|1|1|1|1|1|1|1|1|1|1|1|1|1|1|1|1,3|1|1,3|1|1|1|1|1|1|1|1|1|1|1|1|1|1|1|1|1|1|1|1|1|1|1|1|1|1|1|1|1|1|1|1|1|1|1,4,3|1|1|1|1|1|1|1|1|1|1|1|1|1|1|1|1|1|1|1|1|1|1|1|1|1|1|1|1|1|1|1|1|1|1|1|1|1|1|1|1|1|1|1|1|1|1|1|1|1|1|1|1|1|1|1|1|
