DS_A04
48*35|4|1
0.4384*0.8988|0|0
-220,-30
Border: Solid




3|1|6|0,4,-1 -1,-1 -1,-1 -1,-1 -1,-1 -1,-1 -1,|
1,6|1,6|1,6|1,6|1,6|1,6|1,6|1,6|1,6|1,6|1,6|1,6|1,6|1,6|1,6|1,6|1,6|1,6|1,4,3,6|1,6|1,6|1,6|1,6|1,6|1,6|1,6|1,6|1,6|1,6|1,6|1,6|1,6|1,6|1,6|1,6|1,6|1,6|1,6|1,6|1|1|1|1|0|0|0|0|0|0|0,6|1,6|1,6|1,6|1,3,6|1,6|1,6|1,6|1,6|1,6|1,6|1,6|1,6|1,6|1,6|1,6|1,6|1,6|1,6|1,6|1,6|1,6|1,6|1,6|1,6|1|1|1|1|0|0|0|0,1|0,1|0,1|0,1,6|0,1,6|4,3,6|1,3,6|1,3,6|1,6|1,6|1,6|1,6|1,6|1,6|1,6|1,6|1,6|1,6|1,6|1,6|1,6|1,6|1,6|1,6|1,6|1,6|1,6|1,6|0|0|0|0|0|0|0|0|0|0|0,6|1,6|1,6|1,6|1,6|1,6|1,6|1,6|1,6|1,6|1,6|1,6|1,6|1,6|1,6|1,6|1,6|1,6|1,6|1,6|1,6|1,6|1,6|1,6|1,6|0|0|0,6|0,6|0,6|0,6|0,6|0,6|0|0|0,6|0,6|1,6|1,6|1,6|1,6|1,6|1,6|2,6|0,6|0,6|0,6|0,6|0,6|0,6|0,6|0,6|0,6|1,6|1,6|1,6|1,6|1,6|1,6|1,6|0|0|0,6|0,6|0,6|0,6|0,6|0,6|0|0|0,6|0,6|1,6|1,6|1,6|1,6|1,6|2,6|0|0|0|0|0|0|0|0|0|0|1,6|1,6|1,6|1,6|1,6|1,6|1,6|0|0|0,6|0,6|0,6|0,6|0,6|0,6|0|0|0,6|0,6|1,6|1,6|1,6|1,6|1,6|0,6|0|0|0|0|0|0|0|0|0|0|1,6|1,6|1,6|1,6|1,6|1,6|1,6|0|0|0,6|0,6|0,6|0,6|0,6|0,6|0|0|0,6|0,6|1,6|1,6|1,6|1,6|1,6|0,6|0|0|0|0|0|0|0|0|0|0|1,6|1,6|1,6|1,6|1,6|1,6|1,6|0|0|0,6|0,6|0,6|0,6|0,6|0,6|0|0|0,6|0,6|1,6|1,6|1,6|1,6|1,6|2,6|0|0|0|0|0|0|0|0|0|0|1,6|1,6|1,6|1,6|1,6|1,6|1,6|0|0|0,6|0,6|0,6|0,6|0,6|0,6|0|0|0,6|0,6|1,6|1,6|1,6|1,6|1,6|1,6|2,6|0,6|0,6|0,6|0,6|0,6|0,6|0,6|0,6|0,6|1,6|1,6|1,6|1,6|1,6|1,6|1,6|0|0|0|0|0|0|0|0|0|0|0,6|0,6|1,6|1,6|1,6|1,6|1,6|1,6|1,6|1,6|1,6|1,6|1,6|1,6|1,6|1,6|1,6|1,6|1,6|1,6|1,6|1,6|1,6|1,6|1,6|1|1|0|0|0|0|0|0|0|0|0,6|1,6|1,6|1,6|1,6|1,6|1,6|1,6|1,6|1,6|1,6|1,6|1,6|1,6|1,6|1,6|1,6|1,6|1,6|1,6|1,6|1,6|1,6|1,6|1,6|1|1|0|0|0|0|0|0|0|0|0,6|1,6|1,6|1,6|1,6|1,6|1,6|1,6|1,6|1,6|1,6|1,6|1,6|1,6|1,6|1,6|1,6|1,6|1,6|1,6|1,6|1,6|1,6|1,6|1,6|0|0|0|0|0|0|0|0|0|0|0,6|0,6|1,6|1,6|1,6|1,6|1,6|1,6|1,6|1,6|1,6|1,6|1,6|1,6|1,6|1,6|1,6|1,6|1,6|1,6|1,6|1,6|1,6|1,6|1,6|0|0|0|0|0|0|0|0|0|0|0,6|0,6|1,6|1,6|1,6|1,6|1,6|1,6|1,6|1,6|1,6|1,6|1,6|1,6|1,6|1,6|1,6|1,6|1,6|1,6|1,6|1,6|1,6|1,6|1,6|0|0|0,6|0,6|0,6|0,6|0,6|0,6|0|0|0,6|0,6|1,6|1,6|1,6|1,6|1,6|1,6|2,6|0,6|0,6|0,6|0,6|0,6|0,6|0,6|0,6|0,6|1,6|1,6|1,6|1,6|1,6|1,6|1,6|0|0|0,6|0,6|0,6|0,6|0,6|0,6|0|0|0,6|0,6|1,6|1,6|1,6|1,6|1,6|2,6|0|0|0|0|0|0|0|0|0|0|1,6|1,6|1,6|1,6|1,6|1,6|1,6|0|0|0,6|0,6|0,6|0,6|0,6|0,6|0|0|0,6|0,6|1,6|1,6|1,6|1,6|1,6|0,6|0|0|0|0|0|0|0|0|0|0|1,6|1,6|1,6|1,6|1,6|1,6|1,6|0|0|0,6|0,6|0,6|0,6|0,6|0,6|0|0|0,6|0,6|1,6|1,6|1,6|1,6|1,6|0,6|0|0|0|0|0|0|0|0|0|0|1,6|1,6|1,6|1,6|1,6|1,6|1,6|0|0|0,6|0,6|0,6|0,6|0,6|0,6|0|0|0,6|0,6|1,6|1,6|1,6|1,6|1,6|2,6|0|0|0|0|0|0|0|0|0|0|1,6|1,6|1,6|1,6|1,6|1,6|1,6|0|0|0,6|0,6|0,6|0,6|0,6|0,6|0|0|0,6|0,6|1,6|1,6|1,6|1,6|1,6|1,6|2,6|0,6|0,6|0,6|0,6|0,6|0,6|0,6|0,6|0,6|1,6|1,6|1,6|1,6|1,6|1,6|1,6|0|0|0|0|0|0|0|0|0|0|0,6|0,6|1,6|1,6|1,6|1,6|1,6|1,6|1,6|1,6|1,6|1,6|1,6|1,6|1,6|1,6|1,6|1,6|1,6|1,6|1,6|1,6|1,6|1,6|1,6|0|0|0|0|0|0|0|0|0|0|0,6|0,6|1,6|1,6|1,6|1,6|1,6|1,6|1,6|1,6|1,6|1,6|1,6|1,6|1,6|1,6|1,6|1,6|1,6|1,6|1,6|1,6|1,6|1,6|1,6|1|0|0|0|0|0|0|0|0|0|0,6|1,6|1,6|1,6|1,6|1,6|1,6|1,6|1,6|1,6|1,6|1,6|1,6|1,6|1,6|1,6|1,6|1,6|1,6|1,6|1,6|1,6|1,6|1,6|1,6|1|0,1|0,1|0,1|0,1|0,1|0,1|0,1|0,1|0,1|0,1,6|1,6|1,6|1,6|1,6|1,6|1,6|1,6|1,6|1,6|1,6|1,6|1,6|1,6|1,6|1,6|1,6|1,6|1,6|1,6|1,6|1,6|1,6|1,6|1,6|1|0|0|0|0|0|0|0|0|0|0,6|1,6|1,6|1,6|1,6|1,6|1,6|1,6|1,6|1,6|1,6|1,6|1,6|1,6|1,6|1,6|1,6|1,6|1,6|1,6|1,6|1,6|1,6|1,6|1,6|0|0|0|0|0|0|0|0|0|0|0,6|0,6|1,6|1,6|1,6|1,6|1,6|1,6|1,6|1,6|1,6|1,6|1,6|1,6|1,6|1,6|1,6|1,6|1,6|1,6|1,6|1,6|1,6|1,6|1,6|0|0|0,6|0,6|0,6|0,6|0,6|0,6|0|0|0,6|0,6|1,6|1,6|1,6|1,6|1,6|1,6|2,6|0,6|0,6|0,6|0,6|0,6|0,6|0,6|0,6|0,6|1,6|1,6|1,6|1,6|1,6|1,6|1,6|0|0|0,6|0,6|0,6|0,6|0,6|0,6|0|0|0,6|0,6|1,6|1,6|1,6|1,6|1,6|2,6|0|0|0|0|0|0|0|0|0|0|1,6|1,6|1,6|1,6|1,6|1,6|1,6|0|0|0,6|0,6|0,6|0,6|0,6|0,6|0|0|0,6|0,6|1,6|1,6|1,6|1,6|1,6|0,6|0|0|0|0|0|0|0|0|0|0|1,6|1,6|1,6|1,6|1,6|1,6|1,6|0|0|0,6|0,6|0,6|0,6|0,6|0,6|0|0|0,6|0,6|1,6|1,6|1,6|1,6|1,6|0,6|0|0|0|0|0|0|0|0|0|0|1,6|1,6|1,6|1,6|1,6|1,6|1,6|0|0|0,6|0,6|0,6|0,6|0,6|0,6|0|0|0,6|0,6|1,6|1,6|1,6|1,6|1,6|2,6|0|0|0|0|0|0|0|0|0|0|1,6|1,6|1,6|1,6|1,6|1,6|1,6|0|0|0,6|0,6|0,6|0,6|0,6|0,6|0|0|0,6|0,6|1,6|1,6|1,6|1,6|1,6|1,6|2,6|0,6|0,6|0,6|0,6|0,6|0,6|0,6|0,6|0,6|1,6|1,6|1,6|1,6|1,6|1,6|1,6|0|0|0|0|0|0|0|0|0|0|0,6|0,6|1,6|1,6|1,6|1,6|1,6|1,6|1,6|1,6|1,6|1,6|1,6|1,6|1,6|1,6|1,6|1,6|1,6|1,6|1,6|1,6|1,6|1,6|1,6|1|0|0|0|0|0|0|0|0|0|0,6|1,6|1,6|1,6|1,6|1,6|1,6|1,6|1,6|1,6|1,6|1,6|1,6|1,6|1,6|1,6|1,6|1,6|1,6|1,6|1,6|1,6|1,6|1,6|1,6|1|0,1|0,1|0,1|0,1|0,1|0,1|0,1|0,1|0,1|0,1,6|1,6|1,6|1,6|1,6|1,6|1,6|1,6|1,6|1,6|1,6|1,6|1,6|1,6|1,6|1,6|1,6|1,6|1,6|1,6|1,6|1,6|1,6|1,6|1,6|1|0|0|0|0|0|0|0|0|0|0,6|1,6|1,6|1,6|1,6|1,6|1,6|1,6|1,6|1,6|1,6|1,6|1,6|1,6|1,6|1,6|1,6|1,6|1,6|1,6|1,6|1,6|1,6|1,6|1,6|0|0|0|0|0|0|0|0|0|0|0,6|0,6|1,6|1,6|1,6|1,6|1,6|1,6|1,6|1,6|1,6|1,6|1,6|1,6|1,6|1,6|1,6|1,6|1,6|1,6|1,6|1,6|1,6|1,6|1,6|0|0|0,6|0,6|0,6|0,6|0,6|0,6|0|0|0,6|0,6|1,6|1,6|1,6|1,6|1,6|1,6|2,6|0,6|0,6|0,6|0,6|0,6|0,6|0,6|0,6|0,6|1,6|1,6|1,6|1,6|1,6|1,6|1,6|0|0|0,6|0,6|0,6|0,6|0,6|0,6|0|0|0,6|0,6|1,6|1,6|1,6|1,6|1,6|2,6|0|0|0|0|0|0|0|0|0|0|1,6|1,6|1,6|1,6|1,6|1,6|1,6|0|0|0,6|0,6|0,6|0,6|0,6|0,6|0|0|0,6|0,6|1,6|1,6|1,6|1,6|1,6|0,6|0|0|0|0|0|0|0|0|0|0|1,6|1,6|1,6|1,6|1,6|1,6|1,6|0|0|0,6|0,6|0,6|0,6|0,6|0,6|0|0|0,6|0,6|1,6|1,6|1,6|1,6|1,6|0,6|0|0|0|0|0|0|0|0|0|0|1,6|1,6|1,6|1,6|1,6|1,6|1,6|0|0|0,6|0,6|0,6|0,6|0,6|0,6|0|0|0,6|0,6|1,6|1,6|1,6|1,6|1,6|2,6|0|0|0|0|0|0|0|0|0|0|1,6|1,6|1,6|1,6|1,6|1,6|1,6|0|0|0,6|0,6|0,6|0,6|0,6|0,6|0|0|0,6|0,6|1,6|1,6|1,6|1,6|1,6|1,6|2,6|0,6|0,6|0,6|0,6|0,6|0,6|0,6|0,6|0,6|1,6|1,6|1,6|1,6|1,6|1,6|1,6|0|0|0|0|0|0|0|0|0|0|0,6|0,6|1,6|1,6|1,6|1,6|1,6|1,6|1,6|1,6|1,6|1,6|1,6|1,6|1,6|1,6|1,6|1,6|1,6|1,6|1,6|1,6|1,6|1,6|1,6|1|1|1|1|1|1|0|0|0|0|0,6|0,6|1,6|1,6|1,6|1,6|1,6|1,6|1,6|1,6|1,6|1,6|1,6|1,6|1,6|1,6|1,6|1,6|1,6|1,6|1,6|1,6|1,6|1,6|1,6|1|1|1|1|1|1|0|0|0|0|0,6|1,6|1,6|1,6|1,6|1,6|1,6|1,6|1,6|1,6|1,6|1,6|1,6|1,6|1,6|1,6|1,6|1,6|1,6|1,6|1,6|1,6|1,6|1,6|1,6|1,6|1,6|1,6|1,6|1,6|1,6|1,6|1,6|1,6|1,6|1,6|1,6|1,6|1,6|1,6|1,6|1,6|1,6|1,6|1,6|1,6|1,6|1,6|1,6|1,6|1,6|1,6|1,6|1,6|1,6|1,6|
