DS_A12
48*35|2|0
2.6302*5.3928|0|0
-220,-30
Border: Passable




17|5|14|0,10,0,0,1,-1 -1,-1 -1,-1 -1,-1 -1,-1 -1,-1 -1,-1 -1,-1 -1,-1 -1,-1 -1,-1 -1,-1 -1,-1 -1,-1 -1,-1 -1,-1 -1,71 37,-1 -1,-1 -1,-1 -1,-1 -1,70 37,-1 -1,-1 -1,-1 -1,-1 -1,-1 -1,-1 -1,-1 -1,-1 -1,-1 -1,1529 42,896 35,985 40,1287 50,-1 -1,-1 -1,-1 -1,-1 -1,-1 -1,-1 -1,47 23,-1 -1,-1 -1,-1 -1,-1 -1,-1 -1,-1 -1,-1 -1,-1 -1,-1 -1,-1 -1,-1 -1,-1 -1,-1 -1,-1 -1,-1 -1,-1 -1,-1 -1,-1 -1,-1 -1,118 36,-1 -1,-1 -1,-1 -1,-1 -1,-1 -1,-1 -1,-1 -1,-1 -1,|0,5,0,0,1,-1 -1,-1 -1,-1 -1,-1 -1,-1 -1,-1 -1,-1 -1,-1 -1,-1 -1,-1 -1,-1 -1,-1 -1,-1 -1,-1 -1,-1 -1,71 37,-1 -1,-1 -1,-1 -1,-1 -1,70 37,-1 -1,-1 -1,-1 -1,-1 -1,-1 -1,-1 -1,-1 -1,-1 -1,-1 -1,1529 42,-1 -1,1071 22,1245 35,1579 49,-1 -1,-1 -1,-1 -1,-1 -1,-1 -1,47 23,-1 -1,-1 -1,-1 -1,-1 -1,-1 -1,-1 -1,-1 -1,-1 -1,-1 -1,-1 -1,-1 -1,-1 -1,-1 -1,-1 -1,-1 -1,-1 -1,-1 -1,-1 -1,-1 -1,118 36,-1 -1,-1 -1,-1 -1,-1 -1,-1 -1,-1 -1,-1 -1,-1 -1,-1 -1,|5,-1,0,-1,1,-1 -1,-1 -1,-1 -1,-1 -1,-1 -1,-1 -1,-1 -1,-1 -1,-1 -1,-1 -1,-1 -1,-1 -1,-1 -1,-1 -1,-1 -1,-1 -1,-1 -1,-1 -1,-1 -1,-1 -1,-1 -1,-1 -1,-1 -1,-1 -1,-1 -1,-1 -1,-1 -1,-1 -1,-1 -1,-1 -1,-1 -1,-1 -1,-1 -1,-1 -1,-1 -1,-1 -1,-1 -1,-1 -1,-1 -1,-1 -1,-1 -1,-1 -1,-1 -1,-1 -1,-1 -1,-1 -1,-1 -1,-1 -1,-1 -1,-1 -1,-1 -1,-1 -1,-1 -1,-1 -1,-1 -1,-1 -1,-1 -1,-1 -1,-1 -1,-1 -1,-1 -1,-1 -1,-1 -1,-1 -1,-1 -1,-1 -1,-1 -1,-1 -1,-1 -1,-1 -1,|5,-1,0,-1,1,-1 -1,-1 -1,-1 -1,-1 -1,-1 -1,-1 -1,-1 -1,-1 -1,-1 -1,-1 -1,-1 -1,-1 -1,-1 -1,-1 -1,-1 -1,-1 -1,-1 -1,-1 -1,-1 -1,-1 -1,-1 -1,-1 -1,-1 -1,-1 -1,-1 -1,-1 -1,-1 -1,-1 -1,-1 -1,-1 -1,-1 -1,-1 -1,-1 -1,-1 -1,-1 -1,-1 -1,-1 -1,-1 -1,-1 -1,-1 -1,-1 -1,-1 -1,-1 -1,-1 -1,-1 -1,-1 -1,-1 -1,-1 -1,-1 -1,-1 -1,-1 -1,-1 -1,-1 -1,-1 -1,-1 -1,-1 -1,-1 -1,-1 -1,-1 -1,-1 -1,-1 -1,-1 -1,-1 -1,-1 -1,-1 -1,-1 -1,-1 -1,-1 -1,-1 -1,-1 -1,|5,-1,0,-1,1,-1 -1,-1 -1,-1 -1,-1 -1,-1 -1,-1 -1,-1 -1,-1 -1,-1 -1,-1 -1,-1 -1,-1 -1,-1 -1,-1 -1,-1 -1,-1 -1,-1 -1,-1 -1,-1 -1,-1 -1,-1 -1,-1 -1,-1 -1,-1 -1,-1 -1,-1 -1,-1 -1,-1 -1,-1 -1,-1 -1,-1 -1,-1 -1,-1 -1,-1 -1,-1 -1,-1 -1,-1 -1,-1 -1,-1 -1,-1 -1,-1 -1,-1 -1,-1 -1,-1 -1,-1 -1,-1 -1,-1 -1,-1 -1,-1 -1,-1 -1,-1 -1,-1 -1,-1 -1,-1 -1,-1 -1,-1 -1,-1 -1,-1 -1,-1 -1,-1 -1,-1 -1,-1 -1,-1 -1,-1 -1,-1 -1,-1 -1,-1 -1,-1 -1,-1 -1,-1 -1,|
1,4,3,6|1,6|1,6|1,6|1,6|1,6|1,3,6|1,3,6|1,3,6|1,3,6|1,3,6|1,3,6|1,3,6|1,3,6|1,3,6|1,3,6|1,3,6|1,3,6|1,3,6|1,3,6|1,3,6|1,3,6|1,3,6|1,3,6|1,3,6|1,3,6|1,6|1,6|1,6|1,6|1,3,6|1,3,6|1,3,6|1,3,6|1,4,3,6|1,3,6|1,6|1,6|1,6|1,6|1,6|4,3,6|1,6|1,6|1,6|1,6|1,6|1,6|1,6|1,6|1,6|1,6|1,6|1,6|1,6|1,6|1,6|1,6|1,6|1,6|4,3,6|1,6|1,6|1,6|1,6|4,3,6|1,6|1,6|1,6|1,6|1,3,6|1,6|1,6|1,6|1,6|1,6|0,6|1,6|1,6|1,6|1,6|1,6|1,6|1,6|1,6|1,6|1,6|1,6|1,6|1,6|1,6|1,6|1,6|1,6|1,6|0,6|1,6|1,6|1,6|1,6|0,6|1,6|1,6|1,6|1,6|1,3,6|1,6|1,6|2,6|0,6|0,6|0,6|1,6|1,6|1,6|1,6|1,6|1,6|1,6|1,6|1,6|1,6|1,6|1,6|1,6|1,6|1,6|1,6|2,6|0,6|0,6|0,6|0,6|0,6|0,6|0,6|1,6|1,6|1,6|1,6|1,3,6|1,6|1,6|0,6|0,6|0,6|0,6|1,6|1,6|1,6|1,6|1,6|1,6|1,6|1,6|1,6|1,6|1,6|1,6|1,6|1,6|1,6|1,6|0,1,6|0,1,6|0,1,6|0,1,6|0,1,6|0,1,6|0,1,6|0,1,6|1,6|1,6|1,6|1,6|1,3,6|1,6|1,6|0,6|0,6|0,6|0,6|1,6|1,6|1,6|1,6|1,6|1,6|1,6|1,6|1,6|1,6|1,6|1,6|1,6|1,6|1,6|1,6|0,6|0,6|0,6|0,6|0,6|0,6|0,6|0,6|1,6|1,6|1,6|1,6|1,3,6|1,6|1,6|0,6|0,6|0,6|0,6|0,6|0,6|0,6|0,6|0,6|0,6|0,6|0,6|0,6|0,6|0,6|0,6|0,6|0,6|0,6|0,6|0,6|0,6|0,6|0,6|0,6|0,6|0,6|0,6|0,6|0,6|2,6|1,6|1,3,6|1,6|1,6|0|0|0|0|0|0|0|0|0,6|0|0|0|0|0|0|0|0|0,6|0|0,6|0,6|0,6|0,6|0,6|0,6|0,6|0,6|0,6|0,6|0,6|0,6|1,6|1,3,6|1,6|1,6|0,6|0,6|0,6|0,6|0,6|0,6|0,6|0,6|1,6|0,6|0,6|0,6|0,6|0,6|0,6|0,6|0,6|0,6|0,6|0,6|0,6|0,6|0,6|1,6|1,6|1,6|0,6|0,6|0,6|0,6|0,6|1,6|1,3,6|4,3,6|0,1,6|0,1|0,1|0,1|0,1|0,1|0|0|0|3,6|0|0|0|0|0|0|0|0|0,6|0|0,6|0,6|0,6|0,6|1,6|1,6|1,6|0,1,6|0,1,6|0,1,6|0,6|0,6|1,6|1,6|1,6|1,6|0|0|0|0|0|0|0|0|3,6|0|0|0|0|0|0|0|0|0,6|0|0,6|0,6|0,6|0,6|1,6|1,6|1,6|0,6|0,6|0,6|0,6|0,6|1,6|1,6|1,6|1,6|0|0|0|0|0|0|0|0|3,6|0|0|0|0|0|0|0|0|0,6|0|0,6|0,6|0,6|0,6|0,6|0,6|0,6|0,6|0,6|0,6|0,6|0,6|1,6|1,6|1,6|1,6|0,6|0,6|0,6|0,6|0|0|0|0|3,6|0|0|0|0|0|0|0|0|0,6|0|0,6|0,6|0,6|0,6|0,6|0,6|0,6|0,6|0,6|0,6|0,6|0,6|1,6|1,6|1,6|1,6|1,6|1,6|1,6|1,6|0|0|0|0|3,6|0|0|0|0|0|0|0|0|0,6|0|0,6|0,6|0,6|0,6|0,6|0,6|0,6|0,6|0,6|0,6|0,6|0,6|1,6|1,6|1,6|1,6|1,6|1,6|1,6|1,6|0,8,6|0,6|0,6|0,6|3,6|0,6|0,6|0,6|0,6|0,6|0,6|0,6|0|0,6|0,6|0,6|0,6|0,6|0,6|0,6|0,6|0,6|0,6|0,6|0,6|0,6|0,6|1,6|1,6|1,6|1,6|1,6|1,6|1,6|1,6|0,8|0|0|0|3,6|0|0|0|0|0|0|0|0|0,6|0|0,6|0,6|0,6|0,6|0,6|0,6|0,6|0,6|0,6|0,6|0,6|0,6|1,6|1,6|1,6|1,6|1,6|1,6|1,6|1,6|0|0|0|0|3,6|0|0|0|0|0|0|0|0|0,6|0|0,6|0,6|0,6|0,6|0,6|0,6|0,6|0,6|0,6|0,6|0,6|0,6|1,6|1,6|1,6|1,6|0,6|0,6|0,6|0,6|0|0|0|0|3,6|0|0|0|0|0|0|0|0|0,6|0|0,6|0,6|0,6|0,6|0,6|0,6|0,6|0,6|0,6|0,6|0,6|0,6|1,6|1,6|1,6|1,6|0|0|0|0|0|0|0|0|3,6|0|0|0|0|3|0|0|0|0,6|0|0,6|0,6|0,6|0,6|0,7,6|1,6|1,6|1,6|0,6|0,6|0,6|0,6|1,6|1,6|1,6|1,6|0|0|0|0|0|0|0|0|3,6|0|0|0|0|3|0|0|0|0,6|0|0,6|0,6|0,6|0,6|0,7,6|1,6|1,6|1,6|0,1,6|0,1,6|0,1,6|0,6|1,6|1,6|1,6|1,6|0,6|0,6|0,6|0,6|0,6|0,6|0,6|0,6|3,6|0,6|0,6|0,6|0,6|1,6|0,6|0,6|0,6|0,6|0,6|0,6|0,6|0,6|0,6|0,7,6|1,6|1,6|1,6|0,6|0,6|0,6|0,6|1,6|1,6|1,6|1,6|0,6|0,6|0,6|0,6|0,6|0,6|0|0|3,6|0|0|0|0|3|0|0|0|0,6|0|0,6|0,6|0,6|0,6|0,6|0,6|0,6|0,6|0,6|0,6|0,6|0,6|1,6|1,6|1,6|1,6|1,6|1,6|1,6|1,6|1,6|1,6|0|0|3,6|0|0|0|0|3|0|0|0|0,6|0|0,6|0,6|0,6|0,6|0,6|0,6|0,6|0,6|0,6|0,6|0,6|0,6|1,6|1,6|1,6|1,6|1,6|1,6|1,6|1,6|1,6|1,6|0,8|0,8|3,6|0|0|0|0|3|0|0|0|0,6|0|0,6|0,6|0,6|0,6|0,6|0,6|0,6|0,6|0,6|0,6|0,6|0,6|1,6|1,6|1,6|1,6|1,6|1,6|1,6|1,6|1,6|1,6|0,8|0|3,6|0|0|0|0|3|0|0|0|0,6|0|0,6|0,6|0,6|0,6|0,6|0,6|0,6|0,6|0,6|0,6|0,6|0,6|1,6|1,6|1,6|1,6|1,6|1,6|1,6|1,6|1,6|1,6|0|0|3,6|0|0|0|0|3|0|0|0|0,6|0|0,6|0,6|0,6|0,6|0,6|0,6|0,6|0,6|0,6|0,6|0,6|0,6|1,6|1,6|1,6|1,6|0,6|0,6|0,6|0,6|0,6|0,6|0,6|0,6|3,6|0,6|0,6|0,6|0,6|3,6|0,6|0,6|0,6|0,6|0,6|0,6|0,6|0,6|0,6|0,6|0,6|0,6|0,6|0,6|0,6|0,6|0,6|1,6|1,6|1,6|1,6|0|0|0|0|0|0|0|0|3,6|0|0|0|0|3|0|0|0|0,6|0|0,7,6|1,6|1,6|1,6|0,6|0,6|0,6|0,6|0,6|0,6|0,6|0,6|1,6|1,3,6|4,3,6|0,1,6|0,1|0,1|0,1|0,1|0,1|0,1|0,1|0,1|3,1,6|0,1|0|0|0|3|0|0|0|0,6|0|0,7,6|1,6|1,6|1,6|0,1,6|0,1,6|0,1,6|0,1,6|0,6|0,6|0,6|0,6|1,6|1,3,6|1,6|1,6|0|0|0|0|0|0|0|0|1,6|0|0|0|0|1,6|0|0|0|0,6|0|0,7,6|1,6|1,6|1,6|0,6|0,6|0,6|0,6|0,6|0,6|0,6|0,6|1,6|1,3,6|1,6|1,6|0,6|0,6|0,6|0,6|0|0|0|0|0,6|0|0|0|0|0|0|0|0|0,6|0|0,6|0,6|0,6|0,6|0,6|0,6|0,6|0,6|0,6|0,6|0,6|0,6|1,6|1,3,6|1,6|1,6|1,6|1,6|1,6|1,6|0|0|0|0|0,6|0|0|0|0|0|0|0|0|0,6|0|0,6|0,6|0,6|0,6|0,6|0,6|0,6|0,6|0,6|0,6|0,6|0,6|1,6|1,3,6|1,6|1,6|1,6|1,6|1,6|1,6|0,8,6|0,6|0,6|0,6|0,6|0,6|0,6|0,6|0,6|0,6|0,6|0,6|0,6|0,6|0,6|0,6|0,6|0,6|0,6|0,6|0,6|0,6|0,6|0,6|0,6|0,6|0,6|1,6|1,3,6|1,6|1,6|1,6|1,6|1,6|1,6|0,8|0,8|0|0|0,6|0|0|0|0|0|0|0|0|0,6|0|0,6|0,6|0,6|0,6|0,6|0,6|0,6|0,6|0,6|0,6|0,6|0,6|1,6|1,3,6|1,6|1,6|1,6|1,6|1,6|1,6|0|0|0|0|0,6|0|0|0|0|0|0|0|0|0,6|0|0,6|0,6|0,6|0,6|0,6|0,6|0,6|0,6|0,6|0,6|0,6|0,6|1,6|1,3,6|1,6|1,6|0,6|0,6|0,6|0,6|0|0|0|0|0|0|0|0|0|0|0|0|0|1,6|0|0,6|0,6|0,6|0,6|0,6|0,6|0,6|0,6|0,6|0,6|0,6|0,6|1,6|1,3,6|1,6|1,6|0,6|0,6|0,6|0,6|0|0|0|0|0|0|0|0|0|0|0|0|0|3,6|0|0,6|0,7,6|1,6|1,6|1,6|0,6|0,6|0,6|0,6|0,6|0,6|0,6|1,6|1,3,6|1,6|1,6|0|0|0|0|0|0|0|0|0|0|0|0|0|0|0|0|0|3,6|0|0,6|0,7,6|1,6|1,6|1,6|0,1,6|0,1,6|0,1,6|0,6|0,6|0,6|0,6|1,6|1,3,6|1,6|1,6|0,6|0,6|0,6|0,6|0,6|0,6|0,6|0,6|0,6|0,6|0,6|0,6|0,6|0,6|0,6|0,6|0,6|3,6|0,6|0,6|0,7,6|1,6|1,6|1,6|0,6|0,6|0,6|0,6|0,6|0,6|0,6|1,6|1,3,6|1,6|1,6|0,6|0,6|0,6|0,6|0|0|0|0|0,6|0|0|0|0|0|0|0|0|3,6|0|0,6|0,6|0,6|0,6|0,6|0,6|0,6|0,6|0,6|0,6|0,6|0,6|1,6|1,3,6|1,6|1,6|1,6|1,6|1,6|1,6|0,8|0|0|0|0,6|0|0|0|0|0|0|0|0|3,6|0|0,6|0,6|0,6|0,6|0,6|0,6|0,6|0,6|0,6|0,6|0,6|0,6|1,6|1,3,6|1,6|1,6|1,6|1,6|1,6|1,6|0,8|0,8|0|0|0,6|0|0|0|0|0|0|0|0|3,6|0|0,6|0,6|0,6|0,6|0,6|0,6|0,6|0,6|0,6|0,6|0,6|0,6|1,6|1,3,6|1,6|1,6|1,6|1,6|1,6|1,6|0,8|0,8|0|0|0,6|0|0|0|0|0|0|0|0|3,6|0|0,6|0,6|0,6|0,6|0,6|0,6|0,6|0,6|0,6|0,6|0,6|0,6|1,6|1,3,6|1,6|1,6|1,6|1,6|1,6|1,6|0|0|0|0|0,6|0|0|0|0|0|0|0|0|3,6|0|0,6|0,6|0,6|0,6|0,6|0,6|0,6|0,6|0,6|0,6|0,6|0,6|1,6|1,3,6|1,6|1,6|0,6|0,6|0,6|0,6|0,6|0,6|0,6|0,6|1,6|0,6|0,6|0,6|0,6|0,6|0,6|0,6|0,6|3,6|0,6|0,6|0,6|0,6|0,6|0,6|0,6|0,6|0,6|0,6|0,6|0,6|0,6|1,6|1,3,6|4,3,6|0,1,6|0,1|0,1|0,1|0,1|0,1|0,1|0,1|0,1|3,1,6|0,1|0,1|0,1|0,1|0,1|0,1|0,1|0,1|3,1,6|0,1|0,1,6|0,1,6|0,1,6|0,1,6|0,1,6|0,1,6|0,1,6|0,1,6|0,6|0,6|0,6|0,6|1,6|1,6|1,6|1,6|2|0|0|0|0|0|0|0|3,6|0|0|0|0|0|0|0|0|3,6|0|0,6|0,6|0,6|0,6|0,6|0,6|0,6|0,6|0,6|0,6|0,6|2,6|1,6|1,6|1,6|1,6|1,6|1,6|1,6|1,6|1,6|1,6|1,6|1,6|1,6|1,6|1,6|1,6|1,6|1,6|1,6|1,6|1,6|1,6|1,6|1,6|1,6|1,6|1,6|1,6|1,6|1,6|1,6|1,6|1,6|1,6|1,6|1,6|
