DS_A03
48*35|-1|0
0.6691*0.7431|0|0
-220,-30
Border: Passable




4|3|7|0,2,-1 -1,0 1,-1 -1,-1 -1,0 1,-1 -1,-1 -1,0 1,-1 -1,-1 -1,0 1,223 110,-1 -1,0 1,227 112,-1 -1,0 1,1928 116,-1 -1,0 1,-1 -1,|0,5,0 1,-1 -1,-1 -1,0 1,-1 -1,-1 -1,0 1,-1 -1,-1 -1,0 1,-1 -1,177 88,0 1,-1 -1,178 88,0 1,-1 -1,1753 94,0 1,-1 -1,-1 -1,|0,2,-1 -1,-1 -1,-1 -1,-1 -1,-1 -1,-1 -1,-1 -1,-1 -1,-1 -1,177 88,223 110,-1 -1,178 88,227 112,-1 -1,1744 92,1984 114,-1 -1,-1 -1,-1 -1,-1 -1,|
1,6|1,6|1,6|1,6|1,6|1,6|1,6|1,6|1,6|1,6|1,6|1,6|1,6|1,6|1,6|1,6|1,6|1,6|1,6|1,6|1,6|1,6|1,6|1,6|1,6|1,6|1,6|1,6|1,6|1,6|1,6|1,6|1,6|1,6|1,6|1,6|1,6|1,6|1,6|1,6|1,6|1,6|1,4,3,6|1,6|1,6|1,6|1,6|1,6|1,6|1,6|1,6|1,6|1,6|1,6|1,6|1,6|1,6|1,6|1,6|1,6|1,6|1,6|1,6|1,6|1,6|1,6|1,6|1,6|1,6|1,6|1,6|1,6|1,6|1,6|1,6|1,6|1,6|1,3,6|1,6|1,6|1,6|1,6|1,6|1,6|1,6|1,6|1,6|1,6|1,6|1,6|1,6|1,6|1,6|1,6|1,6|1,6|1,6|1,6|1,6|1,6|1,6|1,6|1,6|1,6|1,6|1,6|1,6|1,6|1,6|1,6|1,6|1,6|4,3,6|1,6|1,6|1,6|1,6|1,6|1,6|1,6|1,6|1,6|1,6|1,6|1,6|1,6|1,6|1,6|1,6|1,6|1,6|1,6|1,6|1,6|1,6|1,6|1,6|1,6|1,6|1,6|1,6|1,6|1,6|1,6|1,6|1,6|1,6|0,6|1,6|1,6|1,6|1,6|0|0|0|0|0,6|0,6|0|0,6|0,6|0|0|1,6|1,6|1,6|1,6|1,6|1,6|1,6|1,6|1,6|0,6|0,6|1,6|1,6|1,6|1,6|1,6|1,6|1,6|1,6|0,6|1,6|1,6|1,6|1,6|1|1|1|1|1,6|0,6|0|0,6|0,6|0|0|0|0,6|1,6|1,6|1,6|1,6|0,6|1|1|0,6|0,6|1,6|1,6|1,6|1,6|1,6|1,6|1,6|1,6|0,6|0,6|0,6|0,6|0,6|0|0|0|0|0,6|0,6|0|0,6|0,6|0|0|0|0,6|1,6|1,6|1,6|1,6|0,6|1|1|0,6|0,6|1,6|1,6|1,6|1,6|1,6|1,6|1,6|1,6|1,6|1,6|1,6|1,6|1,6|1|1|0|1|1,6|1,6|1|1,6|1,6|1|1|0|0,6|1,6|1,6|1,6|1,6|0,6|1|1|0,6|0,6|1,6|1,6|1,6|1,6|1,6|1,6|1,6|1,6|1,6|1,6|1,6|1,6|1,6|0|0|0|1|1,6|1,6|1|1,6|1,6|1|1|0|0,6|1,6|1,6|1,6|1,6|0,6|1|1|0,6|0,6|1,6|1,6|1,6|1,6|1,6|1,6|1,6|1,6|1,6|1,6|1,6|1,6|1,6|0|0|0|1|1,6|0,6|0|0,6|0,6|0|0|0|0,6|1,6|1,6|1,6|1,6|0,6|1|1|0,6|0,6|1,6|1,6|1,6|1,6|1,6|1,6|1,6|1,6|0,6|0,6|0,6|0,6|0,6|0|0|0|1|1,6|0,6|0|0,6|0,6|0|0|0|0,6|1,6|1,6|1,6|1,6|0,6|1|1|0,6|0,6|1,6|1,6|1,6|1,6|1,6|1,6|1,6|1,6|0,6|1,6|1,6|1,6|1,6|1|1|1|1|1,6|0,6|0|0,6|0,6|1|1|1|1,6|1,6|1,6|1,6|1,6|1,6|1|1|1,6|1,6|1,6|1,6|1,6|1,6|1,6|1,6|1,6|1,6|0,6|1,6|1,6|1,6|1,6|1|1|1|1|1,6|0,6|0|0,6|0,6|1|0|0|0,6|1,6|1,6|1,6|1,6|0,6|1|1|0,6|0,6|0,6|1,6|1,6|1,6|1,6|1,6|1,6|1,6|0,6|1,6|1,6|1,6|1,6|0|0|0,2|0|0,6|0,6|0|0,6|0,6|1|0|1|1,6|1,6|1,6|1,6|1,6|0,6|1|1|0,6|0,6|0,6|1,6|1,6|1,6|1,6|1,6|1,6|1,6|0,6|1,6|1,6|1,6|1,6|0|0|0,2|0|0,6|0,6|0|0,6|0,6|1|0|1|1,6|1,6|1,6|1,6|1,6|0,6|1|1|0,6|0,6|0,6|1,6|1,6|1,6|1,6|1,6|1,6|1,6|0,6|1,6|1,6|1,6|1,6|1|1|1|1|1,6|1,6|1|1,6|0,6|1|0|1|1,6|1,6|1,6|1,6|1,6|0,6|1|1|0,6|0,6|0,6|1,6|1,6|1,6|1,6|1,6|1,6|1,6|0,6|1,6|1,6|1,6|1,6|1|1|1|1|1,6|1,6|1|1,6|0,6|1|0|1|1,6|1,6|1,6|1,6|1,6|0,6|1|1|0,6|0,6|0,6|1,6|1,6|1,6|1,6|1,6|1,6|1,6|0,6|0,6|0,6|0,6|0,6|0|0|0,2|0|0,6|0,6|1|1,6|0,1,6|1|0,1|1|1,6|1,6|1,6|1,6|1,6|0,6|0|0|0,6|0,6|0,6|1,6|1,6|1,6|1,6|1,6|1,6|1,6|1,6|1,6|1,6|1,6|1,6|0|0|0,2|0|0,6|0,6|1|1,6|0,6|1|0|1|1,6|1,6|1,6|1,6|1,6|0,1,6|0|0|0,6|0,6|0,6|1,6|1,6|1,6|1,6|1,6|1,6|1,6|1,6|1,6|1,6|1,6|1,6|0|0|0|0|0,6|0,6|1|1,6|0,6|1|0|1|1,6|1,6|1,6|1,6|1,6|0,6|0|0|0,6|0,6|0,6|1,6|1,6|1,6|1,6|1,6|1,6|1,6|1,6|1,6|1,6|1,6|1,6|0|0|0|0|0,6|0,6|1|1,6|0,6|1|0|1|1,6|1,6|1,6|1,6|1,6|0,6|0|0|0,6|0,6|0,6|1,6|1,6|1,6|1,6|1,6|1,6|1,6|1,6|1,6|1,6|1,6|1,6|0,6|0,6|0,6|0,6|0,6|0,6|1|1,6|0,6|1|0|1|1,6|1,6|1,6|1,6|1,6|0,6|0|0|0,6|0,6|0,6|1,6|1,6|1,6|1,6|1,6|1,6|1,6|1,6|1,6|1,6|1,6|1,6|0,6|0,6|0,6|0,6|0,6|0,6|1|1,6|0,6|1|0|1|1,6|1,6|1,6|1,6|1,6|0,6|0|0|0,6|0,6|0,6|1,6|1,6|1,6|1,6|1,6|1,6|1,6|1,6|1,6|1,6|1,6|1,6|0|0|0|0|0|0|1|1,6|0,6|1|0|1|1,6|1,6|1,6|1,6|1,6|0,6|0|0|0|0|0|1,6|1,6|1,6|1,6|1,6|1,6|1,6|0,6|0,6|0,6|0,6|0,6|0|0|0|0,2|0|0|1|1,6|0,1,6|1|0,1|1|1,6|1,6|1,6|1,6|1,6|0,1,6|0|0|0|0|0|1,6|1,6|1,6|1,6|1,6|1,6|1,6|0,6|1,6|1,6|1,6|1,6|1|1|1|1|1|1|1|1,6|0,6|1|0|1|1,6|1,6|1,6|1,6|1,6|0,6|0|0|0|0|0|1,6|1,6|1,6|1,6|1,6|1,6|1,6|0,6|1,6|1,6|1,6|1,6|1|1|1|1|1|1|1|1,6|0,6|1|0|0|0,6|1,6|1,6|1,6|1,6|0,6|0|0|0|0|0|1,6|1,6|1,6|1,6|1,6|1,6|1,6|0,6|0,6|0,6|0,6|0,6|0|0|0|0,2|0|0|0|0,6|0,6|1|0|0|0,6|1,6|1,6|1,6|1,6|0,6|0|0|0|0|0|1,6|1,6|1,6|1,6|1,6|1,6|1,6|1,6|1,6|1,6|1,6|1,6|1|1|0|1|1|1|1|1,6|1,6|1|0|0|0,6|1,6|1,6|1,6|1,6|0,6|0|0|0|0|0|1,6|1,6|1,6|1,6|1,6|1,6|1,6|1,6|1,6|1,6|1,6|1,6|0|1|0|0,2|0|0|0|0,6|0,6|0|0|0|0,6|1,6|1,6|1,6|1,6|0,6|1|1|1|1|1|1,6|1,6|1,6|1,6|1,6|1,6|1,6|1,6|1,6|1,6|1,6|1,6|0|1|0|0|0|0|0|0,6|0,6|0|0|0|0,6|1,6|1,6|1,6|1,6|0,6|1|0|0|0|0|1,6|1,6|1,6|1,6|1,6|1,6|1,6|1,6|1,6|1,6|1,6|1,6|0|1|0|1|1|1|1|1,6|1,6|1|1|0|0,6|1,6|1,6|1,6|1,6|0,6|1|0|0|1|1|1,6|1,6|1,6|1,6|1,6|1,6|1,6|1,6|1,6|1,6|1,6|1,6|0|1|0|1|1|1|1|1,6|1,6|1|1|0|0,6|1,6|1,6|1,6|1,6|0,6|1|0|0|1|1|1,6|1,6|1,6|1,6|1,6|1,6|1,6|1,6|1,6|1,6|1,6|1,6|0,6|1,6|0,6|0,6|0,6|0,6|0,6|0,6|0,6|1|1|0|0,6|1,6|1,6|1,6|1,6|0,1,6|1|0|0|1|1|1,6|1,6|1,6|1,6|1,6|1,6|1,6|1,6|1,6|1,6|1,6|1,6|0,6|1,6|0,6|0,6|0,6|0,6|0,6|0,6|0,6|1|1|0|0,6|1,6|1,6|1,6|1,6|0,6|3|0|0|1|1|1,6|1,6|1,6|1,6|1,6|1,6|1,6|1,6|1,6|1,6|1,6|1,6|0|1|0|0|0|0|0|0|0|1|1|0|0,6|1,6|1,6|1,6|1,6|0,6|1|0|0|1|1|1,6|1,6|1,6|1,6|1,6|1,6|1,6|1,6|1,6|1,6|1,6|1,6|0|1|1|1|1|1|0|0|0|1|1|0|0,6|1,6|1,6|1,6|1,6|0,6|1|0|0|1|1|1,6|1,6|1,6|1,6|1,6|1,6|1,6|1,6|1,6|1,6|1,6|1,6|0|0|0|0|0|0|0|0|0|1|1|0|0,6|1,6|1,6|1,6|1,6|0,6|1|0|0|1|1|1,6|1,6|1,6|1,6|1,6|1,6|1,6|1,6|1,6|1,6|1,6|1,6|0,6|0,6|0,6|0,6|0,6|0,6|0,6|0,6|0,6|1,6|1,6|0,6|0,6|1,6|1,6|1,6|1,6|0,6|1,6|0,6|0,6|1,6|1,6|1,6|1,6|1,6|1,6|1,6|1,6|1,6|1,6|1,6|1,6|1,6|1,6|0,6|0,6|1,6|1,6|1,6|1,6|1,6|0,6|0,6|1,6|1,6|0,6|0,6|1,6|1,6|1,6|1,6|0,6|1,6|0,6|0,6|1,6|1,6|1,6|1,6|1,6|1,6|1,6|1,6|1,6|1,6|1,6|1,6|1,6|1,6|0,6|0,6|1,6|1,6|1,6|1,6|1,6|0,6|0,6|1,6|1,6|0,6|0,6|1,6|1,6|1,6|1,6|0,6|1,6|0,6|0,6|1,6|1,6|1,6|1,6|1,6|1,6|1,6|1,6|1,6|1,6|1,6|1,6|1,6|1,6|0|0|1,6|1,6|1,6|1,6|1,6|0|0|1|1|0|0,6|1,6|1,6|1,6|1,6|0,6|1|0|0|1|1|1,6|1,6|1,6|1,6|1,6|1,6|1,6|1,6|1,6|1,6|1,6|1,6|0|0|1,6|1,6|1,6|1,6|1,6|0|0|1|1|0|0,6|1,6|1,6|1,6|1,6|0,6|1|0|0|1|1|1,6|1,6|1,6|1,6|1,6|1,6|1,6|1,6|1,6|1,6|1,6|1,6|0|0|1,6|1,6|1,6|1,6|1,6|0|0|1|1|0|1,6|1,6|1,6|1,6|1,6|0,6|1|0|0|1|1|1,6|1,6|1,6|1,6|1,6|1,6|1,6|1,6|1,6|1,6|1,6|1,6|0,6|1,6|1,6|1,6|1,6|1,6|1,6|1,6|1,6|1,6|1,6|0,6|1,6|1,6|1,6|1,6|1,6|0,6|1,6|1,6|0,6|1,6|1,6|1,6|1,6|1,4,3,6|1,3,6|1,3,6|1,3,6|1,3,6|4,3,6|0,6|0,6|0,6|0,6|0,6|1,6|1,6|1,6|1,6|1,6|1,6|1,6|1,6|1,6|1,6|0,6|1,6|1,6|1,6|1,6|1,6|0,6|1,6|1,6|4,3,6|1,6|1,6|1,6|1,6|1,6|1,6|1,6|1,6|1,6|1,6|1,6|1,6|1,6|1,6|1,6|1,6|1,6|1,6|1,6|1,6|1,6|1,6|1,6|1,6|1,6|0,6|0,6|0,6|0,6|0,6|0,6|0,6|1,6|1,6|1,3,6|1,6|1,6|1,6|1,6|1,6|1,6|1,6|1,6|1,6|1,6|1,6|1,6|1,6|1,6|1,6|1,6|1,6|1,6|1,6|1,6|1,6|1,6|1,6|1,6|1,6|1,6|1,6|1,6|1,6|1,6|1,6|1,6|1,6|1,6|1,4,3,6|1,6|1,6|
