DS_A09
54*38|6|0
2.6045*7.5641|0|0
-160,10
Border: Solid
0,12,30|1,25,18|0,44,21|1,46,16|



20|3|15|0,19,0,0,1,-1 -1,-1 -1,237 114,-1 -1,-1 -1,237 114,-1 -1,-1 -1,253 114,-1 -1,307 152,235 117,-1 -1,303 151,231 116,-1 -1,-1 -1,237 114,-1 -1,11781 172,9836 137,-1 -1,-1 -1,-1 -1,-1 -1,306 154,232 117,-1 -1,-1 -1,-1 -1,-1 -1,-1 -1,-1 -1,-1 -1,-1 -1,-1 -1,-1 -1,-1 -1,-1 -1,-1 -1,-1 -1,-1 -1,-1 -1,-1 -1,-1 -1,|0,3,0,0,1,952 136,-1 -1,309 39,952 136,-1 -1,309 39,1478 126,-1 -1,817 29,308 152,-1 -1,80 40,303 151,-1 -1,80 40,564 156,-1 -1,309 39,11781 172,-1 -1,2482 42,-1 -1,-1 -1,-1 -1,306 154,-1 -1,82 42,-1 -1,-1 -1,-1 -1,-1 -1,-1 -1,-1 -1,-1 -1,-1 -1,-1 -1,-1 -1,-1 -1,-1 -1,-1 -1,-1 -1,-1 -1,4442 136,-1 -1,-1 -1,|1,2,0,0,1,661 104,-1 -1,-1 -1,661 104,-1 -1,-1 -1,679 104,-1 -1,-1 -1,235 117,80 40,-1 -1,231 116,80 40,-1 -1,325 150,-1 -1,-1 -1,9836 137,2482 42,-1 -1,-1 -1,-1 -1,-1 -1,232 117,82 42,-1 -1,-1 -1,-1 -1,-1 -1,-1 -1,-1 -1,-1 -1,-1 -1,-1 -1,-1 -1,-1 -1,-1 -1,-1 -1,-1 -1,-1 -1,-1 -1,-1 -1,-1 -1,-1 -1,|
1|1|1|1|1|1|1|1|1|1|1|1|1|1|1|1|1|1|1|1|1|1|1|1|1|1|1|1|1|1|1|1|1|1|1|1|1|1|1|1|1|1|1|1|1|1,4,3|1|1|1|1|1|1|1|1|1|1|1|1|1|1|1|1|1|1|1|1|1|1|1|1|1|1|1|1|1|1|1|1|1|1|1|1|1|1,3|1|1|1|1|1|1|1|1|1|1|1|1|1|1|1|1|1|1|1|1|1|1|1|1|1|1|1|1|1|1|1|1|1|1|1|1|1|1,3|1|1|1|1|1|1|1|1|1|1|1|1|1|1|1|1|1|1|1|1|1|1|1|1|1|1|1|1|1|1|1|1|1|1|1|1|1|4,3,6|1|1|0|0,6|0|0,6|0,6|0,6|0,6|0,6|0,6|0,6|0,6|0,6|0,6|0,6|0,6|1|1|0,6|0,6|1|1|1|1,3|1,3|1,3|1|1|1|1|1|1|1|1|1|1|0,6|1|1|0,1|0,1,6|0,1|0,1|0,1|0,1|0,1|0,1|0,1|0,1|0,1|0|0,6|0,6|0,6|1|1|0,6|0,6|0,6|1|1|1,3|1|1,3|1|1|1|1|1|1|1|0,6|0,6|0,6|0,6|0,6|1|0|0,6|0,6|0,6|0,6|0,6|0,6|0,6|0,6|0,6|0,6|0,6|0,6|0,6|0,6|1|1|0,6|0,6|0,6|3,6|4,3,6|1,3|1|4,3,6|1|1|1|1|1|1|1|0,6|0,6|0,6|0,6|0,6|1|0|0|0|1|0|0|0|0|0|0|0|0|0,6|0,6|0,6|0,6|0,6|0,6|0,6|1|1|1|1|1|0,6|1|1|1|1|1|1|1|0,6|0,6|0,6|0,6|0,6|3,6|0|0|0|1|0|0|0|0|0|0|0|0|0,6|0,6|0,6|0,6|0,6|0,6|0,6|1|1|1|1|2|0|2|1|1|1|1|1|1|1|1|1|1|1|1|1|1|1|1|1|1|1|1|1|1|1|1|1|1|1|1|1|0,6|0,6|1|1|1|1|0|0|0,6|1|1|1|1|1|1|1|1|1|1|1|1|1|1|1|1|1|1|1|1|1|1|1|1|1|1|1|1|1|0,6|0,6|0,6|1|1|1|0|0|0,6|1|1|1|1|1|1|0,6|0,6|0,6|0|0|1|0|0|0|0|0|0|0|0|0|3|0|0|0,6|0,6|0,6|0,6|0,6|0,6|0,6|0,6|1|1|1|0|0|0,6|1|1|1|1|1|1|0,6|1|1|0|0|1|0|0|0|0|0|0|0|0|0|0|0|0|0,6|0,6|0,6|0,6|0,6|0,6|0,6|0,6|1|1|1|0|0|0,6|1|1|1|1|1|1|0,6|1|1|0,6|0,6|1|0,6|0,6|0,6|0,6|0,6|0,6|0,6|0,6|0,6|0,6|0,6|0,6|0,6|0,6|0,6|0,6|0,6|0,6|0,6|0,6|1|1|1|0|0|0|1|1|1|1|1|1|0,6|1|1|0,6|0,6|1|0,6|0,6|0,6|0,6|0,6|0,6|0,6|0,6|0,6|0,6|0,6|0,6|0,6|0,6|0,6|0,6|0,6|0,6|0,6|0,6|1|1|1|0|0|0|1|1|1|1|1|1|0,6|1|1|0,6|0,6|1|0,6|0,6|0,6|0,6|0,6|0,6|0,6|0,6|0,6|0,6|0,6|0,6|0,6|0,6|0,6|0,6|0,6|0,6|0,6|1|1|1|1|0|0|0,6|1|1|1|1|1|1|0,6|1|1|0|0|1|0|0|0|0|0|0|0|0|0|0|0|0|0,6|0,6|0,6|0,6|0,6|0,6|0,6|1|1|1|1|0|0|0,6|1|1|1|1|1|1|0,6|1|1|0|0|1|0|0|0|0|0|0|0|0|0|0|0|0|0,6|0,6|0,6|0,6|0,6|0,6|0,6|1|1|1|1|0|0|0,6|1|1|1|1|1|1|0,6|1|1|0|0|1|0|0|0|0|0|0|0|0|0|0|0|0|0,6|0,6|0,6|0,6|0,6|0,6|0,6|1|1|1|1|2|0|2|1|1|1|1|1|1|0,6|1|1|0|0|1|0|0|0|0|0|0|0|0|0|0,6|0,6|0,6|0,6|0,6|0,6|1|0,6|1|0,6|1|1|1|1|1|0,6|1|1|1|1|1|1|1|0,6|1|1|0,1|0,1|1|1|0|0|0|0|0|0|0|0,6|0,6|0,6|0,6|0,6|0,6|0,6|1|4,3,6|1|4,3,6|1|1|1|1|1|4,3,6|1|1|1|1|1|1|1|0,6|1|1|0|0|1|0|0|0|0|0|0|0|0|0|0,6|0,6|0,6|0,6|0,6|0,6|1|1,3|1|1,3|1|1|1|1|1|1,3|1|1|1|1|1|1|1|0,6|1|1|0|0|1|0|0|0|0|0|0|0|0|1|1|1|1|0,6|0,6|0,6|1|1,5,3|1|1,9,3|1|1|1|1|1|1,3|1|1|1|1|1|1|1|0,6|1|1|0|0|1|0|0|0|0|0|0|0|0,6|1|1|1|1|0,6|0,6|0,6|1|1|1|1|1|1|1|1|1|1,3|1|1|1|1|1|1|1|0,6|1|1|0,6|0,6|1|0,6|0,6|0,6|0,6|0,6|0,6|0,6|0,6|1|1|1|1|0,6|0,6|0,6|1|1|1|1|1|1|1|1|1|1,3|1,3|1,3|1|1|1|1|1|0,6|1|1|0,6|0,6|1|0,6|0,6|0,6|0,6|0,6|0,6|0,6|0,6|1|1|1|1|0,6|0,6|0,6|1|1|1|1|1|1|1|1|1|1|1|1,3|1|1|1|1|1|0,6|1|1|0|0|1|0|0|0|0|0|0|0|0,6|0|0,6|0|0|0,6|0,6|0,6|1|1|1|1|1|1|1|1|1|1|1|1,3|1|1|1|1|1|0,6|1|1|0|0|1|0|0|0|0|0|0|0|0,6|0|0,6|0|0|0,6|0,6|0,6|1|1|2|0|0|0|0|0|0|2|1|4,3,6|1|1|1|1|1|0,6|1|1|0|0|1|0|0|0|0|0|0|0|0,6|0|0,6|0,6|0,6|0,6|0,6|0,6|0|0|0|0|0|0|0|0|0|0|1|0,6|1|1|1|1|1|0,6|1|1|0,6|0,6|1|0,6|0,6|0,6|0,6|0|0|0|0,6|0|0|0|0|0,6|0,6|0,6|0,1|0,1|0,1|0,1|0,1|0,1|0,1|0,1|0,1|0,1|0,1,6|0,1,6|1|1|1|1|1|0,6|1|1|0,6|0,6|1|0,6|0,6|0,6|0,6|0|0|0|0,6|0,6|0,6|0,6|0,6|0,6|0,6|0,6|0|0|0|0|0|0|0|0|0|0|1|1|1|1|1|1|1|0,6|1|1|0|0|1|0|0|0,6|0,6|0|0|0|0|0|0|0|1|0,6|0,6|0,6|1|1|2|0|0|0|0|0|0|2|1|1|1|1|1|1|1|0,6|1|1|0|0|1|0|0|0,6|0,6|0|0|0|0|0|0|0|1|0,6|0,6|0,6|1|1|1|1|1|1|1|1|1|1|1|1|1|1|1|1|1|0,6|1|1|0,1|0,1|1|1|0|0,6|0,6|0|0|0|0|0|0|0|1|0,6|0,6|0,6|1|1|1|1|1|1|1|1|1|1|1|1|1|1,3|1,3|4,3,6|0,6|0,6|1|1|0|0|1|0|0|0,6|0,6|0|0|0|0|0|0|0|1|0,6|0,6|0,6|3,6|4,3,6|1,3|1,9,3|1|1|1|1|1|1|1|1|1|1,3|1|1|1|1|1|1|0|0|1|0|0|0,6|0,6|0|0|0|0|0|0|0|1|0,6|0,6|0,6|1|1|1|1|1|1|1|1|1|1|1|1|1|1,3|1|1|1|1|1|1|0|0|1|0|0|0,6|0,6|0|0|0|0|0|0|0|1|0,6|0,6|0,6|1|1|1|1|1|1|1|1|1|1|1|1|1|1,3|1|1|1|1|1|1|0|0|1|0|0|0,6|0,6|0|0|1|0,6|0,6|0,6|0,6|1|1|1|0,6|1|1|2,6|0,6|0,6|0,6|0|0|0,6|2,6|1|1|1|1,3|1|1|0|0|0|0|0|0|1|0|0|0,6|0,6|0|0|3,6|0,6|0,6|0,6|0,6|3,6|0,6|0,6|0,6|1|1|0,6|0,6|0,6|0,6|0|0|0,6|0,6|1|1|1|1,3|1|1|0|0|0|0|0|0|1|1|0|0,6|0,6|0|0|3,6|0,6|0,6|0,6|0,6|3,6|0,6|0,6|0,6|1|1|0,6|0,6|0,6|0,6|0|0|0|0,6|1|1|1|1,3|1|1|0|0|0|0,6|0,6|0,6|1|1|0,6|0,6|0,6|0|0|3,6|0,6|0,6|0,6|0,6|3,6|0,6|0,6|0,6|1|1|0,6|0,6|0,6|0,6|0|0|0|0,6|1|1|1|1,3|1|1|0|0|0,6|0,6|0,6|0,6|1|1|0,6|0,6|0,6|0|0|3,6|0,6|0,6|0,6|0,6|3,6|0,6|0,6|0,6|1|1|0,6|0,6|0,6|0,6|0|0|0|0|1|1|1|1,3|1|1|0|0|0|0,6|0,6|0,6|1|1|0,6|0,6|0,6|0|0|3,6|0,6|0,6|0,6|0,6|3,6|0,6|0,6|0,6|1|1|0,6|0,6|0,6|0,6|0,6|0|0|0|1|1|1|1,3|1|1|0|0|0,6|0,6|0,6|0,6|1|1|1|0,1,6|0,1,6|0,1|0,1|3,1,6|0,1,6|0,1,6|0,6|0,6|3,6|0,6|0,6|0,6|1|1|0,6|0,6|0,6|0,6|0,6|0|0|0,6|1|1|1|1,3|1|1|0|0,6|0,6|0,6|0,6|0,6|3,6|0,6|1|0,6|0,6|0,6|0,6|3,6|0,6|0,6|0,6|0,6|3,6|0,6|0,6|0,6|1|1|0,6|0,6|0,6|0,6|0,6|0|0|0,6|1|1|1|1,3|1|1|0,6|0,6|0,6|0,6|0,6|0,6|1|0,6|1|1|1|0|0|3,6|0,6|0,6|0,6|0,6|3,6|0,6|1|0,6|1|1|0,6|0,6|0,6|0,6|0,6|0|0|0,6|1|1|1|1,3|1|1|0,6|0,6|0,6|0,6|0,6|0,6|1|0,6|0,6|0,6|1|0,6|0,6|1|0,6|0,6|0,6|0,6|1|1|1|0,6|1|1|2,6|0,6|0,6|0,6|0,6|0|0,6|2,6|1|1|1|1,3|1|1|0|0,6|0|0,6|0|1|1|1|1|0,6|1|1|1|1|1|1|1|1|1|1|1|0,6|1|1|1|1|1|1|1|1|1|1|1|1|1|1,3|1|1|1|1|1|1|1|1|1|1|1|0,6|0,6|0,6|0,6|0,6|0,6|0,6|0,6|0,6|0,6|0,6|0,6|0,6|1|1|1|1|1|1|1|1|1|1|1|1|1|1,3|1|1|0|0,6|0|0,6|1|1|1|1|1|1|1|1|1|1|1|1|1|1|1|1|1|1|1|1|1|1|1|1|1|1|1|1|1|1|1|1,3|1|1|1|1|1|1|1|1|1|1|1|1|1|1|1|1|1|1|1|1|1|1|1|1|1|1|1|1|1|1|1|1|1|1|1|1|1|1,4,3|1|1|1|1|1|1|1|1|1|1|1|1|1|1|1|1|1|1|1|1|1|1|1|1|1|1|1|1|1|1|1|1|1|1|1|1|1|1|1|1|1|1|1|1|1|1|1|1|1|1|1|1|1|1|1|1|1|1|1|1|1|1|1|1|1|1|1|1|1|1|1|1|1|1|1|1|1|1|1|1|1|1|1|1|1|1|1|1|1|1|1|1|1|1|1|1|1|1|1|1|1|1|1|1|1|1|1|1|1|1|1|1|1|
