DS_A01
54*35|11|1
3.5837*9.3358|0|0
-160,-30
Border: Solid
1,17,31|



20|4|15|0,2,0,0,1,-1 -1,-1 -1,-1 -1,-1 -1,-1 -1,-1 -1,-1 -1,-1 -1,-1 -1,-1 -1,-1 -1,-1 -1,-1 -1,-1 -1,-1 -1,-1 -1,-1 -1,-1 -1,-1 -1,-1 -1,-1 -1,-1 -1,-1 -1,-1 -1,-1 -1,4365 73,4124 63,3873 48,-1 -1,-1 -1,-1 -1,-1 -1,-1 -1,-1 -1,-1 -1,-1 -1,-1 -1,-1 -1,-1 -1,-1 -1,-1 -1,-1 -1,-1 -1,-1 -1,-1 -1,-1 -1,-1 -1,-1 -1,-1 -1,-1 -1,-1 -1,-1 -1,-1 -1,-1 -1,-1 -1,-1 -1,-1 -1,-1 -1,-1 -1,-1 -1,|6,-1,0,-1,1,-1 -1,-1 -1,-1 -1,-1 -1,-1 -1,-1 -1,-1 -1,-1 -1,-1 -1,-1 -1,-1 -1,-1 -1,-1 -1,-1 -1,-1 -1,-1 -1,-1 -1,-1 -1,-1 -1,-1 -1,-1 -1,-1 -1,-1 -1,-1 -1,4365 73,-1 -1,323 8,797 34,-1 -1,-1 -1,-1 -1,-1 -1,-1 -1,-1 -1,-1 -1,-1 -1,-1 -1,-1 -1,-1 -1,-1 -1,-1 -1,-1 -1,-1 -1,-1 -1,-1 -1,-1 -1,-1 -1,-1 -1,-1 -1,-1 -1,-1 -1,-1 -1,-1 -1,-1 -1,-1 -1,-1 -1,-1 -1,-1 -1,-1 -1,-1 -1,|6,-1,0,-1,1,-1 -1,-1 -1,-1 -1,-1 -1,-1 -1,-1 -1,-1 -1,-1 -1,-1 -1,-1 -1,-1 -1,-1 -1,-1 -1,-1 -1,-1 -1,-1 -1,-1 -1,-1 -1,-1 -1,-1 -1,-1 -1,-1 -1,-1 -1,-1 -1,4124 63,323 8,-1 -1,485 18,-1 -1,-1 -1,-1 -1,-1 -1,-1 -1,-1 -1,-1 -1,-1 -1,-1 -1,-1 -1,-1 -1,-1 -1,-1 -1,-1 -1,-1 -1,-1 -1,-1 -1,-1 -1,-1 -1,-1 -1,-1 -1,-1 -1,-1 -1,-1 -1,-1 -1,-1 -1,-1 -1,-1 -1,-1 -1,-1 -1,-1 -1,-1 -1,|6,-1,0,-1,1,-1 -1,-1 -1,-1 -1,-1 -1,-1 -1,-1 -1,-1 -1,-1 -1,-1 -1,-1 -1,-1 -1,-1 -1,-1 -1,-1 -1,-1 -1,-1 -1,-1 -1,-1 -1,-1 -1,-1 -1,-1 -1,-1 -1,-1 -1,-1 -1,3873 48,797 34,485 18,-1 -1,-1 -1,-1 -1,-1 -1,-1 -1,-1 -1,-1 -1,-1 -1,-1 -1,-1 -1,-1 -1,-1 -1,-1 -1,-1 -1,-1 -1,-1 -1,-1 -1,-1 -1,-1 -1,-1 -1,-1 -1,-1 -1,-1 -1,-1 -1,-1 -1,-1 -1,-1 -1,-1 -1,-1 -1,-1 -1,-1 -1,-1 -1,-1 -1,|
1|1|1|1|1|1|1|1|1|1|1|1|1|1|1|1|1|1|1|1|1|1|1|1|1|1|1|1|1|1|1|1|1|1|1|1|1|1|1|1|1|1|1|1|1|1|1|1|1|1|1|1|1|1|1|1|1|1|1|1|1|1|1|1|1|1|1|1|1|1|1|1|1|1|1|1|1|1|1|1|1|1|1|1|1|1|1|1|1|1|1|1|1|1|1|1|1|1|1|1|1|1|1|1|1|1|1|1|1|1|1|1|1|1|1|1|1|1|1|1|1|1|1|1|1|1|1|1|1|1|1|1|1|1|1|1|1|1|1|1|1|1|1|1|1|1|1|1|1|1|1|0,6|0,6|0,6|0,6|0,6|0,6|0,6|0,6|0,6|0,6|0,6|0,6|0,6|0,6|0,6|0,6|0,6|1|1|1|1|1|1|1|1|1|1|1|1|1|1|1|1|0,6|1|0,6|1|1|1|1|1|1|1|1|1|1|1|1|1|1|1|0,6|1|1|1|1|1|1|1|1|1|1|1|1|1|1|1|1|0,6|1|0,6|1|0|0|0|0|0|3,6|0,6|0,6|0,6|0,6|0,6|0|0|1|0,6|1|1|1|1|1|1|1|1|1|1|1|1|1|0,6|1|1|0,6|1|0,6|1|0|0|0|0|0|1|1|1|1|1|1|0|0|1|0,6|1|1|1|1|1|1|1|1|1|1|1|1|1|0,6|1|1|0,6|3,6|0,6|1|0|0|0|0|0|1|0|0|0|0|0|0|0|0|0,6|2,6|1|1|1|1|1|1|1|1|1|1|1|1|0,6|1|1|0,6|1|0,6|1|0|0|0|0|0|0|0|0|0|0|0|0|0|0|0|0,6|2,6|1|1|1|1|1|1|1|1|1|1|1|0,6|1|1|0,6|1|0,6|1|0|0|0|0|0|0|0|0|0|0|0|0|0|0|0|0|0,6|2,6|1|1|1|1|1|1|1|1|1|1|0,6|1|1|0|0|0|0|0|0|0|0|0|0|0|0|0|0|0|0|0|0|0|0|0,6|0,6|1|1|1|1|1|1|1|1|1|1|0,6|1|1|0|0|0|0|0|0|0|0|0|0|0,7|1|1|1|0|0|0|0|0|0|0,6|0,6|1|1|1|1|1|1|1|1|1|1|0,6|1|1|0|0|0|0|0|0|0|0|0|0|0,7|1|1|1|0,6|0,6|0,6|0,6|0,6|0,6|0,6|0,6|1|1|1|1|1|1|1|1|1|1|0,6|1|1|0|0|0|0|0|0|0|0|0|0|0,7|1|1|1|0,6|0,6|0,6|0,6|0,6|0,6|0,6|0,6|1|1|1|1|1|1|1|1|1|1|0,6|1|1|0|0|0|0|0|0|0|0|0|0|0,7|1|1|1|0,6|0,6|0,6|0,6|0,6|0,6|0,6|0,6|1|1|1|1|1|1|1|1|1|1|0,6|1|1|0|0|0|0|0|0|0|0|0|0|0|0|0|0|0|0|0|0|0|0|0,6|0,6|1|1|1|1|1|1|1|1|1|1|0,6|1|1|0|0|0|0|0|0|0|0|0|0|0|0|0|0|0|0|0|0|0|0|0,6|0,6|1|1|1|1|1|1|1|1|1|1|0,6|1|1|0|0|0|0|0|0|0|0|0|0|0|0|0|0|0|0|0|0|0|0|0,6|0,6|1|1|1|1|1|1|1|1|1|1|0,6|1|1|0|0|0|0|0|0|0|0|0|0|0|0|0|0|0|0|0|0|0|1|0,6|1|1|1|1|1|1|1|1|1|1|1|0,6|1|1|0|0|0|0|0|0|0|0|0,7|1|1|1|0|0|0|0|0|0|0,6|1|4,3,6|1|1|1|1|1|1|1|1|1|1|1|0,6|1|1|0|0|0|0|0|0|0|0|0,7|1|1|1|0,6|0,6|0,6|0,6|0,6|0,6|0,6|1|1,3|1|1|1|1|1|1|1|1|1|1|1|0,6|1|1|0|0|0|0|0|0|0|0|0,7|1|1|1|0,6|0,6|0,6|0,6|0,6|0,6|0,6|1|1,3|1|1|1|1|1|1|1|1|1|1|1|0,6|1|1|1|0|0|0|0|0|0|0|0,7|1|1|1|0,6|0,6|0,6|0,6|0,6|0,6|1|1|1,3|1|1|1|1|1|1|1|1|1|1|1|0,6|1|1|0|0|0|0|0|0|0|0|0|0|0|0|0|0|0|0|0|0|1|1|1,3|1|1|1|1|1|1|1|1|1|1|1|1|1|1|0|0|0|0|0|0|0|0|0|0|0|0|0|0|0|0|0|0|1|1|1,3|1|1|1|1|1|1|1|1|1|1|1|1|1|1|0|0|0|0|0|0|0|0|0|0|0|0|0|0|0|0|0|1|1|1|1,3|1|1|1|1|1|1|1|1|1|1|1|0,6|0,6|0,6|0|0|0|0|0|0|0|0|0|0|0|0|0|0|0|0|0|1|1|1|1,3|1|1|1|1|1|1|1|1|1|1|1|1|1|1|1|0,1|0,1,2|0,1|0|0|0|0|0|0|0,2,1|0,1|0,1|0,1|0,1,2|0,1|0,1|1|1|1|1,3|1|1|1|1|1|1|1|1|1|1|1|0,6|0,2,6|0,6|0|0|0,2|0|0|0|0|0|0|0,6|0,2,6|0,6|0|0|0,2|0|0|1|1|1|1,3|1|1|1|1|1|1|1|1|1|1|1|0,6|0,2,6|0,6|0|0|0,2|0|0|0|0,2|0|0|0,6|0,2,6|0,6|0|0|0,2|0|0|1|1|1|1,3|1|1|1|1|1|1|1|1|1|1|1|1|1|1|1|0,1|0,1,2|0,1|0,1|0,1|0,1,2|0,1|0,1|0,1,6|0,1,2,6|0,1,6|0,1,6|0,1,6|0,1,2,6|0,1,6|0,1,6|1|1|1|1,3|1|1|1|1|1|1|1|1|1|1|1|0,6|0,6|0,6|0|0|0|0|0|0|0|0|0|0,6|0,6|0,6|0,6|0,6|0,6|0,6|0,6|0,6|1|1|1,3|1|1|1|1|1|1|1|1|1|1|1|0,6|0,6|0,6|0|0|0|0|0|0|0|0|0|0,6|0,6|0,6|0,6|0,6|0,6|0,6|0,6|0,6|0,6|1|4,3,6|1|1|1|1|1|1|1|1|1|1|1|1|1|0,6|0|0|0|0|0|0|0|0|0|0|0|0|0|0|0|0|0|0|0|1|0,6|1|1|1|1|1|1|1|1|1|0,6|0,6|0,6|1|0,6|0|0|0|0|0|0|0|0|0|0|0|0|0|0|0|0|0|0|0|0|0,6|0,6|1|1|1|1|1|1|1|1|0,6|1|0,6|1|0,6|0|0|0|0|0|0|0|0|0|0|0|0|0|0|0|0|0|0|0|0|0|0,6|1|1|1|1|1|1|1|1|0,1,6|1|0,1,6|1|0,1,6|0,1|0,1|0,1|0,1|0,1|1|0|0|0|0|0|0|0|0|0|0|0|0|0|0|0,6|1|1|1|1|1|1|1|1|1|0,6|1|0,6|1|0,6|0|0|0|0|0|3|0|0|0|0|0,7|1|1|1|0,6|0,6|0,6|0,6|0,6|0,6|0,6|1|1|1|1|1|1|1|1|1|0,6|1|0,6|1|0,6|0|0|0|0|0|3|0|0|0|0|0,7|1|1|1|0,6|0,6|0,6|0,6|0,6|0,6|1|1|1|1|1|1|1|1|1|1|0,6|1|0,6|1|0,6|0|0|0|0|0|3|0|0|0|0|0,7|1|1|1|0,6|0,6|0,6|0,6|0,6|0,6|1|1|1|1|1|1|1|1|1|1|0,6|1|0,6|1|0,6|0|0|0|0|0|3|0|0|0|0|0,7|1|1|1|0|0|0|0|0|0|1|1|1|1|1|1|1|1|1|1|0,1,6|1|0,1,6|1|0,1,6|0,1|0,1|0,1|0,1|0,1|1|0|0|0|0|0|0|0|0|0|0|0|0|0|0|0,6|1|1|1|1|1|1|1|1|1|0,6|1|0,6|1|0,6|0|0|0|0|0|0|0|0|0|0|0|0|0|0|0|0|0|0|0|0,6|0,6|2,6|1|1|1|1|1|1|1|1|0,6|1|0,6|1|0,6|0|0|0|0|0|0|0|0|0|0|0|0|0|0|0|0|0|0|0|0,6|2,6|1|1|1|1|1|1|1|1|1|0,6|1|4,3,6|1|0,6|0,6|1|0,6|1|0|0|0|0|0|1|0|0|0|0|0|0|0|0|0|2,6|1|1|1|1|1|1|1|1|1|1|0,6|1|1,3|1|0,6|0,6|1|0,6|1|0|0|0|0|0|1|1|1|1|1|1|0|0|1|0,6|1|1|1|1|1|1|1|1|1|1|1|0,6|1|1,3|1|0,6|0,6|1|0,6|1|0|0|0|0|0|3,6|0,6|0,6|0,6|0,6|0,6|0|0|1|0,6|1|1|1|1|1|1|1|1,4,3|1,3|4,3,6|0,6|0,6|1|1,3|1|1|0,6|1|0,6|1|1|1|1|1|1|1|1|1|1|1|1|1|1|1|0,6|1|1|1|1|1|1|1|1|1|1|1|1|1|1,3|1|1|4,3,6|1|0,6|0,6|0,6|0,6|0,6|0,6|0,6|0,6|0,6|0,6|0,6|0,6|0,6|0,6|0,6|0,6|0,6|1|1|1|1|1|1|1|1|1|1|1|1|1|1,3|1|1|1,3|1|1|1|1|1|1|1|1|1|1|1|1|1|1|1|1|1|1|1|1|1|1|1|1|1|1|1|1|1|1|1|1,3|1,3|1,3|1,3|1|1|1|1|1|1|1|1|1|1|1|1|1|1|1|1|1|1|1|1|1|1|1|1|1|1|1|1|1|1|1|1|1|1|1|1|1|1|1|1|1|1|1|1|1|1|1|1|1|1|1|1|1|1|1|1|1|1|1|1|1|1|1|1|1|1|1|1|1|1|1|1|1|1|1|1|1|1|1|1|1|1|1|1|1|1|1|1|1|1|1|1|1|1|1|
