DS_B04x
100*35|4|1
0.4384*0.8988|0|0
-220,-30|799,-39
Border: Solid
0,10,16|0,33,16|1,55,7|0,78,32|0,80,32|



17|2|14|0,5,0,0,1,-1 -1,-1 -1,-1 -1,-1 -1,-1 -1,-1 -1,-1 -1,217 110,-1 -1,216 110,-1 -1,568 127,-1 -1,2729 110,-1 -1,-1 -1,-1 -1,218 110,-1 -1,-1 -1,-1 -1,-1 -1,-1 -1,-1 -1,-1 -1,252 108,-1 -1,-1 -1,|0,2,0,1,1,-1 -1,-1 -1,-1 -1,-1 -1,-1 -1,-1 -1,217 110,-1 -1,216 110,-1 -1,-1 -1,-1 -1,2729 110,-1 -1,-1 -1,-1 -1,218 110,-1 -1,-1 -1,-1 -1,-1 -1,-1 -1,-1 -1,-1 -1,252 108,-1 -1,-1 -1,-1 -1,|
1,6|1,6|1,6|1,6|1,6|1,6|1,6|1,6|1,6|1,6|1,6|1,6|1,6|1,6|1,6|1,6|1,6|1,6|1,6|1,6|1,6|1,6|1,6|1,6|1,6|1,6|1,6|1,6|1,6|1,6|1,6|1,6|1,6|1,6|1,6|1,6|1,6|1,6|1,6|1,6|1,6|1,6|1,6|0|0|0|0|0|0|0,6|1,6|1,6|1,6|1,6|1,6|1,6|1,6|1,6|1,6|1,6|1,6|1,6|1,6|1,6|1,6|1,6|1,6|1,6|1,6|1,6|1,6|1,4,3,6|1,3,6|1,3,6|1,3,6|1,3,6|4,3,6|0,1,6|0,1|0,1|0,1|0,1|0,1|0,1|0,1,6|1,6|1,6|1,6|1,6|1,6|1,6|1,6|1,6|1,6|1,6|1,6|1,6|1,6|1,6|1,6|1,6|1,6|1,6|1,6|1,6|1,6|1,6|1,6|1,6|1,6|1,6|1,6|1,6|0|0|0|0|0|0|0,6|1,6|1,6|1,6|1,6|1,6|1,6|1,6|1,6|1,6|1,6|1,6|1,6|1,6|1,6|1,6|1,6|1,6|1,6|1,6|1,6|1,6|1,6|1,6|1,6|0|0|0|0|0|0|0|0|0|0|0,6|0,6|1,6|1,6|1,6|1,6|1,6|1,6|2,6|0,6|0,6|0,6|0,6|0,6|0,6|0,6|0,6|0,6|1,6|1,6|1,6|1,6|1,6|1,6|1,6|0|0|0|0,6|0,6|0,6|0,6|0|0|0|0,6|0,6|1,6|1,6|1,6|1,6|1,6|2,6|0|0|0|0|0|0|0|0|0|0|1,6|1,6|1,6|1,6|1,6|1,6|1,6|0|0|0|0,6|0,6|0,6|0,6|0|0|0|0,6|0,6|1,6|1,6|1,6|1,6|1,6|0,6|0|0|0|0|0|0|0|0|0|0|1,6|1,6|1,6|1,6|1,6|1,6|1,6|0|0|0|0,6|0,6|0,6|0,6|0|0|0|0,6|0,6|1,6|1,6|1,6|1,6|1,6|0,6|0|0|0|0|0|0|0|0|0|0|1,6|1,6|1,6|1,6|1,6|1,6|1,6|0|0|0|0,6|0,6|0,6|0,6|0|0|0|0,6|0,6|1,6|1,6|1,6|1,6|1,6|2,6|0|0|0|0|0|0|0|0|0|0|1,6|1,6|1,6|1,6|1,6|1,6|1,6|0|0|0|0|0|0|0|0|0|0|0,6|0,6|1,6|1,6|1,6|1,6|1,6|1,6|2,6|0,6|0,6|0,6|0,6|0,6|0,6|0,6|0,6|0,6|1,6|1,6|1,6|1,6|1,6|1,6|1,6|0|0|0|0|0|0|0|0|0|0|0,6|0,6|1,6|1,6|1,6|1,6|1,6|1,6|1,6|1,6|1,6|1,6|1,6|1,6|1,6|1,6|1,6|1,6|1,6|1,6|1,6|1,6|1,6|1,6|1,6|1|1|0|0|0|0|0|0|0|0|0,6|1,6|1,6|1,6|1,6|1,6|1,6|1,6|1,6|1,6|1,6|1,6|1,6|1,6|1,6|1,6|1,6|1,6|1,6|1,6|1,6|1,6|1,6|1,6|1,6|1|1|0|0|0|0|0|0|0|0|0,6|1,6|1,6|1,6|1,6|1,6|1,6|1,6|1,6|1,6|1,6|1,6|1,6|1,6|1,6|1,6|1,6|1,6|1,6|1,6|1,6|1,6|1,6|1,6|1,6|0|0|0|0|0|0|0|0|0|0|0,6|0,6|1,6|1,6|1,6|1,6|1,6|1,6|1,6|1,6|1,6|1,6|1,6|1,6|1,6|1,6|1,6|1,6|1,6|1,6|1,6|1,6|1,6|1,6|1,6|0|0|0|0|0|0|0|0|0|0|0,6|0,6|1,6|1,6|1,6|1,6|1,6|1,6|1,6|1,6|1,6|1,6|1,6|1,6|1,6|1,6|1,6|1,6|1,6|1,6|1,6|1,6|1,6|1,6|1,6|0|0|0|0|0|0|0|0|0|0|0,6|0,6|1,6|1,6|1,6|1,6|1,6|1,6|2,6|0,6|0,6|0,6|0,6|0,6|0,6|0,6|0,6|0,6|1,6|1,6|1,6|1,6|1,6|1,6|1,6|0|0|0|0,6|0,6|0,6|0,6|0|0|0|0,6|0,6|1,6|1,6|1,6|1,6|1,6|2,6|0|0|0|0|0|0|0|0|0|0|1,6|1,6|1,6|1,6|1,6|1,6|1,6|0|0|0|0,6|0,6|0,6|0,6|0|0|0|0,6|0,6|1,6|1,6|1,6|1,6|1,6|0,6|0|0|0|0|0|0|0|0|0|0|1,6|1,6|1,6|1,6|1,6|1,6|1,6|0|0|0|0,6|0,6|0,6|0,6|0|0|0|0,6|0,6|1,6|1,6|1,6|1,6|1,6|0,6|0|0|0|0|0|0|0|0|0|0|1,6|1,6|1,6|1,6|1,6|1,6|1,6|0|0|0|0,6|0,6|0,6|0,6|0|0|0|0,6|0,6|1,6|1,6|1,6|1,6|1,6|2,6|0|0|0|0|0|0|0|0|0|0|1,6|1,6|1,6|1,6|1,6|1,6|1,6|0|0|0|0|0|0|0|0|0|0|0,6|0,6|1,6|1,6|1,6|1,6|1,6|1,6|2,6|0,6|0,6|0,6|0,6|0,6|0,6|0,6|0,6|0,6|1,6|1,6|1,6|1,6|1,6|1,6|1,6|0|0|0|0|0|0|0|0|0|0|0,6|0,6|1,6|1,6|1,6|1,6|1,6|1,6|1,6|1,6|1,6|1,6|1,6|1,6|1,6|1,6|1,6|1,6|1,6|1,6|1,6|1,6|1,6|1,6|1,6|0|0|0|0|0|0|0|0|0|0|0,6|0,6|1,6|1,6|1,6|1,6|1,6|1,6|1,6|1,6|1,6|1,6|1,6|1,6|1,6|1,6|1,6|1,6|1,6|1,6|1,6|1,6|1,6|1,6|1,6|1|0|0|0|0|0|0|0|0|0|0,6|1,6|1,6|1,6|1,6|1,6|1,6|1,6|1,6|1,6|1,6|1,6|1,6|1,6|1,6|1,6|1,6|1,6|1,6|1,6|1,6|1,6|1,6|1,6|1,6|1|0,1|0,1|0,1|0,1|0,1|0,1|0,1|0,1|0,1|0,1,6|1,6|1,6|1,6|1,6|1,6|1,6|1,6|1,6|1,6|1,6|1,6|1,6|1,6|1,6|1,6|1,6|1,6|1,6|1,6|1,6|1,6|1,6|1,6|1,6|1|0|0|0|0|0|0|0|0|0|0,6|1,6|1,6|1,6|1,6|1,6|1,6|1,6|1,6|1,6|1,6|1,6|1,6|1,6|1,6|1,6|1,6|1,6|1,6|1,6|1,6|1,6|1,6|1,6|1,6|0|0|0|0|0|0|0|0|0|0|0,6|0,6|1,6|1,6|1,6|1,6|1,6|1,6|1,6|1,6|1,6|1,6|1,6|1,6|1,6|1,6|1,6|1,6|1,6|1,6|1,6|1,6|1,6|1,6|1,6|0|0|0,6|0,6|0,6|0,6|0,6|0,6|0|0|0,6|0,6|1,6|1,6|1,6|1,6|1,6|1,6|2,6|0,6|0,6|0,6|0,6|0,6|0,6|0,6|0,6|0,6|1,6|1,6|1,6|1,6|1,6|1,6|1,6|0|0|0,6|0,6|0,6|0,6|0,6|0,6|0|0|0,6|0,6|1,6|1,6|1,6|1,6|1,6|2,6|0|0|0|0|0|0|0|0|0|0|1,6|1,6|1,6|1,6|1,6|1,6|1,6|0|0|0,6|0,6|0,6|0,6|0,6|0,6|0|0|0,6|0,6|1,6|1,6|1,6|1,6|1,6|0,6|0|0|0|0|0|0|0|0|0|0|1,6|1,6|1,6|1,6|1,6|1,6|1,6|0|0|0,6|0,6|0,6|0,6|0,6|0,6|0|0|0,6|0,6|1,6|1,6|1,6|1,6|1,6|0,6|0|0|0|0|0|0|0|0|0|0|1,6|1,6|1,6|1,6|1,6|1,6|1,6|0|0|0,6|0,6|0,6|0,6|0,6|0,6|0|0|0,6|0,6|1,6|1,6|1,6|1,6|1,6|2,6|0|0|0|0|0|0|0|0|0|0|1,6|1,6|1,6|1,6|1,6|1,6|1,6|0|0|0,6|0,6|0,6|0,6|0,6|0,6|0|0|0,6|0,6|1,6|1,6|1,6|1,6|1,6|1,6|2,6|0,6|0,6|0,6|0,6|0,6|0,6|0,6|0,6|0,6|1,6|1,6|1,6|1,6|1,6|1,6|1,6|0|0|0|0|0|0|0|0|0|0|0,6|0,6|1,6|1,6|1,6|1,6|1,6|1,6|1,6|1,6|1,6|1,6|1,6|1,6|1,6|1,6|1,6|1,6|1,6|1,6|1,6|1,6|1,6|1,6|1,6|1|0|0|0|0|0|0|0|0|0|0,6|1,6|1,6|1,6|1,6|1,6|1,6|1,6|1,6|1,6|1,6|1,6|1,6|1,6|1,6|1,6|1,6|1,6|1,6|1,6|1,6|1,6|1,6|1,6|1,6|1|0,1|0,1|0,1|0,1|0,1|0,1|0,1|0,1|0,1|0,1,6|1,6|1,6|1,6|1,6|1,6|1,6|1,6|1,6|1,6|1,6|1,6|1,6|1,6|1,6|1,6|1,6|1,6|1,6|1,6|1,6|1,6|1,6|1,6|1,6|1|0|0|0|0|0|0|0|0|0|0,6|1,6|1,6|1,6|1,6|1,6|1,6|1,6|1,6|1,6|1,6|1,6|1,6|1,6|1,6|1,6|1,6|1,6|1,6|1,6|1,6|1,6|1,6|1,6|1,6|0|0|0|0|0|0|0|0|0|0|0,6|0,6|1,6|1,6|1,6|1,6|1,6|1,6|1,6|1,6|1,6|1,6|1,6|1,6|1,6|1,6|1,6|1,6|1,6|1,6|1,6|1,6|1,6|1,6|1,6|0|0|0,6|0,6|0,6|0,6|0,6|0,6|0|0|0,6|0,6|1,6|1,6|1,6|1,6|1,6|1,6|2,6|0,6|0,6|0,6|0,6|0,6|0,6|0,6|0,6|0,6|1,6|1,6|1,6|1,6|1,6|1,6|1,6|0|0|0,6|0,6|0,6|0,6|0,6|0,6|0|0|0,6|0,6|1,6|1,6|1,6|1,6|1,6|2,6|0|0|0|0|0|0|0|0|0|0|1,6|1,6|1,6|1,6|1,6|1,6|1,6|0|0|0,6|0,6|0,6|0,6|0,6|0,6|0|0|0,6|0,6|1,6|1,6|1,6|1,6|1,6|0,6|0|0|0|0|0|0|0|0|0|0|1,6|1,6|1,6|1,6|1,6|1,6|1,6|0|0|0,6|0,6|0,6|0,6|0,6|0,6|0|0|0,6|0,6|1,6|1,6|1,6|1,6|1,6|0,6|0|0|0|0|0|0|0|0|0|0|1,6|1,6|1,6|1,6|1,6|1,6|1,6|0|0|0,6|0,6|0,6|0,6|0,6|0,6|0|0|0,6|0,6|1,6|1,6|1,6|1,6|1,6|2,6|0|0|0|0|0|0|0|0|0|0|1,6|1,6|1,6|1,6|1,6|1,6|1,6|0|0|0,6|0,6|0,6|0,6|0,6|0,6|0|0|0,6|0,6|1,6|1,6|1,6|1,6|1,6|1,6|2,6|0,6|0,6|0,6|0,6|0,6|0,6|0,6|0,6|0,6|1,6|1,6|1,6|1,6|1,6|1,6|1,6|0|0|0|0|0|0|0|0|0|0|0,6|0,6|1,6|1,6|1,6|1,6|1,6|1,6|1,6|1,6|1,6|1,6|1,6|1,6|1,6|1,6|1,6|1,6|1,6|1,6|1,6|1,6|1,6|1,6|1,6|0|0|0|0|0|0|0|0|0|0|0,6|0,6|1,6|1,6|1,6|1,6|1,6|1,6|1,6|1,6|1,6|1,6|1,6|1,6|1,6|1,6|1,6|1,6|1,6|1,6|1,6|1,6|1,6|1,6|1,6|1|0|0|0|0|0|0|0|0|0|0,6|1,6|1,6|1,6|1,6|1,6|1,6|1,6|1,6|1,6|1,6|1,6|1,6|1,6|1,6|1,6|1,6|1,6|1,6|1,6|1,6|1,6|1,6|1,6|1,6|1|0,1|0,1|0,1|0,1|0,1|0,1|0,1|0,1|0,1|0,1,6|1,6|1,6|1,6|1,6|1,6|1,6|1,6|1,6|1,6|1,6|1,6|1,6|1,6|1,6|1,6|1,6|1,6|1,6|1,6|1,6|1,6|1,6|1,6|1,6|1|0|0|0|0|0|0|0|0|0|0,6|1,6|1,6|1,6|1,6|1,6|1,6|1,6|1,6|1,6|1,6|1,6|1,6|1,6|1,6|1,6|1,6|1,6|1,6|1,6|1,6|1,6|1,6|1,6|1,6|0|0|0|0|0|0|0|0|0|0|0,6|0,6|1,6|1,6|1,6|1,6|1,6|1,6|2,6|0,6|0,6|0,6|0,6|0,6|0,6|0,6|0,6|0,6|1,6|1,6|1,6|1,6|1,6|1,6|1,6|0|0|0|0|0|0|0|0|0|0|0,6|0,6|1,6|1,6|1,6|1,6|1,6|2,6|0|0|0|0|0|0|0|0|0|0|1,6|1,6|1,6|1,6|1,6|1,6|1,6|0|0|0,6|0,6|0,6|0,6|0,6|0,6|0|0|0,6|0,6|1,6|1,6|1,6|1,6|1,6|0,6|0|0|0|0|0|0|0|0|0|0|1,6|1,6|1,6|1,6|1,6|1,6|1,6|0|0|0,6|1|1|1|1|0,6|0|0|0,6|0,6|1,6|1,6|1,6|1,6|1,6|0,6|0|0|0|0|0|0|0|0|0|0|1,6|1,6|1,6|1,6|1,6|1,6|1,6|0|0|0,6|1|1|1|1|0,6|0|0|0,6|0,6|1,6|1,6|1,6|1,6|1,6|2,6|0|0|0|0|0|0|0|0|0|0|1,6|1,6|1,6|1,6|1,6|1,6|1,6|0|0|0,6|1|1|1|1|0,6|0|0|0,6|0,6|1,6|1,6|1,6|1,6|1,6|1,6|2,6|0,6|0,6|0,6|0,6|0,6|0,6|0,6|0,6|0,6|1,6|1,6|1,6|1,6|1,6|1,6|1,6|0|0|0,6|1|1|1|1|0,6|0|0|0,6|0,6|1,6|1,6|1,6|1,6|1,6|1,6|1,6|1,6|1,6|1,6|1,6|1,6|1,6|1,6|1,6|1,6|1,6|1,6|1,6|1,6|1,6|1,6|1,6|0|0|0,6|0,6|0,6|0,6|0,6|0,6|0|0|0,6|0,6|1,6|1,6|1,6|1,6|1,6|1,6|1,6|1,6|1,6|1,6|1,6|1,6|1,6|1,6|1,6|1,6|1,6|1,6|1,6|1,6|1,6|1,6|1,6|0|0|0|0|0|0|0|0|0|0|0,6|0,6|1,6|1,6|1,6|1,6|1,6|1,6|1,6|1,6|1,6|1,6|1,6|1,6|1,6|1,6|1,6|1,6|1,6|1,6|1,6|1,6|1,6|1,6|1,6|0|0|0|0|0|0|0|0|0|0|0,6|0,6|1,6|1,6|1,6|1,6|1,6|1,6|1,6|1,6|1,6|1,6|1,6|1,6|1,6|1,6|1,6|1,6|1,6|1,6|1,6|1,6|1,6|1,6|1,6|1|0|0|0|0|0|0|0|0|0|0,6|1,6|1,6|1,6|1,6|1,6|1,6|1,6|1,6|1,6|1,6|1,6|1,6|1,6|1,6|1,6|1,6|1,6|1,6|1,6|1,6|1,6|1,6|1,6|1,6|1|0,1|0,1|0,1|0,1|0,1|0,1|0,1|0,1|0,1|0,1,6|1,6|1,6|1,6|1,6|1,6|1,6|1,6|2,6|0,6|0,6|0,6|0,6|0,6|0,6|0,6|0,6|0,6|1,6|1,6|1,6|1,6|1,6|1,6|1,6|1|0|0|0|0|0|0|0|0|0|0,6|1,6|1,6|1,6|1,6|1,6|1,6|2,6|0|0|0|0|0|0|0|0|0|0|1,6|1,6|1,6|1,6|1,6|1,6|1,6|0|0|0|0|0|0|0|0|0|0|0,6|0,6|1,6|1,6|1,6|1,6|1,6|0,6|0|0|0|0|0|0|0|0|0|0|1,6|1,6|1,6|1,6|1,6|1,6|1,6|0|0|0|0|0|0|0|0|0|0|0|0,6|1,6|1,6|1,6|1,6|1,6|0,6|0|0|0|0|0|0|0|0|0|0|1,6|1,6|1,6|1,6|1,6|1,6|1,6|0|0|0,6|0,6|0,6|0,6|0,6|0,6|0|0|0|0,6|1,6|1,6|1,6|1,6|1,6|0,6|0|0|0|0|0|0|0|0|0|0|1,6|1,6|1,6|1,6|1,6|1,6|1,6|0|0|0,6|1|1|1|1|0,6|0|0|0|0,6|1,6|1,6|1,6|1,6|1,6|0,8,6|0,6|0,6|0,6|0,6|0,6|0,6|0,6|0,6|0,6|0,6|1,6|1,6|1,6|1,6|1,6|1,6|1,6|0|0|0,6|1|1|1|1|0,6|0|0|0|0|1,6|1,6|1,6|1,6|1,6|0,8,6|0,8,6|0,6|0,6|0,6|0,6|0,6|0,6|0,6|0,6|0,6|1,6|1,6|1,6|1,6|1,6|1,6|1,6|0|0|0,6|1|1|1|1|0,6|0|0|0|0|1|1,6|1,6|1,6|1,6|0,8,6|0,6|0,6|0,6|0,6|0,6|0,6|0,6|0,6|0,6|0,6|1,6|1,6|1,6|1,6|1,6|1,6|1,6|0|0|0,6|1|1|1|1|0,6|0|0|0|0|0|0|0,6|0,6|0,6|0,6|0,6|0,6|0,6|0,6|0,6|0,6|0,6|0,6|0,6|0,6|1,6|1,6|1,6|1,6|1,6|1,6|1,6|0|0|0,6|0,6|0,6|0,6|0,6|0,6|0|0|0|0|0|0|0|0|0,6|0,6|0,6|0,6|0,6|0,6|0,6|0,6|0,6|0,6|0,6|0,6|1,6|1,6|1,6|1,6|1,6|1,6|1,6|0|0|0|0|0|0|0|0|0|0|0|0|0|0|0|0|0,6|0,6|0,6|0,6|0,6|0,6|0,6|0,6|0,6|0,6|0,6|0,6|1,6|1,6|1,6|1,6|1,6|1,6|1,6|0|0|0|0|0|0|0|0|0|0|0|0|0|0|0|0|0,6|0,6|0,6|0,6|0,6|0,6|0,6|0,6|0,6|0,6|0,6|0,6|1,6|1,6|1,6|1,6|1,6|1,6|1,6|0|0|0|0|0|0|0|0|0|0|0|0|0|0|0|0|0,6|0,6|0|0|0|0|0|0|0|0|0|0|1,6|1,6|1,6|1,6|1,6|1,6|1,6|0,1|0,1|0,1|0,1|0,1|0,1|0,1|0,1|0,1|0,1|0,1|0,1|0,1|0|0|0|0,6|0,6|0|0|0|0|0|0|0|0|0|0|1,6|1,6|1,6|1,6|1,6|1,6|1,6|0|0|0|0|0|0|0|0|0|0|0|0|0|0|0|0|0,6|0,6|0|0|0|0|0|0|0|0|0|0|1,6|1,6|1,6|1,6|1,6|1,6|1,6|0,6|0,6|0,6|0,6|0,6|0,6|0,6|0,6|0,6|0,6|0,6|0,6|0|0|0|0|0,6|0,6|0|0|0|0|0|0|0|0|0|0|1,6|1,6|1,6|1,6|1,6|1,6|1,6|0|0|0|0|0|0|0|0|0|0,6|0|0,6|0|0|0|0|0,6|0,6|0,6|0,6|0,6|0,6|0,6|0,6|0,6|0,6|0,6|0,6|1,6|1,6|1,6|1,6|1,6|1,6|1,6|0,6|0,6|0,6|0,6|0,6|0,6|0,6|0,6|0,6|0,6|0,6|0,6|0,6|0,6|0,6|0,6|0,6|0,6|0,6|0,6|0,6|0,6|0,6|0,6|0,6|0,6|0,6|0,6|1,6|1,6|1,6|1,6|1,6|1,6|1,6|0,6|0,6|0,6|0,6|0,6|0,6|3,6|0,6|0,6|0,6|0,6|0,6|0,6|0,6|0,6|3,6|0,6|0,6|0,6|0,6|0,6|0,6|0,6|0,6|0,6|0,6|0,6|0,6|1,6|1,6|1,6|1,6|1,6|1,6|1,6|1,6|0,6|0,6|0,6|0,6|0,6|3,6|0,6|0,6|0,6|0,6|0,6|0,6|0,6|0,6|3,6|0,6|0,6|0,6|0,6|0,6|0,6|0,6|0,6|0,6|0,6|0,6|0,6|1,6|1,6|1,6|1,6|1,6|1,6|1,6|1,6|0,6|0,6|0,6|0,6|0,6|3,6|0,6|0,6|0,6|0,6|0,6|0,6|0,6|0,6|3,6|0,6|0,6|0,6|0,6|0,6|0,6|0,6|0,6|0,6|0,6|0,6|0,6|1,6|1,6|1,6|1,6|1,6|1,6|1,6|0,6|0,6|0,6|0,6|0,6|0,6|3,6|0,6|0,6|0,6|0,6|0,6|0,6|0,6|0,6|3,6|0,6|0,6|0,6|0,6|0,6|0,6|0,6|0,6|0,6|0,6|0,6|0,6|1,6|1,6|1,6|1,6|1,6|1,6|1,6|0,6|0,6|0,6|0,6|0,6|0,6|0,6|0,6|0,6|0,6|0,6|0,6|0,6|0,6|0,6|0,6|0,6|0,6|0,6|0,6|0,6|0,6|0,6|0,6|0,6|0,6|0,6|0,6|1,6|1,6|1,6|1,6|1,6|1,6|1,6|0|0|0|0|0|0|0|0|0|0|0|0|0|0|0,6|0|0,6|0,6|0,6|0,6|0,6|0,6|0,6|0,6|0,6|0,6|0,6|0,6|1,6|1,6|1,6|1,6|1,6|1,6|1,6|0|0|0|0|0|0|0|0|0|0|0|0|0|0|0,6|0|0,6|0,6|0|0|0|0|0|0|0|0|0|0|1,6|1,6|1,6|1,6|1,6|1,6|1,6|0,1|0,1|0,1|0,1|0,1|0,1|0,1|0,1|0|0|0|0|0|0|0,6|0|0,6|0,6|0|0|0|0|0|0|0|0|0|0|1,6|1,6|1,6|1,6|1,6|1,6|1,6|0|0|0|0|0|0|0|0|0|0|0|0|0|0|0,6|0|0,6|0,6|0|0|0|0|0|0|0|0|0|0|1,6|1,6|1,6|1,6|1,6|1,6|1,6|0,6|0,6|0,6|0,6|0,6|0,6|0,6|0,6|0,6|0,6|0,6|0,6|0|0|0,6|0|0,6|0,6|0|0|0|0|0|0|0|0|0|0|1,6|1,6|1,6|1,6|1,6|1,6|1,6|0|0|0|0|0|0|0|0,6|0|0,6|0|0,6|0|0|0,6|0|0,6|0,6|0,6|0,6|0,6|0,6|0,6|0,6|0,6|0,6|0,6|0,6|1,6|1,6|1,6|1,6|1,6|1,6|1,6|0,6|0,6|0,6|0,6|0,6|0,6|0,6|0,6|0,6|0,6|0,6|0,6|0,6|0,6|0,6|0,6|0,6|0,6|0,6|0,6|0,6|0,6|0,6|0,6|0,6|0,6|0,6|0,6|1,6|1,6|1,6|1,6|1,6|1,6|1,6|0,6|0,6|0,6|0,6|0,6|0,6|3,6|0,6|0,6|0,6|0,6|0,6|0,6|0,6|0,6|3,6|0,6|0,6|1,6|1,6|1,6|1,6|1,6|1,6|1,6|0,6|1,6|1,6|1,6|1,6|1,6|1,6|1,6|1,6|1,6|1,6|0,6|0,6|0,6|0,6|0,6|3,6|0,6|0,6|0,6|0,6|0,6|0,6|0,6|0,6|3,6|0,6|0,6|1,6|1,6|1,6|1,6|1,6|1,6|1,6|0,6|1,6|1,6|1,6|1,6|1,6|1,6|1,6|1,6|1,6|1,6|0,6|0,6|0,6|0,6|0,6|3,6|0,6|0,6|0,6|0,6|0,6|0,6|0,6|0,6|3,6|0,6|0,6|1,6|1,6|1,6|1,6|1,6|1,6|1,6|0,6|1,6|1,6|1,6|1,6|1,6|1,6|1,6|1,6|1,6|0,6|0,6|0,6|0,6|0,6|0,6|3,6|0,6|0,6|0,6|0,6|0,6|0,6|0,6|0,6|3,6|0,6|0,6|3,6|0,6|0,6|0,6|0,6|0,6|0,6|0,6|1,6|1,6|1,6|1,6|1,6|1,6|1,6|1,6|1,6|0,6|0,6|0,6|0,6|0,6|0,6|0,6|0,6|0,6|0,6|0,6|0,6|0,6|0,6|0,6|0,6|0,6|0,6|1,6|1,6|1,6|1,6|1,6|1,6|1,6|1,6|1,6|1,6|1,6|1,6|1,6|1,6|1,6|1,6|1,6|1,6|1,6|1,6|1,6|0,6|1,6|0,6|0,6|0,6|0,6|0,6|0,6|0,6|0,6|0,6|0,6|0,6|0,6|1,6|1,6|1,6|1,6|1,6|1,6|1,6|1,6|1,6|1,6|1,6|1,6|1,6|1,6|1,6|1,6|1,6|1,6|1,6|1,6|1,6|4,3,6|1,6|1,6|1,6|1,6|1,6|1,6|1,6|1,6|1,6|0,6|1,6|0,6|1,6|1,6|1,6|1,6|1,6|1,6|1,6|1,6|1,6|1,6|1,6|1,6|1,6|1,6|1,6|1,6|1,6|1,6|1,6|1,6|1,6|1,6|1,3,6|1,6|1,6|1,6|1,6|1,6|1,6|1,6|1,6|1,6|4,3,6|1,6|4,3,6|1,6|1,6|1,6|1,6|1,6|1,6|1,6|1,6|1,6|1,6|1,6|1,6|1,6|1,6|1,6|1,6|1,6|1,6|1,6|1,6|1,6|1,6|1,3,6|1,6|1,6|1,6|1,6|1,6|1,6|1,6|1,6|1,6|1,3,6|1,6|1,3,6|1,6|1,6|1,6|1,6|1,6|1,6|1,6|1,6|1,6|1,6|1,6|1,6|1,6|1,6|1,6|1,6|1,6|1,6|1,6|1,6|1,6|1,6|1,3,6|1,3,6|1,3,6|1,3,6|1,3,6|1,3,6|1,3,6|1,3,6|1,3,6|1,3,6|1,3,6|1,6|1,4,3,6|1,6|1,6|1,6|1,6|1,6|1,6|1,6|1,6|1,6|1,6|1,6|1,6|1,6|1,6|
