DS_B01
100*35|15|0
3.9144*5.8033|0|0
-220,-30|801,-40
Border: Solid




20|6|15|0,18,0,0,1,-1 -1,2607 28,-1 -1,-1 -1,-1 -1,-1 -1,-1 -1,2607 28,-1 -1,-1 -1,-1 -1,-1 -1,-1 -1,2876 19,-1 -1,-1 -1,-1 -1,-1 -1,-1 -1,2521 24,-1 -1,-1 -1,-1 -1,-1 -1,-1 -1,2521 24,-1 -1,-1 -1,-1 -1,-1 -1,-1 -1,2607 28,210 85,150 45,153 47,384 103,-1 -1,2316 25,-1 -1,-1 -1,-1 -1,-1 -1,-1 -1,-1 -1,-1 -1,-1 -1,-1 -1,-1 -1,-1 -1,269 135,191 96,119 60,123 62,213 107,-1 -1,-1 -1,-1 -1,-1 -1,-1 -1,-1 -1,-1 -1,-1 -1,-1 -1,-1 -1,-1 -1,-1 -1,-1 -1,-1 -1,-1 -1,-1 -1,-1 -1,-1 -1,-1 -1,-1 -1,-1 -1,-1 -1,-1 -1,-1 -1,-1 -1,-1 -1,-1 -1,-1 -1,-1 -1,-1 -1,-1 -1,22377 28,-1 -1,-1 -1,-1 -1,-1 -1,|0,3,0,1,1,-1 -1,-1 -1,-1 -1,-1 -1,-1 -1,-1 -1,-1 -1,-1 -1,-1 -1,-1 -1,-1 -1,-1 -1,-1 -1,-1 -1,-1 -1,-1 -1,-1 -1,-1 -1,2521 24,-1 -1,-1 -1,-1 -1,-1 -1,-1 -1,2521 24,-1 -1,-1 -1,-1 -1,-1 -1,-1 -1,-1 -1,-1 -1,2623 88,2563 48,2566 50,147 27,2316 25,-1 -1,-1 -1,-1 -1,-1 -1,-1 -1,-1 -1,-1 -1,-1 -1,-1 -1,-1 -1,-1 -1,269 135,-1 -1,229 114,290 145,286 143,64 33,-1 -1,-1 -1,-1 -1,-1 -1,-1 -1,-1 -1,-1 -1,-1 -1,-1 -1,-1 -1,-1 -1,-1 -1,-1 -1,-1 -1,-1 -1,-1 -1,-1 -1,-1 -1,-1 -1,-1 -1,-1 -1,-1 -1,-1 -1,108 31,-1 -1,-1 -1,-1 -1,-1 -1,-1 -1,-1 -1,22353 28,-1 -1,-1 -1,-1 -1,-1 -1,-1 -1,|0,2,1,1,1,-1 -1,-1 -1,-1 -1,-1 -1,-1 -1,-1 -1,-1 -1,-1 -1,-1 -1,-1 -1,-1 -1,-1 -1,-1 -1,-1 -1,-1 -1,-1 -1,-1 -1,-1 -1,-1 -1,-1 -1,-1 -1,-1 -1,-1 -1,-1 -1,-1 -1,-1 -1,-1 -1,-1 -1,-1 -1,-1 -1,-1 -1,2623 88,-1 -1,69 47,66 45,243 69,-1 -1,-1 -1,-1 -1,-1 -1,-1 -1,-1 -1,-1 -1,-1 -1,-1 -1,92 47,88 45,-1 -1,191 96,229 114,-1 -1,101 51,97 49,173 86,-1 -1,-1 -1,-1 -1,-1 -1,-1 -1,-1 -1,-1 -1,-1 -1,-1 -1,-1 -1,-1 -1,-1 -1,-1 -1,-1 -1,-1 -1,-1 -1,-1 -1,-1 -1,-1 -1,-1 -1,-1 -1,140 47,136 45,-1 -1,-1 -1,-1 -1,-1 -1,-1 -1,-1 -1,-1 -1,-1 -1,-1 -1,-1 -1,-1 -1,-1 -1,-1 -1,|1,2,1,0,1,-1 -1,-1 -1,-1 -1,-1 -1,-1 -1,-1 -1,-1 -1,-1 -1,-1 -1,-1 -1,-1 -1,-1 -1,-1 -1,-1 -1,-1 -1,-1 -1,-1 -1,-1 -1,-1 -1,-1 -1,-1 -1,-1 -1,-1 -1,-1 -1,-1 -1,-1 -1,-1 -1,-1 -1,-1 -1,-1 -1,-1 -1,2563 48,69 47,-1 -1,9 7,303 109,-1 -1,-1 -1,-1 -1,-1 -1,-1 -1,-1 -1,-1 -1,-1 -1,92 47,-1 -1,12 7,-1 -1,119 60,290 145,101 51,-1 -1,12 7,234 117,-1 -1,-1 -1,-1 -1,-1 -1,-1 -1,-1 -1,-1 -1,-1 -1,-1 -1,-1 -1,-1 -1,-1 -1,-1 -1,-1 -1,-1 -1,-1 -1,-1 -1,-1 -1,-1 -1,-1 -1,140 47,-1 -1,60 7,-1 -1,-1 -1,-1 -1,-1 -1,-1 -1,-1 -1,-1 -1,-1 -1,-1 -1,-1 -1,-1 -1,-1 -1,-1 -1,|1,2,1,0,1,-1 -1,-1 -1,-1 -1,-1 -1,-1 -1,-1 -1,-1 -1,-1 -1,-1 -1,-1 -1,-1 -1,-1 -1,-1 -1,-1 -1,-1 -1,-1 -1,-1 -1,-1 -1,-1 -1,-1 -1,-1 -1,-1 -1,-1 -1,-1 -1,-1 -1,-1 -1,-1 -1,-1 -1,-1 -1,-1 -1,-1 -1,2566 50,66 45,9 7,-1 -1,300 107,-1 -1,-1 -1,-1 -1,-1 -1,-1 -1,-1 -1,-1 -1,-1 -1,88 45,12 7,-1 -1,-1 -1,123 62,286 143,97 49,12 7,-1 -1,230 115,-1 -1,-1 -1,-1 -1,-1 -1,-1 -1,-1 -1,-1 -1,-1 -1,-1 -1,-1 -1,-1 -1,-1 -1,-1 -1,-1 -1,-1 -1,-1 -1,-1 -1,-1 -1,-1 -1,-1 -1,136 45,60 7,-1 -1,-1 -1,-1 -1,-1 -1,-1 -1,-1 -1,-1 -1,-1 -1,-1 -1,-1 -1,-1 -1,-1 -1,-1 -1,-1 -1,|1,1,1,1,1,-1 -1,-1 -1,-1 -1,-1 -1,-1 -1,-1 -1,-1 -1,-1 -1,-1 -1,-1 -1,-1 -1,-1 -1,-1 -1,-1 -1,-1 -1,-1 -1,-1 -1,-1 -1,-1 -1,-1 -1,-1 -1,-1 -1,-1 -1,-1 -1,-1 -1,-1 -1,-1 -1,-1 -1,-1 -1,-1 -1,-1 -1,-1 -1,-1 -1,-1 -1,-1 -1,-1 -1,-1 -1,-1 -1,-1 -1,-1 -1,-1 -1,-1 -1,-1 -1,-1 -1,-1 -1,-1 -1,-1 -1,-1 -1,213 107,64 33,173 86,234 117,230 115,-1 -1,-1 -1,-1 -1,-1 -1,-1 -1,-1 -1,-1 -1,-1 -1,-1 -1,-1 -1,-1 -1,-1 -1,-1 -1,-1 -1,-1 -1,-1 -1,-1 -1,-1 -1,-1 -1,-1 -1,108 31,-1 -1,-1 -1,-1 -1,-1 -1,-1 -1,-1 -1,-1 -1,-1 -1,-1 -1,-1 -1,-1 -1,-1 -1,-1 -1,-1 -1,-1 -1,-1 -1,|
1,4,3|1|1|1|1|1|1|1|1|1|1|1|1|1,9,3|1|1|1|1|1|1|1|1|1|1|1|1|1|1|1|1|1|1|1|1|1|1,3|1|1|1|1|1|1|1|1|1,3|1|1,3|1|1,3|1|1|1|1|1|1|1|1|1|1|1,3|1|1,3|1|1,3|1|1|1|1|1|1|1,3|1|1|1|1|1|1|1|1|1,3|1|1,3|1|1,3|1|1|1|1|1|1|1|1|1|1|1,3|1|1,3|1|1,3|1|1|1|1|1|1|1,3|1|1|1|1|1|1|1|1|1,3|1|1,3|1|1,3|1|1|1|1|1|1|1|1|1|1|1,3|1|1,3|1|1,3|1|1|1|1|1|1|1,3|1|1|1|1|1|1|1|1|4,3,6|1|4,3,6|1|4,3,6|1|1|1|1|1|1|1|1|1|1|4,3,6|1|4,3,6|1|4,3,6|1|1|1|1|1|1|1,3|1|1|1|1|1|1|1|1|0,6|1|0,6|1|0,6|1|1|1|0,6|0,6|0,6|0,6|1|1|1|0,6|1|0,6|1|0,6|1|1|1|1|1|1|1,3|1|1|1|1|1|2|0,6|0|0,6|0,6|0|0|0|0|2,6|1|0,6|1|1|0,6|1|2,6|0,6|0|0|0|0|0|0|0|2,6|1|1|1|1,3|1|1|1|1|1|0|0,6|0|0,6|0,6|0|0|0|0|0,6|1|0,6|1|1|0,6|1|0,6|0,6|0|0|0|0|0|0|0|0,6|1|1|1|1,3|1|1|1|1|1|0|0,6|0|0,6|0,6|0|0|0|0|0,6|1|0,6|1|1|0,6|3,6|0,6|0,6|0|0|0|0|0|0|0|0,6|1|1|1|1,3|1|1|1|1|1|0|0,6|0|0|0|0|0|0|0|0,6|1|0,6|1|1|0,6|1|0,6|0,6|0|0|0|0|0|0|0|0,6|1|1|1|1,3|1|1|1|1|1|0|0,6|0|0|0|0|0|0|0|0|1|0,6|1|1|0,6|1|0,6|0,6|0|0|0|0|0|0|0|0|1|1|1|1,3|1|1|1|1|1|2|0,6|0|0|0|0|0|0|0|0|1|0,6|1|1|0,6|1|0,6|0,6|0|0|0|0|0|0|0|2|1|1|1|1,3|1|1|1|1|1|1|0,6|0|0|0|0|0|0|0|0|3,6|0,6|1|1|0,6|1|0,6|0,6|0|0|0|0|0|0|0|1|1|1|1|1,3|1,3|1,3|1,3|1,3|4,3,6|0,1,6|0,1,6|0,1|0,1|0,1|0|0|0|0|0|1|0,6|1|1|0,6|1|0,6|0,6|0|0|0|0|0|0|0|0,6|4,3,6|1,3|1,5,3|1|1|1|1|1|1|1|0,6|0|0|0|0|0|0|0|1|1|0,6|1|1|0,6|1|0,6|0,6|0|0|0|0|0|0|0|1|1|1|1|1,3|1,3|1,3|1,3|1,3|4,3,6|0,1,6|0,1,6|0,1|0,1|0,1|0,1|0|0|0|1|1|0,6|1|1|0,6|1|0,6|0,6|0|0|0|0|0|0|0|0,6|4,3,6|1,3|1,5,3|1|1|1|1|1|1|1|0,6|0|0|0|0|0|0|0|1|1|0,6|1|1|0,6|1|0,6|0,6|0|0|0|0|0|0|0|1|1|1|1|1|1|1|1|1|1|2|0,6|0|0|0|0|0,6|0,6|0,6|0,6|1|0,6|1|1|0,6|1|0,6|0,6|0|0|0|0|0|0|0|2|1|1|1|1|1|1|1|1|1|0|0,6|0|0|0|0|0,6|0,6|0,6|0,6|1|0,6|1|1|0,6|1|0,6|0,6|0|0|0|0|0|0|0|0|1|1|1|1|1|1|1|1|1|0|0,6|0|0|0|0|0,6|0,6|0|0|1|0,6|1|1|0,6|1|0|0|0|0|0|0|0|0|0|0|1|1|1|1|1|1|1|1|1|0|0,6|0|0|0|0|0,6|0,6|0|0|1|0,6|1|1|0,6|1|0|0|0|0|0|0|0|0|0|0|1|1|1|1|1|1|1|1|1|0|0,6|0|0|0|0|0,6|0,6|0|0|1|0,6|1|1|0,6|1|0|0|0|0|0|0|0|0|0|0|1|1|1|1|1|1|1|1|1|0|0,6|0|0|0|0|0,6|0,6|0|0|1|0,6|1|1|0,6|1|0|0|0|0|0|0|0|0|0|0|1|1|1|1|1|1|1|1|1|1|0,6|0,6|0,6|0,6|0,6|0,6|0,6|0,6|0,6|1|0,6|1|1|0,6|1|1|0,6|0,6|0,6|0,6|0,6|0,6|0,6|0,6|0,6|1|1|1|1|1|1|1|1|1|1|1|1|1|0,6|0,6|0,6|0,6|1|1|1|0,6|1|1|0,6|1|1|1|1|1|1|1|0,6|0,6|0,6|1|1|1|1|1|1|1|1|1|1|1|0,6|0,6|0,6|0,6|0,6|0,6|0,6|0,6|0,6|1|0,6|1|1|0,6|1|1|0,6|0,6|0,6|0,6|0,6|0,6|0,6|0,6|0,6|1|1|1|1|1|1|1|1|1|0|0,6|0|0|0|0|0,6|0,6|0|0|1|0,6|1|1|0,6|1|0|0|0|0|0|0|0|0|0|0|1|1|1|1|1|1|1|1|1|0|0,6|0|0|0|0|0,6|0,6|0|0|1|0,6|1|1|0,6|1|0|0|0|0|0|0|0|0|0|0|1|1|1|1|1|1|1|1|1|0|0,6|0|0|0|0|0,6|0,6|0|0|1|0,6|1|1|0,6|1|0|0|0|0|0|0|0|0|0|0|1|1|1|1|1|1|1|1|1|0|0,6|0|0|0|0|0,6|0,6|0|0|1|0,6|1|1|0,6|1|0|0|0|0|0|0|0|0|0|0|1|1|1|1|1|1|1|1|1|0,6|0,6|0|0|0|0|0,6|0,6|0,6|2,6|1|0,6|1|1|0,6|1|0,6|0|0|0|0|0|0|0|0|0,6|1|1|1|1|1|1|1|1|1|0|0|0|0|0|0|0,6|0,6|0,6|1|1|0,6|1|1|0,6|1|0,6|0|0|0|0|0|0|0|0|0,6|1|1|1|1|1|1|1|1|1|0|0|0|0|0|0|0|0|0|1|1|0,6|1|1|0,6|1|1|0,1|0,1|0|0|0|0|0|0|0,6|1|1|1|1|1|1|1|1|1|0|0|0|0|0|0|0|0|0|1|1|0,6|1|1|0,6|1|0,6|0|0|0|0|0|0|0|0,6|0,6|1|1|1|1|1|1|1|1|1|0,6|0,6|0,6|0|0|0|0|0|0|1|1|0,6|1|1|0,6|1|0,6|0|0|0|0|0|0|0|0,6|0,6|1|1|1|1|1|1|1|1|1|0,6|0,6|0,6|0|0|0|0|0|1|1|1|0,6|1|1|0,6|1|1|0,1|0,1|0|0|0|0|0|0|0,6|1|1|1|1|1|1|1|1|1|0|0,6|0,6|0|0|0|0|0|1|1|1|0,6|1|1|0,6|1|0,6|0|0|0|0|0|0|0|0|0,6|1|1|1|1|1|1|1|1|1|0|0,6|0,6|0|0|0|0|0|0,6|1|1|0,6|1|1|0,6|1|0,6|0|0|0|0|0|0|0|0|0,6|1|1|1|1|1|1|1|1|1|0|0,6|0,6|0|0|0|0|0|0,6|0|1|0,6|1|1|0,6|1|0,6|0|0|0|0|0|0|0|0|0|1|1|1|1|1|1|1|1|1|0|0,6|0,6|0|0|0|0|0|0,6|0|3,6|0,6|1|1|0,6|1|0|0|0|0|0|0|0|0|0|0|1|1|1|1|1|1|1|1|1|0|0,6|0,6|0|0|0|0|0|0,6|0|1|0,6|1|1|0,6|1|0|0|0|0|0|0|0|0|0|0|1|1|1|1|1|1|1|1|1|0|0,6|0,6|0|0|0|0|0|0,6|0|1|0,6|1|1|0,6|1|0|0|0|0|0|0|0|0|0|0|1|1|1|1|1|1|1|1|1|1|0,6|0,6|0,6|0,6|0,6|0,6|0,6|0,6|0,6|1|0,6|1|1|0,6|1|1|0,6|0,6|0,6|0,6|0,6|0,6|0,6|0,6|1|1|1|1|1|1|1|1|1|1|1|1|1|0,6|0,6|0,6|1|1|1|1|1|0,6|1|1|0,6|1|1|1|1|1|0,6|0,6|0,6|0,6|1|1|1|1|1|1|1|1|1|1|1|1|0,6|0,6|0,6|0,6|0,6|0,6|0,6|0,6|1|1|0,6|1|1|0,6|1|1|0,6|0,6|0,6|0,6|0,6|0,6|0,6|0,6|1|1|1|1|1|1|1|1|1|1|0|0,6|0,6|0|0|0|0|0|0,6|0|1|0,6|1|1|0,6|1|0|0|0|0|0|0|0|0|0|0|1|1|1|1|1|1|1|1|1|0|0,6|0,6|0|0|0|0|0|0,6|0|1|0,6|1|1|0,6|1|0|0|0|0|0|0|0|0|0|0|1|1|1|1|1|1|1|1|1|0|0,6|0,6|0|0|0|0|0|0,6|0|1|0,6|1|1|0,6|1|0|0|0|0|0|0|0|0|0|0|1|1|1|1|1|1|1|1|1|0|0,6|0,6|0|0|0|0|0|0,6|0,6|1|0,6|1|1|0,6|1|0,6|0,6|0|0|0|0|0|0|0|0|1|1|1|1|1|1|1|1|1|0|0,6|0,6|0|0|0|0|0|0|0|1|0,6|1|1|0,6|1|0|0,6|0|0|0|0|0|0|0|2|1|1|1|1|1|1|1|1|1|0|0,6|0,6|0|0|0|0|0|0|0|1|0,6|1|1|0,6|1|0|0,6|0|0|0|0|0|0|0|1|1|1|1|1|1|1|1|1|1|0,6|0,6|0,6|0|0|0|0|0|0|0|1|0,6|1|1|0,6|1|0|0,6|0|0|0|0|0|0|0|0,6|4,3,6|1,3|1|1|1|1|1|1|1|0,6|0,6|0,6|0|0|0|0|0|0|0|1|0,6|1|1|0,6|1|0|0,6|0|0|0|0|0|0|0|1|1|1|1|1|1|1|1|1|1|0|0|0|0|0|0|0|0|0|0|1|0,6|1|1|0,6|3,6|0|0,6|0|0|0|0|0,1|0,1|0,1|0,1,6|4,3,6|1,3|1,4,3|1|1|1|1|1|1|0|0|0|0|0|0|0|0|0|0|1|0,6|1|1|0,6|1|0|0,6|0|0|0|0|0|0|0|1|1|1|1|1|1|1|1|1|1|0|0|0|0|0|0|0|0|0|0|1|0,6|1|1|0,6|1|0|0,6|0|0|0|0|0|0|0|2|1|1|1|1|1|1|1|1|1|0|0|0|0|0|0|0|0|0|0|1|0,6|1|1|0,6|1|0|0,6|0,6|0|0|0|0|0|0|0|1|1|1|1|1|1|1|1|1|0|0|0|0|0|0|0|0|0|0|3,6|0,6|1|1|0,6|1|0|0|0|0|0|0|0|0|0|0,6|1|1|1|1|1|1|1|1|1|0|0|0|0|0|0|0|0|0|0|1|0,6|1|1|0,6|1|0|0|0|0|0|0|0|0|0|0,6|1|1|1|1|1|1|1|1|1|0|0|0|0|0|0|0|0|0|0,6|1|0,6|1|1|0,6|1|2|0|0|0|0|0|0|0|0,6|2,6|1|1|1|1|1|1|1|1|1|0|0|0|0|0|0|0|0|0|1|1|0,6|1|1|0,6|1|1|1|1|1|1|1|1|1|1|1|1|1|1|1|1|1|1|1|1|1|0,6|0,6|0,6|0,6|0,6|0,6|0,6|1|1|1|4,3,6|1|1|4,3,6|1|1|1|1|1|1|1|1|1|1|1|1|1|1|1|1|1|1|1|1|1|1|1|0,6|0,6|0,6|0,6|1|1|1|1|1,3|1|1|1,3|1|1|1|1|1|1|1|1|1|1|1|1|1|1|1|1|1|1|1|1|1|0,6|0,6|0,6|0,6|0,6|0,6|0,6|0,6|1|1|1,3|1,3|1,3|1,3|1|1|1|1|1|1|1|1|1|1|1|1|1|1|1|1|1|1|1|1|0,6|0,6|0|0|0|0|0|0|0|1|1|1|1|1|1|1|1|1|1|1|1|1|1|1|1|1|1|1|1|1|1|1|1|1|1|0,6|0,6|0|0|0|0|0|0|0|0|0|0|0|0|0|0|0|0|0|0|0|0|0|0|0|0|1|1|1|1|1|1|1|1|1|0,6|0,6|0|0|0|0|0|0|0|0|0|0|0|0|0|0|0|0|0|0|0|0|0|0|0|0|1|1|1|1|1|1|1|1|1|0,6|0,6|0|0|0|0|0|0|0|0|0|0|0|0|0|0|0|0|0|0|0|0|0|0|0|0|1|1|1|1|1|1|1|1|1|0,6|0,6|0|0|0|0|0|0|0|0|0|0|0|0|0|0,1|0,1|0,1|0,1|0,1|0,1|0,1|0,1|0,1|0,1|0,1|0,1,6|4,3,1,6|1,3|1|1|1|1|1|1|1|1|1|1|0|0|0|1|1|2|0|0|0|0|0|0|0|0|0|0|0|0|0|0|0|0|1|1|1|1|1|1|1|1|1|1|1|1|1|0,1|0,1|0,1|1|1|1|0|0|0|0|0|0|0|0|0|0|0|0|0|0|0|0|1|1|1|1|1|1|1|1|1|1|1|1|1|0|0|0|1|1|2|0|0|0|0,1|0,1|0,1|0,1|0,1|0,1|0,1|0,1|0,1|0,1|0,1|0,1|0,1|0,1,6|4,3,6|1,3|1|1|1|1|1|1|0,6|0,6|0|0|0|0|0|1|0|0|0|0|0|0|0|0|0|0|0|0|0|0|0|0|0|0|1|1|1,3|1|1|1|1|1|1|0,6|0,6|0|0|0|0|0|0|0|0|0|0|0|0|0|0|0|0|0|0|0|0|0|0|0|0|1|1|1,3|1|1|1|1|1|1|0,6|0,6|0|0|0|0|0|0|0|0|0|0|0|0|0|0|0|0|0|0|0|0|0|0|0|0|1|1|1,3|1|1|1|1|1|1|0,6|0,6|0|0|0|0|0|0|0|0,6|1|1|1|1|1|1|1|1|1|1|1|1|1|1|1|1|1|1|1,3|1|1|1|1|1|1|0,6|0,6|0,6|0,6|0,6|0,6|0,6|0,6|0,6|1|1|1|1|1|1|1|1|1|1|1|1|1|1|1|1|1|1|1|1,3|1|1|1|1|1|1|1|1|1|1|1|1|1|1|1|1|1|1|1|1|1|1|1|1|1|1|1|1|1|1|1|1|1|1|1,3|1|1|1|1|1|1|0,6|0,6|0,6|0,6|0,6|0,6|0,6|0,6|0,6|1|1|1|1|1|1|1|1|1|1|1|1|1|1|1|1|1|1|1|1,3|1|1|1|1|1|1|0,6|0,6|0|0|0|0|0|0|0|1|1|1|1|1|1|1|1|1|1|1|1|1|1|1|1|1|1|1|1,3|1|1|1|1|1|1|0,6|0,6|0|0|0|0|0|0|0|0|0|0|0|0|0|0|0|0|0|0|0|0|0|0|0|0|1|1|1,3|1|1|1|1|1|1|0,6|0,6|0|0|0|0|0|0|0|0|0|0|0|0|0|0|0|0|0|0|0|0|0|0|0|0|1|1|1,3|1|1|1|1|1|1|0,6|0,6|0|0|0|0|0|0|0|0|0|0|0|0|0|0|0|0|0|0|0|0|0|0|0|0|1|1|1,3|1|1|1|1|1|1|0,6|0,6|0|0|0|0|0|0|0|0|0|0|0|0|0|0|0|0,1|0,1|0,1|0,1|0,1|0,1|0,1|0,1|0,1|0,1,6|4,3,6|1,3|1|1|1|1|1|1|1|1|1|1|0|0|1|1|2|0|0|0|0|0|0|0|0|0|0|0|0|0|0|0|0|0|1|1|1|1|1|1|1|1|1|1|1|1|1|0,1|0,1|1|1|1|0|0|0|0|0|0|0|0|0|0|0|0|0|0|0|0|0|1|1|1|1|1|1|1|1|1|1|1|1|1|0|0|1|1|2|0|0|0|0,1|0,1|0,1|0,1|0,1|0,1|0,1|0,1|0,1|0,1|0,1|0,1|0,1|0,1|0,1,6|4,3,6|1,5,3|1|1|1|1|1|1|0,6|0,6|0|0|0|0|1|0|0|0|0|0|0|0|0|0|0|0|0|0|0|0|0|0|0|0|1|1|1|1|1|1|1|1|1|0,6|0,6|0|0|0|0|0|0|0|0|0|0|0|0|0|0|0|0|0|0|0|0|0|0|0|0|1|1|1|1|1|1|1|1|1|0,6|0,6|0|0|0|0|0|0|0|0|0|0|0|0|0|0|0|0|0|0|0|0|0|0|0|0|1|1|1|1|1|1|1|1|1|0,6|0,6|0|0|0|0|0|0|0|1|1|1|1|1|1|1|1|1|1|1|1|1|1|1|1|1|1|1|1|1|1|1|1|1|1|0,6|0,6|0,6|0,6|0,6|0,6|0,6|0,6|0,6|1|1|1|1|1|1|1|1|1|1|1|1|1|1|1|1|1|1|1|1|1|1|1|1|1|1|1|1|1|1|0,6|0,6|0,6|1|1|1|1|1|1|1|1|1|1|1|1|1|1|1|1|1|1|1|1|1|1|1|1|1|1|1|1|0,6|0,6|0,6|0,6|0,6|0,6|0,6|0,6|0,6|1|1|1|1|1|1|1|1|1|1|1|1|1|1|1|1|1|1|1|1|1|1|1|1|1|1|2,6|0,6|0,6|0,6|0,6|0,6|0,6|0,6|0,6|1|1|1|1|1|1|1|1|1|1|1|1|1|1|1|1|1|1|1|1|1|1|1|1|1|1|1|1|1|0,6|1|0,6|1|0,6|1|1|1|1|1|1|1|1|1|1|1|1|1|1|1|1|1|1|1|1|1|1|1|1|1|1|1|1|1|1|4,3,6|1|4,3,6|1|4,3,6|1|1|1|1|1|1|1|1|1|1|1|1|1|1|1|1|1|1|1|1|1|1|1|1|1|1|1|1|1|1|1,3|1|1,3|1|1,3|1|1|1|1|1|1|1|1|1|1|1|1|1|1|1|1|1|1|1|1|1|1|1|1|1|1|1|1|1|1|1,3|1|1,3|1|1,3|1|1|1|1|1|1|1|1|1|1|1|1|1|1|1|1|1|1|1|1|1|1|1|1|1|1|1|1|1|1|1|1|1,4,3|1|1,9,3|1|1|1|1|1|1|1|1|1|1|1|1|1|1|1|1|1|1|1|1|1|
