DS_B04
110*35|4|1
3.1795*5.0883|0|0
-80,-30|939,-39
Border: Solid
0,17,16|0,40,16|1,62,7|0,85,32|0,87,32|



20|2|15|0,14,0,0,1,-1 -1,558 126,-1 -1,602 126,-1 -1,835 120,-1 -1,217 110,-1 -1,216 110,-1 -1,547 126,-1 -1,2729 110,-1 -1,-1 -1,-1 -1,218 110,-1 -1,-1 -1,-1 -1,-1 -1,-1 -1,-1 -1,-1 -1,252 108,-1 -1,-1 -1,-1 -1,408 126,|0,5,0,1,1,-1 -1,-1 -1,-1 -1,-1 -1,-1 -1,-1 -1,217 110,-1 -1,216 110,-1 -1,-1 -1,-1 -1,2729 110,-1 -1,-1 -1,-1 -1,218 110,-1 -1,-1 -1,-1 -1,-1 -1,-1 -1,-1 -1,-1 -1,252 108,-1 -1,-1 -1,-1 -1,-1 -1,-1 -1,|
1|1|1|1|1|1|1|1|1|1|1|1|1|1|1|1|1|1|1|1|1|1|1|1|1|1|1|1|1|1|1|1|1|1|1|1,4,3|1|1|1|1|1|1|1|1|1|1|1|1|1|1|1|1|1|1|1|1|1|1|1|1|1|1|1|1|1|1|1|1|1|1|1,3|1|1|1|1|1|1|1|1|1|1|1|1|1|1|1|1|1|1|1|1|1|1|1|1|1|1|1|1|1|1|1|1|1|1|1,3|1|1|1|1|1|1|1|1|1|1|1|1|1|1|1|1|1|1|1|1|1|1|1|1|1|1|1|1|1|1|1|1|1|1|1,3|1|1|1|1|1|1|1|1|1|1|1|1|1|1|1|1|1|1|1|1|1|1|1|1|1|1|1|1|1|1|1|1|1|1|1,3|1|1|1|1|1|1|1|1|1|1|1|1|1|1|1|1|1|1|1|1|1|1|1|1|1|1|1|1|1|1|1|1|1|1|1,3|1|1|1|1|1|1|1|1|1|1|1|1|1|1|1|1|1|1|1|1|1|1|1|1|1|1|1|1|1|1|1|1|1|1|1,3|1|1|1|1|1|1|1|1|1|1|1|1|1|1|1|1|1|1|1|1|1|1|1|1|1|1|1|1|1|1|1|1|1|1|1,3|1|1|1|1|1|1|1|0|0|0|0|0|0|0,6|1|1|1|1|1|1|1|1|1|1|1|1|1|1|1|1|1|1|1|1|1,3|1,3|1,3|1,3|1,3|1,3|4,3,6|0,1,6|0,1|0,1|0,1|0,1|0,1|0,1|0,1,6|1|1|1|1|1|1|1|1|1|1|1|1|1|1|1|1|1|1|1|1|1|1|1|1|1|1|1|1|0|0|0|0|0|0|0,6|1|1|1|1|1|1|1|1|1|1|1|1|1|1|1|1|1|1|1|1|1|1|1|1|0|0|0|0|0|0|0|0|0|0|0,6|0,6|1|1|1|1|1|1|2,6|0,6|0,6|0,6|0,6|0,6|0,6|0,6|0,6|0,6|1|1|1|1|1|1|1|0|0|0|0,6|0,6|0,6|0,6|0|0|0|0,6|0,6|1|1|1|1|1|2,6|0|0|0|0|0|0|0|0|0|0|1|1|1|1|1|1|1|0|0|0|0,6|0,6|0,6|0,6|0|0|0|0,6|0,6|1|1|1|1|1|0,6|0|0|0|0|0|0|0|0|0|0|1|1|1|1|1|1|1|0|0|0|0,6|0,6|0,6|0,6|0|0|0|0,6|0,6|1|1|1|1|1|0,6|0|0|0|0|0|0|0|0|0|0|1|1|1|1|1|1|1|0|0|0|0,6|0,6|0,6|0,6|0|0|0|0,6|0,6|1|1|1|1|1|2,6|0|0|0|0|0|0|0|0|0|0|1|1|1|1|1|1|1|0|0|0|0|0|0|0|0|0|0|0,6|0,6|1|1|1|1|1|1|2,6|0,6|0,6|0,6|0,6|0,6|0,6|0,6|0,6|0,6|1|1|1|1|1|1|1|0|0|0|0|0|0|0|0|0|0|0,6|0,6|1|1|1|1|1|1|1|1|1|1|1|1|1|1|1|1|1|1|1|1|1|1|1|1|1|0|0|0|0|0|0|0|0|0,6|1|1|1|1|1|1|1|1|1|1|1|1|1|1|1|1|1|1|1|1|1|1|1|1|1|1|0|0|0|0|0|0|0|0|0,6|1|1|1|1|1|1|1|1|1|1|1|1|1|1|1|1|1|1|1|1|1|1|1|1|0|0|0|0|0|0|0|0|0|0|0,6|0,6|1|1|1|1|1|1|1|1|1|1|1|1|1|1|1|1|1|1|1|1|1|1|1|0|0|0|0|0|0|0|0|0|0|0,6|0,6|1|1|1|1|1|1|1|1|1|1|1|1|1|1|1|1|1|1|1|1|1|1|1|0|0|0|0|0|0|0|0|0|0|0,6|0,6|1|1|1|1|1|1|2,6|0,6|0,6|0,6|0,6|0,6|0,6|0,6|0,6|0,6|1|1|1|1|1|1|1|0|0|0|0,6|0,6|0,6|0,6|0|0|0|0,6|0,6|1|1|1|1|1|2,6|0|0|0|0|0|0|0|0|0|0|1|1|1|1|1|1|1|0|0|0|0,6|0,6|0,6|0,6|0|0|0|0,6|0,6|1|1|1|1|1|0,6|0|0|0|0|0|0|0|0|0|0|1|1|1|1|1|1|1|0|0|0|0,6|0,6|0,6|0,6|0|0|0|0,6|0,6|1|1|1|1|1|0,6|0|0|0|0|0|0|0|0|0|0|1|1|1|1|1|1|1|0|0|0|0,6|0,6|0,6|0,6|0|0|0|0,6|0,6|1|1|1|1|1|2,6|0|0|0|0|0|0|0|0|0|0|1|1|1|1|1|1|1|0|0|0|0|0|0|0|0|0|0|0,6|0,6|1|1|1|1|1|1|2,6|0,6|0,6|0,6|0,6|0,6|0,6|0,6|0,6|0,6|1|1|1|1|1|1|1|0|0|0|0|0|0|0|0|0|0|0,6|0,6|1|1|1|1|1|1|1|1|1|1|1|1|1|1|1|1|1|1|1|1|1|1|1|0|0|0|0|0|0|0|0|0|0|0,6|0,6|1|1|1|1|1|1|1|1|1|1|1|1|1|1|1|1|1|1|1|1|1|1|1|1|0|0|0|0|0|0|0|0|0|0,6|1|1|1|1|1|1|1|1|1|1|1|1|1|1|1|1|1|1|1|1|1|1|1|1|1|0,1|0,1|0,1|0,1|0,1|0,1|0,1|0,1|0,1|0,1,6|1|1|1|1|1|1|1|1|1|1|1|1|1|1|1|1|1|1|1|1|1|1|1|1|1|0|0|0|0|0|0|0|0|0|0,6|1|1|1|1|1|1|1|1|1|1|1|1|1|1|1|1|1|1|1|1|1|1|1|1|0|0|0|0|0|0|0|0|0|0|0,6|0,6|1|1|1|1|1|1|1|1|1|1|1|1|1|1|1|1|1|1|1|1|1|1|1|0|0|0,6|0,6|0,6|0,6|0,6|0,6|0|0|0,6|0,6|1|1|1|1|1|1|2,6|0,6|0,6|0,6|0,6|0,6|0,6|0,6|0,6|0,6|1|1|1|1|1|1|1|0|0|0,6|0,6|0,6|0,6|0,6|0,6|0|0|0,6|0,6|1|1|1|1|1|2,6|0|0|0|0|0|0|0|0|0|0|1|1|1|1|1|1|1|0|0|0,6|0,6|0,6|0,6|0,6|0,6|0|0|0,6|0,6|1|1|1|1|1|0,6|0|0|0|0|0|0|0|0|0|0|1|1|1|1|1|1|1|0|0|0,6|0,6|0,6|0,6|0,6|0,6|0|0|0,6|0,6|1|1|1|1|1|0,6|0|0|0|0|0|0|0|0|0|0|1|1|1|1|1|1|1|0|0|0,6|0,6|0,6|0,6|0,6|0,6|0|0|0,6|0,6|1|1|1|1|1|2,6|0|0|0|0|0|0|0|0|0|0|1|1|1|1|1|1|1|0|0|0,6|0,6|0,6|0,6|0,6|0,6|0|0|0,6|0,6|1|1|1|1|1|1|2,6|0,6|0,6|0,6|0,6|0,6|0,6|0,6|0,6|0,6|1|1|1|1|1|1|1|0|0|0|0|0|0|0|0|0|0|0,6|0,6|1|1|1|1|1|1|1|1|1|1|1|1|1|1|1|1|1|1|1|1|1|1|1|1|0|0|0|0|0|0|0|0|0|0,6|1|1|1|1|1|1|1|1|1|1|1|1|1|1|1|1|1|1|1|1|1|1|1|1|1|0,1|0,1|0,1|0,1|0,1|0,1|0,1|0,1|0,1|0,1,6|1|1|1|1|1|1|1|1|1|1|1|1|1|1|1|1|1|1|1|1|1|1|1|1|1|0|0|0|0|0|0|0|0|0|0,6|1|1|1|1|1|1|1|1|1|1|1|1|1|1|1|1|1|1|1|1|1|1|1|1|0|0|0|0|0|0|0|0|0|0|0,6|0,6|1|1|1|1|1|1|1|1|1|1|1|1|1|1|1|1|1|1|1|1|1|1|1|0|0|0,6|0,6|0,6|0,6|0,6|0,6|0|0|0,6|0,6|1|1|1|1|1|1|2,6|0,6|0,6|0,6|0,6|0,6|0,6|0,6|0,6|0,6|1|1|1|1|1|1|1|0|0|0,6|0,6|0,6|0,6|0,6|0,6|0|0|0,6|0,6|1|1|1|1|1|2,6|0|0|0|0|0|0|0|0|0|0|1|1|1|1|1|1|1|0|0|0,6|0,6|0,6|0,6|0,6|0,6|0|0|0,6|0,6|1|1|1|1|1|0,6|0|0|0|0|0|0|0|0|0|0|1|1|1|1|1|1|1|0|0|0,6|0,6|0,6|0,6|0,6|0,6|0|0|0,6|0,6|1|1|1|1|1|0,6|0|0|0|0|0|0|0|0|0|0|1|1|1|1|1|1|1|0|0|0,6|0,6|0,6|0,6|0,6|0,6|0|0|0,6|0,6|1|1|1|1|1|2,6|0|0|0|0|0|0|0|0|0|0|1|1|1|1|1|1|1|0|0|0,6|0,6|0,6|0,6|0,6|0,6|0|0|0,6|0,6|1|1|1|1|1|1|2,6|0,6|0,6|0,6|0,6|0,6|0,6|0,6|0,6|0,6|1|1|1|1|1|1|1|0|0|0|0|0|0|0|0|0|0|0,6|0,6|1|1|1|1|1|1|1|1|1|1|1|1|1|1|1|1|1|1|1|1|1|1|1|0|0|0|0|0|0|0|0|0|0|0,6|0,6|1|1|1|1|1|1|1|1|1|1|1|1|1|1|1|1|1|1|1|1|1|1|1|1|0|0|0|0|0|0|0|0|0|0,6|1|1|1|1|1|1|1|1|1|1|1|1|1|1|1|1|1|1|1|1|1|1|1|1|1|0,1|0,1|0,1|0,1|0,1|0,1|0,1|0,1|0,1|0,1,6|1|1|1|1|1|1|1|1|1|1|1|1|1|1|1|1|1|1|1|1|1|1|1|1|1|0|0|0|0|0|0|0|0|0|0,6|1|1|1|1|1|1|1|1|1|1|1|1|1|1|1|1|1|1|1|1|1|1|1|1|0|0|0|0|0|0|0|0|0|0|0,6|0,6|1|1|1|1|1|1|2,6|0,6|0,6|0,6|0,6|0,6|0,6|0,6|0,6|0,6|1|1|1|1|1|1|1|0|0|0|0|0|0|0|0|0|0|0,6|0,6|1|1|1|1|1|2,6|0|0|0|0|0|0|0|0|0|0|1|1|1|1|1|1|1|0|0|0,6|0,6|0,6|0,6|0,6|0,6|0|0|0,6|0,6|1|1|1|1|1|0,6|0|0|0|0|0|0|0|0|0|0|1|1|1|1|1|1|1|0|0|0,6|1|1|1|1|0,6|0|0|0,6|0,6|1|1|1|1|1|0,6|0|0|0|0|0|0|0|0|0|0|1|1|1|1|1|1|1|0|0|0,6|1|1|1|1|0,6|0|0|0,6|0,6|1|1|1|1|1|2,6|0|0|0|0|0|0|0|0|0|0|1|1|1|1|1|1|1|0|0|0,6|1|1|1|1|0,6|0|0|0,6|0,6|1|1|1|1|1|1|2,6|0,6|0,6|0,6|0,6|0,6|0,6|0,6|0,6|0,6|1|1|1|1|1|1|1|0|0|0,6|1|1|1|1|0,6|0|0|0,6|0,6|1|1|1|1|1|1|1|1|1|1|1|1|1|1|1|1|1|1|1|1|1|1|1|0|0|0,6|0,6|0,6|0,6|0,6|0,6|0|0|0,6|0,6|1|1|1|1|1|1|1|1|1|1|1|1|1|1|1|1|1|1|1|1|1|1|1|0|0|0|0|0|0|0|0|0|0|0,6|0,6|1|1|1|1|1|1|1|1|1|1|1|1|1|1|1|1|1|1|1|1|1|1|1|0|0|0|0|0|0|0|0|0|0|0,6|0,6|1|1|1|1|1|1|1|1|1|1|1|1|1|1|1|1|1|1|1|1|1|1|1|1|0|0|0|0|0|0|0|0|0|0,6|1|1|1|1|1|1|1|1|1|1|1|1|1|1|1|1|1|1|1|1|1|1|1|1|1|0,1|0,1|0,1|0,1|0,1|0,1|0,1|0,1|0,1|0,1,6|1|1|1|1|1|1|1|2,6|0,6|0,6|0,6|0,6|0,6|0,6|0,6|0,6|0,6|1|1|1|1|1|1|1|1|0|0|0|0|0|0|0|0|0|0,6|1|1|1|1|1|1|2,6|0|0|0|0|0|0|0|0|0|0|1|1|1|1|1|1|1|0|0|0|0|0|0|0|0|0|0|0,6|0,6|1|1|1|1|1|0,6|0|0|0|0|0|0|0|0|0|0|1|1|1|1|1|1|1|0|0|0|0|0|0|0|0|0|0|0|0,6|1|1|1|1|1|0,6|0|0|0|0|0|0|0|0|0|0|1|1|1|1|1|1|1|0|0|0,6|0,6|0,6|0,6|0,6|0,6|0|0|0|0,6|1|1|1|1|1|0,6|0|0|0|0|0|0|0|0|0|0|1|1|1|1|1|1|1|0|0|0,6|1|1|1|1|0,6|0|0|0|0,6|1|1|1|1|1|0,8,6|0,6|0,6|0,6|0,6|0,6|0,6|0,6|0,6|0,6|0,6|1|1|1|1|1|1|1|0|0|0,6|1|1|1|1|0,6|0|0|0|0|1|1|1|1|1|0,8,6|0,8,6|0,6|0,6|0,6|0,6|0,6|0,6|0,6|0,6|0,6|1|1|1|1|1|1|1|0|0|0,6|1|1|1|1|0,6|0|0|0|0|1|1|1|1|1|0,8,6|0,6|0,6|0,6|0,6|0,6|0,6|0,6|0,6|0,6|0,6|1|1|1|1|1|1|1|0|0|0,6|1|1|1|1|0,6|0|0|0|0|0|0|0,6|0,6|0,6|0,6|0,6|0,6|0,6|0,6|0,6|0,6|0,6|0,6|0,6|0,6|1|1|1|1|1|1|1|0|0|0,6|0,6|0,6|0,6|0,6|0,6|0|0|0|0|0|0|0|0|0,6|0,6|0,6|0,6|0,6|0,6|0,6|0,6|0,6|0,6|0,6|0,6|1|1|1|1|1|1|1|0|0|0|0|0|0|0|0|0|0|0|0|0|0|0|0|0,6|0,6|0,6|0,6|0,6|0,6|0,6|0,6|0,6|0,6|0,6|0,6|1|1|1|1|1|1|1|0|0|0|0|0|0|0|0|0|0|0|0|0|0|0|0|0,6|0,6|0,6|0,6|0,6|0,6|0,6|0,6|0,6|0,6|0,6|0,6|1|1|1|1|1|1|1|0|0|0|0|0|0|0|0|0|0|0|0|0|0|0|0|0,6|0,6|0|0|0|0|0|0|0|0|0|0|1|1|1|1|1|1|1|0,1|0,1|0,1|0,1|0,1|0,1|0,1|0,1|0,1|0,1|0,1|0,1|0,1|0|0|0|0,6|0,6|0|0|0|0|0|0|0|0|0|0|1|1|1|1|1|1|1|0|0|0|0|0|0|0|0|0|0|0|0|0|0|0|0|0,6|0,6|0|0|0|0|0|0|0|0|0|0|1|1|1|1|1|1|1|0,6|0,6|0,6|0,6|0,6|0,6|0,6|0,6|0,6|0,6|0,6|0,6|0|0|0|0|0,6|0,6|0|0|0|0|0|0|0|0|0|0|1|1|1|1|1|1|1|0|0|0|0|0|0|0|0|0|0,6|0|0,6|0|0|0|0|0,6|0,6|0,6|0,6|0,6|0,6|0,6|0,6|0,6|0,6|0,6|0,6|1|1|1|1|1|1|1|0,6|0,6|0,6|0,6|0,6|0,6|0,6|0,6|0,6|0,6|0,6|0,6|0,6|0,6|0,6|0,6|0,6|0,6|0,6|0,6|0,6|0,6|0,6|0,6|0,6|0,6|0,6|0,6|1|1|1|1|1|1|1|0,6|0,6|0,6|0,6|0,6|0,6|3,6|0,6|0,6|0,6|0,6|0,6|0,6|0,6|0,6|3,6|0,6|0,6|0,6|0,6|0,6|0,6|0,6|0,6|0,6|0,6|0,6|0,6|1|1|1|1|1|1|1|1|0,6|0,6|0,6|0,6|0,6|3,6|0,6|0,6|0,6|0,6|0,6|0,6|0,6|0,6|3,6|0,6|0,6|0,6|0,6|0,6|0,6|0,6|0,6|0,6|0,6|0,6|0,6|1|1|1|1|1|1|1|1|0,6|0,6|0,6|0,6|0,6|3,6|0,6|0,6|0,6|0,6|0,6|0,6|0,6|0,6|3,6|0,6|0,6|0,6|0,6|0,6|0,6|0,6|0,6|0,6|0,6|0,6|0,6|1|1|1|1|1|1|1|0,6|0,6|0,6|0,6|0,6|0,6|3,6|0,6|0,6|0,6|0,6|0,6|0,6|0,6|0,6|3,6|0,6|0,6|0,6|0,6|0,6|0,6|0,6|0,6|0,6|0,6|0,6|0,6|1|1|1|1|1|1|1|0,6|0,6|0,6|0,6|0,6|0,6|0,6|0,6|0,6|0,6|0,6|0,6|0,6|0,6|0,6|0,6|0,6|0,6|0,6|0,6|0,6|0,6|0,6|0,6|0,6|0,6|0,6|0,6|1|1|1|1|1|1|1|0|0|0|0|0|0|0|0|0|0|0|0|0|0|0,6|0|0,6|0,6|0,6|0,6|0,6|0,6|0,6|0,6|0,6|0,6|0,6|0,6|1|1|1|1|1|1|1|0|0|0|0|0|0|0|0|0|0|0|0|0|0|0,6|0|0,6|0,6|0|0|0|0|0|0|0|0|0|0|1|1|1|1|1|1|1|0,1|0,1|0,1|0,1|0,1|0,1|0,1|0,1|0|0|0|0|0|0|0,6|0|0,6|0,6|0|0|0|0|0|0|0|0|0|0|1|1|1|1|1|1|1|0|0|0|0|0|0|0|0|0|0|0|0|0|0|0,6|0|0,6|0,6|0|0|0|0|0|0|0|0|0|0|1|1|1|1|1|1|1|0,6|0,6|0,6|0,6|0,6|0,6|0,6|0,6|0,6|0,6|0,6|0,6|0|0|0,6|0|0,6|0,6|0|0|0|0|0|0|0|0|0|0|1|1|1|1|1|1|1|0|0|0|0|0|0|0|0,6|0|0,6|0|0,6|0|0|0,6|0|0,6|0,6|0,6|0,6|0,6|0,6|0,6|0,6|0,6|0,6|0,6|0,6|1|1|1|1|1|1|1|0,6|0,6|0,6|0,6|0,6|0,6|0,6|0,6|0,6|0,6|0,6|0,6|0,6|0,6|0,6|0,6|0,6|0,6|0,6|0,6|0,6|0,6|0,6|0,6|0,6|0,6|0,6|0,6|1|1|1|1|1|1|1|0,6|0,6|0,6|0,6|0,6|0,6|3,6|0,6|0,6|0,6|0,6|0,6|0,6|0,6|0,6|3,6|0,6|0,6|1|1|1|1|1|1|1|0,6|1|1|1|1|1|1|1|1|1|1|0,6|0,6|0,6|0,6|0,6|3,6|0,6|0,6|0,6|0,6|0,6|0,6|0,6|0,6|3,6|0,6|0,6|1|1|1|1|1|1|1|0,6|1|1|1|1|1|1|1|1|1|1|0,6|0,6|0,6|0,6|0,6|3,6|0,6|0,6|0,6|0,6|0,6|0,6|0,6|0,6|3,6|0,6|0,6|1|1|1|1|1|1|1|0,6|1|1|1|1|1|1|1|1|1|0,6|0,6|0,6|0,6|0,6|0,6|3,6|0,6|0,6|0,6|0,6|0,6|0,6|0,6|0,6|3,6|0,6|0,6|3,6|0,6|0,6|0,6|0,6|0,6|0,6|0,6|1|1|1|1|1|1|1|1|1|0,6|0,6|0,6|0,6|0,6|0,6|0,6|0,6|0,6|0,6|0,6|0,6|0,6|0,6|0,6|0,6|0,6|0,6|1|1|1|1|1|1|1|1|1|1|1|1|1|1|1|1|1|1|1|1|1|0,6|1|0,6|0,6|0,6|0,6|0,6|0,6|0,6|0,6|0,6|0,6|0,6|0,6|1|1|1|1|1|1|1|1|1|1|1|1|1|1|1|1|1|1|1|1|1|4,3,6|1|1|1|1|1|1|1|1|1|0,6|1|0,6|1|1|1|1|1|1|1|1|1|1|1|1|1|1|1|1|1|1|1|1|1|1|1,3|1|1|1|1|1|1|1|1|1|4,3,6|1|4,3,6|1|1|1|1|1|1|1|1|1|1|1|1|1|1|1|1|1|1|1|1|1|1|1,3|1|1|1|1|1|1|1|1|1|1,3|1|1,3|1|1|1|1|1|1|1|1|1|1|1|1|1|1|1|1|1|1|1|1|1|1|1,3|1|1|1|1|1|1|1|1|1|1,3|1|1,3|1|1|1|1|1|1|1|1|1|1|1|1|1|1|1|1|1|1|1|1|1|1|1,3|1,3|1,3|1,3|1,3|1,3|1,3|1,3|1,3|1,3|1,3|1|1,3|1|1|1|1|1|1|1|1|1|1|1|1|1|1|1|1|1|1|1|1|1|1|1|1|1|1|1|1|1|1|1|1|1|1|1,3|1|1|1|1|1|1|1|1|1|1|1|1|1|1|1|1|1|1|1|1|1|1|1|1|1|1|1|1|1|1|1|1|1|1|1,4,3|1|1|1|1|1|1|1|1|1|1|1|1|1|1|
