Pièce : SH_A13
taille : 48x35
#####################.....................######
#####################....................#######
####################......................######
###..........................................###
###..........................................###
###..........................................###
###..........................................###
###..........................................###
###..........................................###
###.....#########............................###
###-----#=#####=#---##.....................--###
###.....#########............................###
###...../#######/............................###
###------/#####/--........................---###
###..........................................###
###...........................##.............###
###--........................###............-###
###........................#####.............###
###.......................######..............=#
###H#####.....|..........########H##.....##H####
###|#.#.#.....|..........########|##.....##|####
###|..........|..........#######.|.........|.###
###|..........|..........#######.|.........|.###
###|..........|../#/....|#######.|.........|.###
###|..../#/...|..###....|#######.|.........|.###
###|....###...|../#/....|#######.|.........|.###
#####.../#/...|...|....#############.....#######
###.#....|....|...|....#.###########.....#######
###.#....|....|...|....#.###########.....#######
###......|..###...|......############...########
################################################
########=#=####=#=####################=#########
################################################
################################################
################################################
(3,3),(3,26)|(3,27),(3,30)|(4,19),(4,21)|(4,27),(4,29)|(5,20),(5,21)|(5,26),(5,29)|(6,20),(6,21)|(7,20),(7,21)|(8,9),(8,20)|(8,21),(8,31)|(9,10),(9,11)|(9,19),(9,21)|(9,31),(9,32)|(10,10),(10,11)|(10,31),(10,32)|(11,31),(11,32)|(12,29),(12,30)|(15,10),(15,11)|(15,29),(15,30)|(15,31),(15,32)|(16,10),(16,11)|(16,31),(16,32)|(17,9),(17,31)|(18,31),(18,32)|(20,2),(20,3)|(20,10),(20,11)|(21,0),(21,2)|(22,10),(22,11)|(23,26),(23,29)|(24,27),(24,29)|(25,19),(25,26)|(25,27),(25,30)|(26,18),(26,19)|(27,17),(27,18)|(29,16),(29,17)|(30,15),(30,16)|(32,15),(32,19)|(32,21),(32,26)|(33,19),(33,21)|(34,19),(34,21)|(36,19),(36,21)|(36,26),(36,29)|(37,29),(37,30)|(38,31),(38,32)|(39,31),(39,32)|(40,29),(40,30)|(41,1),(41,2)|(41,19),(41,21)|(41,26),(41,29)|(42,0),(42,1)|(42,2),(42,3)|(43,19),(43,21)|(44,19),(44,21)|(45,3),(45,18)|(45,21),(45,26)|(47,18),(47,19)|
(21,0),(42,0)|(41,1),(42,1)|(20,2),(21,2)|(41,2),(42,2)|(3,3),(20,3)|(42,3),(45,3)|(8,9),(17,9)|(9,10),(10,10)|(15,10),(16,10)|(20,10),(22,10)|(9,11),(10,11)|(15,11),(16,11)|(20,11),(22,11)|(30,15),(32,15)|(29,16),(30,16)|(27,17),(29,17)|(26,18),(27,18)|(45,18),(47,18)|(4,19),(9,19)|(25,19),(26,19)|(32,19),(33,19)|(34,19),(36,19)|(41,19),(43,19)|(44,19),(47,19)|(5,20),(6,20)|(7,20),(8,20)|(4,21),(5,21)|(6,21),(7,21)|(8,21),(9,21)|(32,21),(33,21)|(34,21),(36,21)|(41,21),(43,21)|(44,21),(45,21)|(3,26),(5,26)|(23,26),(25,26)|(32,26),(36,26)|(41,26),(45,26)|(3,27),(4,27)|(24,27),(25,27)|(4,29),(5,29)|(12,29),(15,29)|(23,29),(24,29)|(36,29),(37,29)|(40,29),(41,29)|(3,30),(12,30)|(15,30),(25,30)|(37,30),(40,30)|(8,31),(9,31)|(10,31),(11,31)|(15,31),(16,31)|(17,31),(18,31)|(38,31),(39,31)|(8,32),(9,32)|(10,32),(11,32)|(15,32),(16,32)|(17,32),(18,32)|(38,32),(39,32)|
(8,12),(10,14)|(8,12),(19,23)|(8,12),(20,24)|(8,26),(9,27)|(10,24),(11,25)|(17,25),(18,26)|
(8,25),(9,24)|(10,27),(11,26)|(15,14),(17,12)|(17,24),(18,23)|(19,26),(20,25)|
(3.5,20),(3.5,26)|(9.5,27),(9.5,30)|(14.5,19),(14.5,29)|(18.5,26),(18.5,30)|(24.5,23),(24.5,26)|(33.5,20),(33.5,26)|(43.5,20),(43.5,26)|
(3,10.5),(3,13.5)|(3,16.5),(5,16.5)|(8,10.5),(9,13.5)|(16,13.5),(17,10.5)|(18,13.5),(20,10.5)|(42,13.5),(43,10.5)|(44,16.5),(45,10.5)|(45,13.5),(45,16.5)|
end file : SH_A13