Piece : SU_A34
48x35
189x107
################################################
################################################
################################################
################################################
################################################
################################################
################################################
################################################
################################################
################################################
################################################
################################################
################################################
################################################
################################################
################################################
################################################
################################################
################################################
################################################
################################################
#####################=##########################
##=........##########.##########################
##########.##########.##########################
##########.##########.################=#########
###=............................######.#########
##########.####.#####.#########.######.#########
##########.#.##.#####.#########.######.#########
########......#.#####..............###.#########
######/........../###.#####.######.###.#########
######............###.#####.######.###.#########
######.....#......###.#####.###/......../#######
###=.....####.........#####..................=##
################################################
################################################
(2,22),(2,23)|(3,25),(3,26)|(3,32),(3,33)|(8,28),(8,29)|(9,32),(9,33)|(10,23),(10,25)|(10,26),(10,28)|(11,22),(11,25)|(11,26),(11,28)|(11,31),(11,32)|(12,27),(12,28)|(12,31),(12,32)|(13,27),(13,28)|(13,32),(13,33)|(14,28),(14,29)|(15,26),(15,29)|(16,26),(16,29)|(21,21),(21,25)|(21,26),(21,32)|(22,21),(22,25)|(22,26),(22,28)|(22,29),(22,33)|(27,29),(27,33)|(28,29),(28,32)|(31,26),(31,28)|(32,25),(32,28)|(34,29),(34,31)|(35,28),(35,31)|(38,24),(38,31)|(39,24),(39,31)|(46,32),(46,33)|
(21,21),(22,21)|(2,22),(11,22)|(2,23),(10,23)|(38,24),(39,24)|(3,25),(10,25)|(11,25),(21,25)|(22,25),(32,25)|(3,26),(10,26)|(11,26),(15,26)|(16,26),(21,26)|(22,26),(31,26)|(12,27),(13,27)|(8,28),(10,28)|(11,28),(12,28)|(13,28),(14,28)|(22,28),(31,28)|(32,28),(35,28)|(8,29),(14,29)|(15,29),(16,29)|(22,29),(27,29)|(28,29),(34,29)|(11,31),(12,31)|(34,31),(35,31)|(38,31),(39,31)|(3,32),(6,32)|(9,32),(11,32)|(12,32),(13,32)|(18,32),(21,32)|(28,32),(31,32)|(41,32),(46,32)|(3,33),(9,33)|(13,33),(22,33)|(27,33),(46,33)|
(17,29),(18,30)|(40,31),(41,32)|
(6,30),(7,29)|(31,32),(32,31)|
None|
None|
end file : SU_A34