Piece : SU_A40
50x36
1459x29
####################################............##
########.....|....######/.....|...##............##
########.....|....##=##/......|...##............##
#######/.....|..../#.#/|......|...##............##
###.|........|.........|......|...##............##
###.|.#######H#########H##....|.###/............##
###.|........|.........|......|................/##
###.|........|.........|......|.............../###
###.|.........................|...............####
###.|.........................|........---------=#
############..................|...............####
##=...........................................####
############.............................-------=#
###....................|......................####
###....................|....................../###
###....................|......................./##
###.......|............|......|.................##
########..|............|......|.................##
##=.......|.......####.|......|.####...####.....##
########..|.......####.|......|.####...####.....##
###.......|.......####.|......|.####...####.....##
##/.......|.......####.|......|.####...####.....##
##........|....|..####.|......|.####...####.....##
##........|....|..####.|......|.####...####.....##
##......####...|..####.|......|.####...####.....##
##......####...|..####.|......|.####.|.####.....##
##......####...|..####.|......|.####.|.####.....##
##...|..####...|..####.|......|.####.|.####.....##
##...|..####...|..####.|......|.####.|.####.....##
##...|..####...|..####.|......|.####.|.####.....##
###..|..####...|.......|...#..|......|.........###
####.|..####...|.......|..###.|......|.........###
#####H#########H#######H######H######H############
###############=#######=######=######=#######=####
##################################################
##################################################
(2,11),(2,12)|(2,18),(2,19)|(3,4),(3,10)|(3,13),(3,17)|(3,20),(3,21)|(3,30),(3,31)|(4,31),(4,32)|(5,32),(5,33)|(6,5),(6,6)|(6,32),(6,33)|(8,1),(8,3)|(8,17),(8,18)|(8,19),(8,20)|(8,24),(8,32)|(12,10),(12,11)|(12,12),(12,13)|(12,24),(12,32)|(13,5),(13,6)|(14,5),(14,6)|(15,32),(15,34)|(16,32),(16,34)|(18,1),(18,3)|(18,18),(18,30)|(20,2),(20,4)|(21,2),(21,4)|(22,18),(22,30)|(23,5),(23,6)|(23,32),(23,34)|(24,5),(24,6)|(24,32),(24,34)|(26,5),(26,6)|(26,31),(26,32)|(27,30),(27,31)|(28,30),(28,31)|(29,31),(29,32)|(30,32),(30,34)|(31,32),(31,34)|(32,5),(32,6)|(32,18),(32,30)|(34,1),(34,5)|(36,0),(36,5)|(36,18),(36,30)|(37,32),(37,34)|(38,32),(38,34)|(39,18),(39,30)|(43,18),(43,30)|(45,33),(45,34)|(46,8),(46,9)|(46,10),(46,12)|(46,13),(46,14)|(46,33),(46,34)|(47,30),(47,32)|(48,0),(48,30)|(49,9),(49,10)|(49,12),(49,13)|
(36,0),(48,0)|(8,1),(18,1)|(20,2),(21,2)|(3,4),(7,4)|(19,4),(20,4)|(21,4),(22,4)|(6,5),(13,5)|(14,5),(23,5)|(24,5),(26,5)|(32,5),(34,5)|(6,6),(13,6)|(14,6),(23,6)|(24,6),(26,6)|(32,6),(35,6)|(46,9),(49,9)|(3,10),(12,10)|(46,10),(49,10)|(2,11),(12,11)|(2,12),(12,12)|(46,12),(49,12)|(3,13),(12,13)|(46,13),(49,13)|(3,17),(8,17)|(2,18),(8,18)|(18,18),(22,18)|(32,18),(36,18)|(39,18),(43,18)|(2,19),(8,19)|(3,20),(8,20)|(8,24),(12,24)|(2,30),(3,30)|(18,30),(22,30)|(27,30),(28,30)|(32,30),(36,30)|(39,30),(43,30)|(47,30),(48,30)|(3,31),(4,31)|(26,31),(27,31)|(28,31),(29,31)|(4,32),(5,32)|(6,32),(8,32)|(12,32),(15,32)|(16,32),(23,32)|(24,32),(26,32)|(29,32),(30,32)|(31,32),(37,32)|(38,32),(47,32)|(5,33),(6,33)|(45,33),(46,33)|(15,34),(16,34)|(23,34),(24,34)|(30,34),(31,34)|(37,34),(38,34)|(45,34),(46,34)|
(18,3),(19,4)|(46,14),(48,16)|
(2,22),(3,21)|(7,4),(8,3)|(22,4),(25,1)|(35,6),(36,5)|(46,8),(48,6)|
(4.5,4),(4.5,10)|(5.5,27),(5.5,32)|(10.5,16),(10.5,24)|(13.5,1),(13.5,5)|(13.5,6),(13.5,8)|(15.5,22),(15.5,32)|(23.5,3),(23.5,5)|(23.5,6),(23.5,8)|(23.5,13),(23.5,32)|(30.5,1),(30.5,11)|(30.5,16),(30.5,32)|(37.5,25),(37.5,32)|
(39,9.5),(48,9.5)|(41,12.5),(48,12.5)|
end file : SU_A40