Pièce : UW_A10
taille : 48x35
################################################
################################################
################################################
################################################
################################################
################################################
################################################
################################################
################################################
###...........................................##
###...........................................##
###...........................................##
###...........................................##
####..........................................##
#####.........#####......................###..##
#######HH#################################=#####
#######..#######################################
#######..#######################################
#######..#######################################
#######--#######################################
#######..#######################################
#######..###########/#############/#############
#####/#..#/##########/###########/##########/###
#######--#############/#########/###############
#######..##############/#######/################
#######..#######################################
#######..#######################################
#######--#######################################
#######..#######################################
#######..##########/###############/############
#######..###########/#############/#############
################################################
#######=########################################
################################################
####################/#############/#############
(3,9),(3,13)|(4,13),(4,14)|(5,14),(5,15)|(7,15),(7,31)|(7,32),(7,33)|(8,32),(8,33)|(9,15),(9,31)|(14,14),(14,15)|(19,14),(19,15)|(41,14),(41,15)|(42,15),(42,16)|(43,15),(43,16)|(44,14),(44,15)|(46,9),(46,15)|
(3,9),(46,9)|(3,13),(4,13)|(4,14),(5,14)|(14,14),(19,14)|(41,14),(44,14)|(5,15),(7,15)|(9,15),(14,15)|(19,15),(41,15)|(42,15),(43,15)|(44,15),(46,15)|(42,16),(43,16)|(7,31),(9,31)|(7,32),(8,32)|(7,33),(8,33)|(20,35),(21,35)|(34,35),(35,35)|



(7,19.5),(9,19.5)|(7,23.5),(9,23.5)|(7,27.5),(9,27.5)|
end file : UW_A10