Pièce : UW_A09
48x35
2693x-1139
################################################
################################################
################################################
#########################..|...|..|..###########
#########################..|...|..|..###########
#########################..|...|..|..###########
#########################..|...|..|..###########
#########################..|...#..|..###########
#########################..|...|..|..###########
######.......#..........#..|......|.......######
####=......................#......|........=####
######.....................|......#.......######
####=..............#.......|......|.......######
######.......|.....|..........................##
#######......|.....|......................###.##
########....###....|......................###.##
######################.................######.##
######################.................######.##
######.......|.....|.........|............###.##
######.......|.....|.........|......#.....###.##
######.......|.....|.........|......|.....###.##
######.......|.....|.........|......|.....###.##
######.......|.....|.........|####..|.........##
####=.......###...###.......#########.....######
######......###...###....#############....######
################################################
################=######################=########
################################################
################################################
################################################
################################################
################################################
################################################
################################################
################################################
(4,10),(4,11)|(4,12),(4,13)|(4,23),(4,24)|(6,9),(6,10)|(6,11),(6,12)|(6,13),(6,14)|(6,18),(6,23)|(6,24),(6,25)|(7,14),(7,15)|(8,15),(8,16)|(12,15),(12,16)|(12,23),(12,25)|(13,9),(13,10)|(14,9),(14,10)|(15,15),(15,16)|(15,23),(15,25)|(16,26),(16,27)|(17,26),(17,27)|(18,23),(18,25)|(19,12),(19,13)|(20,12),(20,13)|(21,23),(21,25)|(22,16),(22,18)|(24,9),(24,10)|(25,3),(25,10)|(25,24),(25,25)|(27,10),(27,11)|(28,10),(28,11)|(28,23),(28,24)|(30,22),(30,23)|(31,7),(31,8)|(32,7),(32,8)|(34,11),(34,12)|(34,22),(34,23)|(35,11),(35,12)|(36,19),(36,20)|(37,3),(37,9)|(37,19),(37,20)|(37,23),(37,24)|(38,24),(38,25)|(39,16),(39,18)|(39,26),(39,27)|(40,26),(40,27)|(42,9),(42,10)|(42,11),(42,13)|(42,14),(42,16)|(42,18),(42,22)|(42,23),(42,25)|(44,10),(44,11)|(45,14),(45,22)|(46,13),(46,23)|
(25,3),(37,3)|(31,7),(32,7)|(31,8),(32,8)|(6,9),(13,9)|(14,9),(24,9)|(37,9),(42,9)|(4,10),(6,10)|(13,10),(14,10)|(24,10),(25,10)|(27,10),(28,10)|(42,10),(44,10)|(4,11),(6,11)|(27,11),(28,11)|(34,11),(35,11)|(42,11),(44,11)|(4,12),(6,12)|(19,12),(20,12)|(34,12),(35,12)|(4,13),(6,13)|(19,13),(20,13)|(42,13),(46,13)|(6,14),(7,14)|(42,14),(45,14)|(7,15),(8,15)|(12,15),(15,15)|(8,16),(12,16)|(15,16),(22,16)|(39,16),(42,16)|(6,18),(22,18)|(39,18),(42,18)|(36,19),(37,19)|(36,20),(37,20)|(30,22),(34,22)|(42,22),(45,22)|(4,23),(6,23)|(12,23),(15,23)|(18,23),(21,23)|(28,23),(30,23)|(34,23),(37,23)|(42,23),(46,23)|(4,24),(6,24)|(25,24),(28,24)|(37,24),(38,24)|(6,25),(12,25)|(15,25),(18,25)|(21,25),(25,25)|(38,25),(42,25)|(16,26),(17,26)|(39,26),(40,26)|(16,27),(17,27)|(39,27),(40,27)|


(13.5,13),(13.5,15)|(13.5,18),(13.5,23)|(19.5,13),(19.5,16)|(19.5,18),(19.5,23)|(27.5,3),(27.5,10)|(27.5,11),(27.5,13)|(29.5,18),(29.5,23)|(31.5,3),(31.5,7)|(31.5,8),(31.5,9)|(34.5,3),(34.5,11)|(34.5,12),(34.5,13)|(36.5,20),(36.5,23)|

end file : UW_A09