Piece : UW_A14
48x37
-2490x2478
................................................
................................................
................................................
................................................
................................................
................................................
................................................
................................................
................................................
................................................
................................................
................................................
................................................
................................................
................................................
................................................
................................................
##..............................................
##..............................................
##..............................................
##..............................................
##..............................................
##..............................................
##...................................##.......##
##...................................###########
##...................................###########
##...................................###########
##...................................###########
###..................................###########
###/................#####.........../###########
####/..............########......../############
################################################
######=##=##=##=################################
################################################
################################################
################################################
################################################
(2,17),(2,28)|(3,28),(3,29)|(6,32),(6,33)|(7,32),(7,33)|(9,32),(9,33)|(10,32),(10,33)|(12,32),(12,33)|(13,32),(13,33)|(15,32),(15,33)|(16,32),(16,33)|(19,30),(19,31)|(20,29),(20,30)|(25,29),(25,30)|(27,30),(27,31)|(37,23),(37,29)|(39,23),(39,24)|(46,23),(46,24)|
(0,17),(2,17)|(37,23),(39,23)|(46,23),(48,23)|(39,24),(46,24)|(2,28),(3,28)|(3,29),(20,29)|(25,29),(37,29)|(19,30),(20,30)|(25,30),(27,30)|(4.5,31),(5,31)|(19,31),(27,31)|(6,32),(7,32)|(9,32),(10,32)|(12,32),(13,32)|(15,32),(16,32)|(6,33),(7,33)|(9,33),(10,33)|(12,33),(13,33)|(15,33),(16,33)|
(3,29),(5,31)|
(35,31),(37,29)|
None|
None|
end file : UW_A14