Piece : SI_A18
48x35
-702x39
################################################
################################################
################################################
################################################
################################################
################################################
################################################
################################################
################################################
################################################
################################################
################################################
################################################
################################################
################################################
################################################
#######/...........#........#.........../#######
#######..................................#######
######/................................../######
######....................................######
######............../#/...................######
######....../#/.....###........./#/.......######
######......###...../#/.........###.......######
######....../#/......|........../#/.......######
####=........|.......|...........|........######
######.......#.......#...........#........######
######/......|.......|...........|......./######
##########/..|.......|...........|.../##########
#################/...|......../########=########
#####################H##########################
####################.|.####=####################
####################.|.#########################
#####################H##########################
################################################
################################################
(4,24),(4,25)|(6,24),(6,25)|(12,22),(12,23)|(13,25),(13,26)|(14,25),(14,26)|(15,22),(15,23)|(19,16),(19,17)|(20,16),(20,17)|(20,21),(20,22)|(20,30),(20,32)|(21,25),(21,26)|(21,29),(21,30)|(21,32),(21,33)|(22,25),(22,26)|(22,29),(22,30)|(22,32),(22,33)|(23,21),(23,22)|(23,30),(23,32)|(27,30),(27,31)|(28,16),(28,17)|(28,30),(28,31)|(29,16),(29,17)|(32,22),(32,23)|(33,25),(33,26)|(34,25),(34,26)|(35,22),(35,23)|(39,28),(39,29)|(40,28),(40,29)|
(19,16),(20,16)|(28,16),(29,16)|(19,17),(20,17)|(28,17),(29,17)|(21,20),(22,20)|(13,21),(14,21)|(33,21),(34,21)|(21,23),(22,23)|(4,24),(6,24)|(13,24),(14,24)|(33,24),(34,24)|(4,25),(6,25)|(13,25),(14,25)|(21,25),(22,25)|(33,25),(34,25)|(13,26),(14,26)|(21,26),(22,26)|(33,26),(34,26)|(10,27),(38,27)|(17,28),(31,28)|(39,28),(40,28)|(21,29),(22,29)|(39,29),(40,29)|(20,30),(21,30)|(22,30),(23,30)|(27,30),(28,30)|(27,31),(28,31)|(20,32),(21,32)|(22,32),(23,32)|(21,33),(22,33)|
(6,26),(7,27)|(10,27),(11,28)|(12,23),(13,24)|(12,23),(17,28)|(12,23),(18,29)|(14,21),(15,22)|(20,22),(21,23)|(22,20),(23,21)|(32,23),(33,24)|(34,21),(35,22)|(40,16),(41,17)|(41,18),(42,19)|
(6,19),(7,18)|(7,17),(8,16)|(12,22),(13,21)|(14,24),(15,23)|(20,21),(21,20)|(22,23),(23,22)|(30,29),(31,28)|(32,22),(33,21)|(34,24),(35,23)|(37,28),(38,27)|(41,27),(42,26)|
(13.5,24),(13.5,25)|(13.5,26),(13.5,28)|(21.5,23),(21.5,25)|(21.5,26),(21.5,29)|(21.5,30),(21.5,32)|(33.5,24),(33.5,25)|(33.5,26),(33.5,28)|
None|
end file : SI_A18