Piece : SI_A27
48x35
550x105
################################################
##################=#############################
##################|#############################
#############/....|.............../#############
############/.....|................/############
###########/......|................./###########
###########.......|..................###########
###########.......|..................###########
###########.......|..................###########
###########.......|..................###########
###########.......|..................###########
###########.......|..................###########
###########.......|...................=#########
###########.......|..................###########
##################H#######.........#############
##########################.........#############
##########################.........#############
###########.......|..................###########
###########.......|..................###########
###########.......|..................###########
###########.......|..................###########
###########.......|..................###########
###########.......|..................###########
###########.......|..................###########
###########.......|..................###########
###########.......|..................###########
###########.......|..................###########
###########......###.................###########
###########......###..................=#########
############.....###.................###########
#########################/........./############
################################################
############################=#=#=###############
################################################
################################################
(11,14),(11,17)|(12,29),(12,30)|(17,27),(17,30)|(18,1),(18,3)|(18,14),(18,15)|(19,1),(19,3)|(19,14),(19,15)|(20,27),(20,30)|(26,14),(26,17)|(28,32),(28,33)|(29,32),(29,33)|(30,32),(30,33)|(31,32),(31,33)|(32,32),(32,33)|(33,32),(33,33)|(35,14),(35,17)|(37,12),(37,13)|(37,14),(37,17)|(37,28),(37,29)|(39,12),(39,13)|(39,28),(39,29)|
(18,1),(19,1)|(18,3),(19,3)|(37,12),(39,12)|(37,13),(39,13)|(11,14),(18,14)|(19,14),(26,14)|(35,14),(37,14)|(18,15),(19,15)|(11,17),(26,17)|(35,17),(37,17)|(17,27),(20,27)|(37,28),(39,28)|(11,29),(12,29)|(37,29),(39,29)|(12,30),(17,30)|(20,30),(25,30)|(36,30),(37,30)|(28,32),(29,32)|(30,32),(31,32)|(32,32),(33,32)|(28,33),(29,33)|(30,33),(31,33)|(32,33),(33,33)|
(25,30),(26,31)|(34,3),(37,6)|
(11,6),(14,3)|(35,31),(36,30)|
(18.5,2),(18.5,14)|(18.5,17),(18.5,27)|
None|
end file : SI_A27