SB_F03: 652,2134,54,232
SB_A10: 712,2253,54,35
SB_A09: 569,2172,48,35
SB_H03: 568,2069,204,78
SB_S06: 520,2073,48,35
SB_H02: 776,2030,204,78
SB_A04: 719,2023,54,35
SB_A13: 670,2023,48,35
SB_A01: 760,3202,52,35
SB_A11: 775,1975,48,35
SB_B01: 846,1983,105,35
SB_S07: 856,1946,48,35
SB_A12: 975,1976,48,35
SB_C01: 814,3204,148,35
SB_B02: 964,3206,113,35
SB_C05: 1042,3024,48,121
SB_A03: 983,2036,49,35
SB_E04: 1009,2065,254,38
SB_C06: 1125,3134,48,121
SB_S03: 1125,3176,48,35
SB_F02: 1108,3033,104,121
SB_D04: 1216,3119,48,150
SB_S04: 1211,3270,48,35
SB_G03: 1298,2072,355,35
SB_F01: 1373,3138,105,121
SB_J01: 1657,2063,252,78
SB_E02: 1917,2106,252,35
SB_G02: 2171,2106,362,35
SB_S05: 2529,2107,48,35
SB_C07: 1767,873,154,45
SB_J02: 1921,830,252,78
SB_J03: 1571,2018,504,37
SB_S02: 1976,1996,48,35
SB_I01: 1050,2914,152,120
SB_S01: 1102,1822,48,35
SB_D06: 1040,2771,48,154
SB_E05: 842,1564,262,35
SB_A14: 787,1564,54,35
SB_D02: 579,1564,204,35
SB_A02: 702,2789,48,35
SB_J04: 394,2764,255,78
SB_A08: 293,2769,48,35
SB_B03: 238,1575,48,78
SB_A07: 277,1539,48,35
SB_E03: 324,1563,255,40
SB_D05: 425,348,204,35
SB_A06: 515,312,48,35
SB_A05: 610,312,48,35
SB_D03: 33,1572,204,35
SB_D07: 10,1421,48,150
SB_D01: 76,1361,104,78
SB_C08: 203,1366,152,35
SB_E01: 372,1368,252,35
SB_E06: 626,1364,268,35
SB_C09: 896,1282,54,120
SB_L01: 955,1200,210,126
