GATE_SL_DM: 294,1186,48,35
GATE_SL_MS: 771,1875,48,35
GATE_DM_SL: 142,2309,48,35
DM_ENTRANCE: 343,5065,48,45
DM_S01: 392,5073,48,35
DM_M03: 343,5112,48,112
DM_O08: 410,5155,101,72
DM_O01: 210,5221,48,112
DM_O02: 276,5224,204,159
DM_O03: 205,5133,104,78
DM_O07: 205,5081,48,35
DM_O04: 212,5034,104,35
DM_O05: 162,4952,150,75
DM_O06: 172,4898,151,35
DM_VISTA: 16,997,104,35
DM_CROSSOVER01: 486,3333,158,35
DM_CROSSOVER02: 343,2952,48,192
DM_I01: 300,3166,247,40
DM_I02: 511,3208,152,121
DM_S04: 607,5208,48,35
DM_I03: 545,3172,48,35
DM_I04: 556,3093,48,78
DM_I05: 614,3094,48,112
DM_I06: 689,3163,246,40
DM_I07: 940,3090,48,112
DM_S03: 955,3207,48,35
DM_I08: 940,5076,48,112
DM_I09: 1014,5067,104,78
DM_I10: 937,3004,48,78
DM_I11: 1067,5160,48,78
DM_I12: 1016,5203,48,35
DM_I13: 790,3121,48,35
DM_S05: 839,3125,48,35
DM_FAKEGATE_UNDER: 936,1030,48,35
DM_WALL04: 82,1564,48,67
DM_WALL06: 10,1625,120,292
DM_ROOF01: 130,1865,306,35
DM_TEMPLE: 434,1860,107,78
DM_STOP: 429,1831,48,35
DM_ROOF03: 553,1860,216,78
DM_ACCSHAFT: 542,3768,201,35
DM_ROOF04: 542,3613,48,149
DM_M01: 136,3514,155,35
DM_A16: 242,3549,48,35
DM_S10: 195,3549,48,35
DM_M02: 290,3497,152,121
DM_A15: 442,3540,48,35
DM_S06: 442,3575,48,35
DM_MOONCHAMBER: 491,3381,148,226
DM_MEM01: 782,3528,104,78
DM_MEM02: 646,3332,152,35
DM_MEM03: 808,3342,48,35
DM_MEM04: 808,3211,48,112
DM_LAB1: 902,5505,48,35
DM_LAB2: 959,5505,48,35
DM_LAB3: 1016,5505,48,35
DM_LAB4: 901,5461,48,35
DM_LAB5: 958,5460,48,35
DM_LAB6: 1016,5461,48,35
DM_LAB7: 843,5416,48,35
DM_LAB8: 901,5416,48,35
DM_LAB9: 958,5416,48,35
DM_LAB10: 1016,5416,48,35
DM_LAB11: 844,5329,48,78
DM_LAB12: 901,5373,48,35
DM_LAB13: 958,5373,48,35
DM_LAB14: 1016,5255,48,152
DM_C13: 612,3574,152,35
DM_AI: 541,1552,48,36
DM_U01: 584,3055,48,35
DM_U02: 557,1039,104,78
DM_S02: 666,1040,48,35
DM_U03: 396,3031,150,35
DM_U04: 574,855,80,157
DM_U05: 643,939,48,35
DM_U06: 691,901,228,35
DM_U07: 904,903,111,35
DM_U08: 881,936,48,78
DM_U09: 1166,928,154,122
DM_U10: 988,938,99,72
DM_U11: 1069,903,106,35
DM_UHALL: 996,1017,152,35
DM_LEG01: 190,2301,48,152
DM_S14: 239,2304,48,35
DM_LEG02: 192,2603,48,152
DM_S11: 144,693,48,35
DM_LEG03: 141,479,48,192
DM_LEG04: 192,2491,120,78
DM_LEG05: 258,2583,48,147
DM_LEG06: 86,745,106,162
DM_LEG08: 191,2807,111,78
DM_S13: 142,2841,48,35
DM_LEG07: 311,892,210,47
DM_LEG09: 507,938,48,35
