Pièce : GW_A19
taille : 48x35
################################################
################################################
#######=########################################
#######.########################################
#######.########################################
#######.########################################
#######...................######################
##########................######################
########################..######################
########################..######################
########..................######################
#######..................#######################
#######....#####################################
#######....#############=#######################
########....####################################
########......##################################
#########.......################################
##########......################################
###########......###############################
###########.........############################
############............................########
##############..............................####
################.............................=##
######################.....................#####
###############################......###########
################################################
################################=###############
################################################
################################################
################################################
################################################
################################################
################################################
################################################
################################################
(7,2),(7,7)|(7,11),(7,14)|(8,2),(8,6)|(8,10),(8,11)|(8,14),(8,16)|(9,16),(9,17)|(10,7),(10,8)|(10,17),(10,18)|(11,12),(11,14)|(11,18),(11,20)|(12,14),(12,15)|(12,20),(12,21)|(14,15),(14,16)|(14,21),(14,22)|(16,16),(16,18)|(16,22),(16,23)|(17,18),(17,19)|(20,19),(20,20)|(22,23),(22,24)|(24,8),(24,10)|(24,13),(24,14)|(25,11),(25,12)|(25,13),(25,14)|(26,6),(26,11)|(31,24),(31,25)|(32,26),(32,27)|(33,26),(33,27)|(37,24),(37,25)|(40,20),(40,21)|(43,23),(43,24)|(44,21),(44,22)|(46,22),(46,23)|
(7,2),(8,2)|(8,6),(26,6)|(7,7),(10,7)|(10,8),(24,8)|(8,10),(24,10)|(7,11),(8,11)|(25,11),(26,11)|(11,12),(25,12)|(24,13),(25,13)|(7,14),(8,14)|(11,14),(12,14)|(24,14),(25,14)|(12,15),(14,15)|(8,16),(9,16)|(14,16),(16,16)|(9,17),(10,17)|(10,18),(11,18)|(16,18),(17,18)|(17,19),(20,19)|(11,20),(12,20)|(20,20),(40,20)|(12,21),(14,21)|(40,21),(44,21)|(14,22),(16,22)|(44,22),(46,22)|(16,23),(22,23)|(43,23),(46,23)|(22,24),(31,24)|(37,24),(43,24)|(31,25),(37,25)|(32,26),(33,26)|(32,27),(33,27)|




