Piece : SH_A05
44x31
-1119x253
....#..#......#..#..#......#...#|...########
....##.#......#............##..#..#|########
....##.#......#.......|....##..#..#.########
....#.#.......|.........#|.##.....#.########
....###.......#.........#...#.|...#..#######
....###.......#.........#...#|...###.#######
....#.#.................#...#..#|###.#######
....##.............|....##..#..#.###########
...#.##..............#..##.....#.#.#########
...#..#..............#...#.|...#...#########
...#.#.....=.........#...#|...###..#.#######
...#.##...........|..#...#..#|###....#######
.#.#..#..............#...#..#.#.#/|..#######
...#.#.........#..#..#......#.#.##...#######
...#.##........#.....#......#...#/.#|#######
...#.##.#......#.......|....##..#..#.#######
...#.#.........|.........#|.##..#..#.#######
...#.##........#.........#...#.|...#.#######
...#.##.....#..#.........#...#|...##########
...#.#......#............##..#..#|##########
...#.##.....#.......|....##..#..#.#.########
...##.#.....#.........#..##.....#.#.########
...##.......#.........#...#.|...#...########
...##.#.....#.........#...#|...###..########
...##.#...............#...#..#|###...#######
...#..................#...#..#.####|.#######
...##.#............#..#......#.#.##..#######
...##.#............#..#......#...##.########
...#..#..#.........#....|....##..#..########
...##.#.........|..#......#|.##..#..########
...##.#............#......#...#.|...########
(1,12),(1,13)|(2,12),(2,13)|(3,8),(3,31)|(4,0),(4,21)|(4,25),(4,26)|(4,28),(4,29)|(5,0),(5,1)|(5,3),(5,4)|(5,6),(5,7)|(5,8),(5,9)|(5,10),(5,12)|(5,13),(5,25)|(5,26),(5,28)|(5,29),(5,31)|(6,1),(6,4)|(6,6),(6,8)|(6,9),(6,11)|(6,12),(6,14)|(6,16),(6,17)|(6,19),(6,20)|(6,21),(6,22)|(6,23),(6,25)|(6,26),(6,31)|(7,0),(7,7)|(7,8),(7,10)|(7,11),(7,13)|(7,14),(7,16)|(7,17),(7,19)|(7,20),(7,22)|(7,23),(7,25)|(7,26),(7,31)|(8,0),(8,3)|(8,15),(8,16)|(9,15),(9,16)|(9,28),(9,29)|(10,28),(10,29)|(12,18),(12,24)|(13,18),(13,24)|(14,0),(14,3)|(14,4),(14,6)|(15,0),(15,3)|(15,4),(15,6)|(15,13),(15,16)|(15,17),(15,19)|(16,13),(16,16)|(16,17),(16,19)|(17,0),(17,1)|(18,0),(18,1)|(18,13),(18,14)|(19,13),(19,14)|(19,26),(19,31)|(20,0),(20,1)|(20,26),(20,31)|(21,0),(21,1)|(21,8),(21,15)|(22,8),(22,15)|(22,21),(22,28)|(23,21),(23,28)|(24,3),(24,9)|(25,3),(25,7)|(25,9),(25,13)|(25,16),(25,22)|(26,7),(26,13)|(26,16),(26,19)|(26,22),(26,26)|(26,29),(26,31)|(27,0),(27,4)|(27,19),(27,26)|(27,29),(27,31)|(28,0),(28,1)|(28,4),(28,8)|(28,11),(28,17)|(29,1),(29,8)|(29,11),(29,15)|(29,17),(29,21)|(29,24),(29,30)|(30,10),(30,14)|(30,15),(30,21)|(30,24),(30,28)|(30,30),(30,31)|(31,0),(31,3)|(31,6),(31,10)|(31,12),(31,14)|(31,23),(31,27)|(31,28),(31,31)|(32,0),(32,3)|(32,6),(32,10)|(32,12),(32,17)|(32,19),(32,23)|(32,26),(32,27)|(33,5),(33,9)|(33,10),(33,17)|(33,19),(33,23)|(33,26),(33,30)|(34,1),(34,5)|(34,8),(34,9)|(34,13),(34,14)|(34,18),(34,22)|(34,23),(34,25)|(34,28),(34,30)|(35,1),(35,5)|(35,8),(35,11)|(35,14),(35,18)|(35,20),(35,22)|(35,25),(35,28)|(36,0),(36,4)|(36,5),(36,7)|(36,10),(36,11)|(36,14),(36,18)|(36,20),(36,24)|(36,27),(36,31)|(37,4),(37,7)|(37,10),(37,18)|(37,24),(37,27)|
(4,0),(5,0)|(7,0),(8,0)|(14,0),(15,0)|(17,0),(18,0)|(20,0),(21,0)|(27,0),(28,0)|(31,0),(32,0)|(5,1),(6,1)|(17,1),(18,1)|(20,1),(21,1)|(28,1),(29,1)|(34,1),(35,1)|(5,3),(8,3)|(14,3),(15,3)|(24,3),(25,3)|(31,3),(32,3)|(5,4),(6,4)|(14,4),(15,4)|(27,4),(28,4)|(36,4),(37,4)|(33,5),(34,5)|(35,5),(36,5)|(5,6),(6,6)|(14,6),(15,6)|(31,6),(32,6)|(5,7),(7,7)|(25,7),(26,7)|(36,7),(37,7)|(3,8),(5,8)|(6,8),(7,8)|(21,8),(22,8)|(28,8),(29,8)|(34,8),(35,8)|(5,9),(6,9)|(24,9),(25,9)|(33,9),(34,9)|(5,10),(7,10)|(30,10),(31,10)|(32,10),(33,10)|(36,10),(37,10)|(6,11),(7,11)|(28,11),(29,11)|(35,11),(36,11)|(1,12),(2,12)|(5,12),(6,12)|(31,12),(32,12)|(1,13),(2,13)|(5,13),(7,13)|(15,13),(16,13)|(18,13),(19,13)|(25,13),(26,13)|(6,14),(7,14)|(18,14),(19,14)|(30,14),(31,14)|(35,14),(36,14)|(8,15),(9,15)|(21,15),(22,15)|(29,15),(30,15)|(6,16),(7,16)|(8,16),(9,16)|(15,16),(16,16)|(25,16),(26,16)|(6,17),(7,17)|(15,17),(16,17)|(28,17),(29,17)|(32,17),(33,17)|(12,18),(13,18)|(34,18),(35,18)|(36,18),(37,18)|(6,19),(7,19)|(15,19),(16,19)|(26,19),(27,19)|(32,19),(33,19)|(6,20),(7,20)|(35,20),(36,20)|(4,21),(6,21)|(22,21),(23,21)|(29,21),(30,21)|(6,22),(7,22)|(25,22),(26,22)|(34,22),(35,22)|(6,23),(7,23)|(31,23),(32,23)|(33,23),(34,23)|(12,24),(13,24)|(29,24),(30,24)|(36,24),(37,24)|(4,25),(5,25)|(6,25),(7,25)|(34,25),(35,25)|(4,26),(5,26)|(6,26),(7,26)|(19,26),(20,26)|(26,26),(27,26)|(32,26),(33,26)|(31,27),(32,27)|(36,27),(37,27)|(4,28),(5,28)|(9,28),(10,28)|(22,28),(23,28)|(30,28),(31,28)|(34,28),(35,28)|(4,29),(5,29)|(9,29),(10,29)|(26,29),(27,29)|(29,30),(30,30)|(33,30),(34,30)|(3,31),(5,31)|(6,31),(7,31)|(19,31),(20,31)|(26,31),(27,31)|(30,31),(31,31)|
(33,12),(34,13)|
(33,15),(34,14)|
(14.5,3),(14.5,4)|(15.5,16),(15.5,17)|(16.5,29),(16.5,30)|(18.5,11),(18.5,12)|(19.5,7),(19.5,8)|(20.5,20),(20.5,21)|(22.5,2),(22.5,3)|(23.5,15),(23.5,16)|(24.5,28),(24.5,29)|(25.5,3),(25.5,4)|(26.5,10),(26.5,11)|(26.5,16),(26.5,17)|(27.5,9),(27.5,10)|(27.5,23),(27.5,24)|(27.5,29),(27.5,30)|(28.5,22),(28.5,23)|(29.5,5),(29.5,6)|(29.5,11),(29.5,12)|(30.5,4),(30.5,5)|(30.5,18),(30.5,19)|(30.5,24),(30.5,25)|(31.5,17),(31.5,18)|(32.5,0),(32.5,1)|(32.5,6),(32.5,7)|(32.5,30),(32.5,31)|(33.5,19),(33.5,20)|(34.5,12),(34.5,13)|(35.5,1),(35.5,2)|(35.5,25),(35.5,26)|(36.5,14),(36.5,15)|
None|
end file : SH_A05