Piece : SH_A06
47x32
-90x48
#.....#..#.........#..#.......##....|.##.#..#.#
......#..#...|..#..#..#..#.....#..|.#..#.#..#.#
......#..##.....#..#........|..#.#.##.##.#..#.#
......#..##..#..#..##.#........#.#..|.##.#..#.#
......##.##..#..#........|.....###.#..#.##.|###
......##..#..#..#..##.......|..#.#.#..#.##..###
......##.##..#........|......#..#..#..#.###.###
......##..#..#..#...#....|......#..#.#..###|###
....#.##.##......../......#..#..#..#.######.###
....#.##..#..#.....##.|......#..#....##=###.###
....#.##...........##..#..#..#..#.|#..#####.###
.#..#..#..#......../#.....#..#......||#####|###
.#..#...............#..#..#..#./#.......###..##
.#..#..#...............#..#....##.||...####..##
.#.....#.........|..#..#..#..#.##.....|##.#|###
.#.....#............#..#.....#./#....|.##.#.###
.......#......|..#..#..#..#..#..#..|....#.#.###
.......#.........#..#.....#..#..#./.#..##.#..##
.......#...|..#..#..##.#..#..#..#.#..|.##.#..##
.......##.....#..#........#..#..###.#..#..#.|##
.......##..#..#..##.##.......#..#./.#..#..#..##
.......##..#..#...#....|.....##..#..#.##.|##.##
.....#..#..#..#..##..#....|..#...#..#.#...##|##
.....#.##..#......#.|......#..#..#..#.#.#.##.##
.....#..#..#..#...#.##.|......#..#....#.#|##.##
.....#.##........##.##..#..#..#..#.##.#.#.##.##
..#..#..#..#.....##.|#.....#..#......|#|#.##|##
..#..#...........##..#..#..#..#.|#....#...##.##
..#..#..#........##.....#..#....#.|||.#..|=#.##
..#.....#.........#..#..#..#.##.#.....#|...#|##
..#..#..#............#..#....##.||....#....#.##
.....#..#......|..#..#..#....##.....|.#..|.#.##
(1,0),(1,1)|(1,11),(1,16)|(2,11),(2,16)|(2,26),(2,31)|(3,26),(3,31)|(4,8),(4,14)|(5,8),(5,14)|(5,22),(5,29)|(5,30),(5,32)|(6,0),(6,11)|(6,22),(6,29)|(6,30),(6,32)|(7,0),(7,4)|(7,11),(7,12)|(7,13),(7,22)|(7,23),(7,24)|(7,25),(7,26)|(8,4),(8,12)|(8,13),(8,19)|(8,22),(8,23)|(8,24),(8,25)|(8,26),(8,27)|(8,28),(8,32)|(9,0),(9,5)|(9,6),(9,7)|(9,8),(9,9)|(9,19),(9,27)|(9,28),(9,32)|(10,0),(10,2)|(10,5),(10,6)|(10,7),(10,8)|(10,9),(10,10)|(10,11),(10,12)|(11,2),(11,10)|(11,11),(11,12)|(11,20),(11,25)|(11,26),(11,27)|(12,20),(12,25)|(12,26),(12,27)|(13,3),(13,8)|(13,9),(13,10)|(14,3),(14,8)|(14,9),(14,10)|(14,18),(14,23)|(14,24),(14,25)|(15,18),(15,23)|(15,24),(15,25)|(16,1),(16,6)|(16,7),(16,8)|(17,1),(17,6)|(17,7),(17,8)|(17,16),(17,21)|(17,22),(17,23)|(17,25),(17,29)|(18,16),(18,20)|(18,21),(18,22)|(18,23),(18,25)|(18,29),(18,30)|(18,31),(18,32)|(19,0),(19,4)|(19,5),(19,6)|(19,9),(19,11)|(19,20),(19,30)|(19,31),(19,32)|(20,0),(20,3)|(20,7),(20,8)|(20,13),(20,14)|(20,19),(20,20)|(20,21),(20,24)|(21,3),(21,4)|(21,5),(21,6)|(21,7),(21,8)|(21,9),(21,13)|(21,14),(21,18)|(21,22),(21,23)|(21,26),(21,28)|(21,29),(21,32)|(22,0),(22,2)|(22,3),(22,4)|(22,18),(22,19)|(22,20),(22,21)|(22,22),(22,23)|(22,24),(22,28)|(22,29),(22,32)|(23,0),(23,2)|(23,3),(23,4)|(23,10),(23,11)|(23,12),(23,17)|(23,18),(23,19)|(24,10),(24,11)|(24,12),(24,17)|(24,18),(24,19)|(24,25),(24,26)|(24,27),(24,32)|(25,1),(25,2)|(25,25),(25,26)|(25,27),(25,32)|(26,1),(26,2)|(26,8),(26,9)|(26,10),(26,15)|(26,16),(26,20)|(27,8),(27,9)|(27,10),(27,15)|(27,16),(27,20)|(27,23),(27,24)|(27,25),(27,30)|(28,23),(28,24)|(28,25),(28,30)|(29,6),(29,7)|(29,8),(29,13)|(29,14),(29,23)|(29,29),(29,32)|(30,0),(30,1)|(30,6),(30,7)|(30,8),(30,13)|(30,14),(30,21)|(30,22),(30,28)|(31,1),(31,6)|(31,13),(31,15)|(31,21),(31,22)|(31,23),(31,28)|(31,29),(31,32)|(32,0),(32,4)|(32,5),(32,11)|(32,21),(32,28)|(33,2),(33,4)|(33,5),(33,11)|(33,12),(33,19)|(33,20),(33,26)|(33,27),(33,30)|(34,2),(34,6)|(34,18),(34,19)|(34,21),(34,26)|(34,27),(34,28)|(35,2),(35,3)|(35,4),(35,9)|(35,10),(35,11)|(35,18),(35,20)|(35,25),(35,26)|(36,1),(36,2)|(36,4),(36,9)|(36,10),(36,11)|(36,17),(36,18)|(36,19),(36,24)|(37,1),(37,3)|(37,7),(37,10)|(37,17),(37,18)|(37,19),(37,24)|(37,25),(37,26)|(38,0),(38,1)|(38,2),(38,8)|(38,10),(38,12)|(38,21),(38,32)|(39,1),(39,2)|(39,4),(39,7)|(39,9),(39,10)|(39,13),(39,16)|(39,17),(39,21)|(39,22),(39,32)|(40,0),(40,8)|(40,9),(40,10)|(40,12),(40,13)|(40,16),(40,17)|(40,19),(40,22)|(40,23),(40,27)|(41,0),(41,4)|(41,14),(41,19)|(41,23),(41,27)|(42,0),(42,6)|(42,14),(42,28)|(43,6),(43,21)|(43,28),(43,32)|(44,0),(44,12)|(44,14),(44,17)|(44,21),(44,32)|(45,0),(45,4)|(45,12),(45,14)|(45,17),(45,32)|(46,0),(46,4)|
(1,0),(6,0)|(7,0),(9,0)|(10,0),(19,0)|(20,0),(22,0)|(23,0),(30,0)|(32,0),(38,0)|(40,0),(41,0)|(42,0),(44,0)|(45,0),(46,0)|(0,1),(1,1)|(16,1),(17,1)|(25,1),(26,1)|(30,1),(31,1)|(36,1),(37,1)|(38,1),(39,1)|(10,2),(11,2)|(22,2),(23,2)|(25,2),(26,2)|(33,2),(34,2)|(35,2),(36,2)|(38,2),(39,2)|(13,3),(14,3)|(20,3),(21,3)|(22,3),(23,3)|(35,3),(37,3)|(7,4),(8,4)|(19,4),(21,4)|(22,4),(23,4)|(32,4),(33,4)|(35,4),(36,4)|(39,4),(41,4)|(45,4),(46,4)|(9,5),(10,5)|(19,5),(21,5)|(32,5),(33,5)|(9,6),(10,6)|(16,6),(17,6)|(19,6),(21,6)|(29,6),(30,6)|(31,6),(34,6)|(42,6),(43,6)|(9,7),(10,7)|(16,7),(17,7)|(20,7),(21,7)|(29,7),(30,7)|(37,7),(39,7)|(4,8),(5,8)|(9,8),(10,8)|(13,8),(14,8)|(16,8),(17,8)|(20,8),(21,8)|(26,8),(27,8)|(29,8),(30,8)|(38,8),(40,8)|(9,9),(10,9)|(13,9),(14,9)|(21,9),(26,9)|(27,9),(35,9)|(36,9),(39,9)|(10,10),(11,10)|(13,10),(14,10)|(23,10),(24,10)|(26,10),(27,10)|(35,10),(36,10)|(37,10),(38,10)|(39,10),(40,10)|(1,11),(2,11)|(6,11),(7,11)|(10,11),(11,11)|(23,11),(24,11)|(32,11),(33,11)|(35,11),(36,11)|(7,12),(8,12)|(10,12),(11,12)|(23,12),(24,12)|(32,12),(33,12)|(38,12),(40,12)|(44,12),(45,12)|(7,13),(8,13)|(20,13),(21,13)|(29,13),(30,13)|(39,13),(40,13)|(4,14),(5,14)|(20,14),(21,14)|(29,14),(30,14)|(41,14),(42,14)|(44,14),(45,14)|(26,15),(27,15)|(1,16),(2,16)|(17,16),(18,16)|(26,16),(27,16)|(39,16),(40,16)|(23,17),(24,17)|(36,17),(37,17)|(39,17),(40,17)|(44,17),(45,17)|(14,18),(15,18)|(21,18),(22,18)|(23,18),(24,18)|(36,18),(37,18)|(8,19),(9,19)|(20,19),(22,19)|(23,19),(24,19)|(33,19),(34,19)|(36,19),(37,19)|(40,19),(41,19)|(11,20),(12,20)|(18,20),(19,20)|(20,20),(22,20)|(26,20),(27,20)|(33,20),(35,20)|(17,21),(18,21)|(20,21),(22,21)|(30,21),(31,21)|(32,21),(34,21)|(38,21),(39,21)|(43,21),(44,21)|(5,22),(6,22)|(7,22),(8,22)|(17,22),(18,22)|(21,22),(22,22)|(30,22),(31,22)|(39,22),(40,22)|(7,23),(8,23)|(14,23),(15,23)|(17,23),(18,23)|(21,23),(22,23)|(27,23),(28,23)|(29,23),(31,23)|(40,23),(41,23)|(7,24),(8,24)|(14,24),(15,24)|(20,24),(22,24)|(27,24),(28,24)|(36,24),(37,24)|(7,25),(8,25)|(11,25),(12,25)|(14,25),(15,25)|(17,25),(18,25)|(24,25),(25,25)|(27,25),(28,25)|(35,25),(37,25)|(2,26),(3,26)|(7,26),(8,26)|(11,26),(12,26)|(20,26),(21,26)|(24,26),(25,26)|(33,26),(34,26)|(35,26),(37,26)|(8,27),(9,27)|(11,27),(12,27)|(24,27),(25,27)|(33,27),(34,27)|(40,27),(41,27)|(8,28),(9,28)|(21,28),(22,28)|(30,28),(31,28)|(32,28),(34,28)|(42,28),(43,28)|(5,29),(6,29)|(17,29),(18,29)|(21,29),(22,29)|(29,29),(31,29)|(5,30),(6,30)|(18,30),(19,30)|(27,30),(28,30)|(32,30),(33,30)|(2,31),(3,31)|(18,31),(19,31)|(5,32),(6,32)|(8,32),(9,32)|(18,32),(19,32)|(21,32),(22,32)|(24,32),(25,32)|(29,32),(31,32)|(38,32),(39,32)|(43,32),(44,32)|
(19,11),(20,12)|(31,15),(32,16)|
(31,13),(32,12)|
(11.5,18),(11.5,19)|(13.5,1),(13.5,2)|(14.5,16),(14.5,17)|(15.5,31),(15.5,32)|(17.5,14),(17.5,15)|(20.5,23),(20.5,24)|(20.5,26),(20.5,27)|(22.5,6),(22.5,7)|(22.5,9),(22.5,10)|(23.5,21),(23.5,22)|(23.5,24),(23.5,25)|(25.5,4),(25.5,5)|(25.5,7),(25.5,8)|(26.5,22),(26.5,23)|(28.5,2),(28.5,3)|(28.5,5),(28.5,6)|(32.5,27),(32.5,28)|(32.5,30),(32.5,31)|(33.5,30),(33.5,31)|(34.5,1),(34.5,2)|(34.5,10),(34.5,11)|(34.5,13),(34.5,14)|(34.5,28),(34.5,29)|(35.5,13),(35.5,14)|(35.5,16),(35.5,17)|(35.5,28),(35.5,29)|(36.5,0),(36.5,1)|(36.5,3),(36.5,4)|(36.5,11),(36.5,12)|(36.5,28),(36.5,29)|(36.5,31),(36.5,32)|(37.5,11),(37.5,12)|(37.5,15),(37.5,16)|(37.5,18),(37.5,19)|(37.5,26),(37.5,27)|(38.5,14),(38.5,15)|(39.5,26),(39.5,27)|(39.5,29),(39.5,30)|(41.5,21),(41.5,22)|(41.5,24),(41.5,25)|(41.5,28),(41.5,29)|(41.5,31),(41.5,32)|(43.5,4),(43.5,5)|(43.5,7),(43.5,8)|(43.5,11),(43.5,12)|(43.5,14),(43.5,15)|(44.5,19),(44.5,20)|(44.5,22),(44.5,23)|(44.5,26),(44.5,27)|(44.5,29),(44.5,30)|
None|
end file : SH_A06