GATE_HI_CC: 468,759,48,35
GATE_SU_HI: 10,463,48,35
GATE_HI_SH: 1023,505,48,35
GATE_HI_VS: 154,824,48,35
HI_C13: 872,499,152,35
HI_S06: 926,479,48,35
HI_B04: 63,456,54,78
HI_S03: 55,424,48,35
HI_B12: 69,543,48,78
HI_B13: 88,623,66,78
HI_A15: 120,584,48,35
HI_A20: 158,584,48,35
HI_S01: 161,612,48,35
HI_A14: 119,534,48,35
HI_A07: 117,497,54,35
HI_C02: 172,451,54,121
HI_B02: 225,252,54,78
HI_A22: 224,1069,48,35
HI_C14: 242,940,49,121
HI_C15: 177,898,48,112
HI_A28: 141,862,48,35
HI_C01: 225,573,54,121
HI_B03: 281,614,110,35
HI_B08: 227,537,100,35
HI_C04: 334,448,62,121
HI_A25: 281,458,54,35
HI_A21: 379,462,48,35
HI_S02: 377,443,48,35
HI_B06: 393,536,100,37
HI_A10: 452,616,48,35
HI_S05: 485,611,48,35
HI_C11: 483,635,54,120
HI_B09: 528,586,54,78
HI_B07: 582,590,106,35
HI_B14: 626,495,54,78
HI_D01: 678,500,208,35
HI_C03: 558,450,54,121
HI_A11: 502,535,48,35
HI_B15: 435,814,104,35
HI_A04: 383,850,54,35
HI_A26: 344,816,48,35
HI_B05: 280,859,54,78
HI_A16: 275,21,54,35
HI_A17: 219,21,54,35
HI_A27: 329,21,48,35
HI_A23: 161,22,54,35
HI_A18: 230,92,54,37
HI_C05: 286,92,162,36
HI_A06: 450,94,54,35
HI_A24: 506,94,54,35
HI_S04: 510,57,48,35
HI_A19: 562,91,54,38
