Piece : SL_A02
48x35
23x167
................................................
................................................
................................................
................................................
................................................
........#############.....#############.........
.----#####=#=###########...=#######=###------...
......##################################........
........#############################----.......
............./######/........./#######..........
............../####/.........../####/...........
...............####.............#=#.............
...............####.............#|#.............
...............####..............|#.............
...............####..............||.............
...............####..............|..............
...............####..............|..............
...............####..............|..............
...............####..............|..............
...............####..............|..............
...............####.............................
...............####.............................
...............####.............................
......###......####.............................
......#=#......####.............................
......###......####..............|..............
......###......####..............|..............
|.....###......####..............|..............
|.....###......####.......###....|..............
#.....###.........##......#=#....|..............
#.....###.....###.........###....||.............
##....###...##########....###....#|.........##.#
##....####.##############.###...###.....######=#
##########=###################.#################
################################################
(1,29),(1,31)|(2,31),(2,33)|(5,6),(5,7)|(6,7),(6,8)|(6,23),(6,33)|(7,24),(7,25)|(8,5),(8,6)|(8,8),(8,9)|(8,24),(8,25)|(9,23),(9,32)|(10,6),(10,7)|(10,32),(10,34)|(11,6),(11,7)|(11,32),(11,34)|(12,6),(12,7)|(12,31),(12,32)|(13,6),(13,7)|(14,30),(14,31)|(15,10.5),(15,11)|(17,30),(17,31)|(18,11.5),(18,29)|(19,11),(19,29)|(20,29),(20,30)|(21,5),(21,6)|(22,31),(22,32)|(24,6),(24,7)|(25,32),(25,33)|(26,5),(26,6)|(26,28),(26,33)|(27,29),(27,30)|(28,6),(28,7)|(28,29),(28,30)|(29,28),(29,33)|(30,9),(30,33)|(31,33),(31,34)|(32,10.5),(32,11)|(32,13),(32,32)|(33,11),(33,13)|(33,31),(33,32)|(34,11),(34,14)|(34,31),(34,32)|(35,6),(35,7)|(35,11),(35,14)|(35,32),(35,33)|(36,6),(36,7)|(37,8),(37,9)|(38,9),(38,10)|(39,5),(39,7)|(40,7),(40,8)|(40,32),(40,33)|(44,31),(44,32)|(46,31),(46,33)|(47,31),(47,33)|
(8,5),(21,5)|(26,5),(39,5)|(5,6),(8,6)|(10,6),(11,6)|(12,6),(13,6)|(21,6),(24,6)|(26,6),(28,6)|(35,6),(36,6)|(5,7),(6,7)|(10,7),(11,7)|(12,7),(13,7)|(24,7),(28,7)|(35,7),(36,7)|(39,7),(40,7)|(6,8),(8,8)|(31.5,8),(37,8)|(8,9),(13,9)|(21,9),(30,9)|(37,10),(38,10)|(15,11),(19,11)|(32,11),(33,11)|(34,11),(35,11)|(32,13),(33,13)|(34,14),(35,14)|(6,23),(9,23)|(7,24),(8,24)|(7,25),(8,25)|(26,28),(29,28)|(0,29),(1,29)|(15,29),(18,29)|(19,29),(20,29)|(27,29),(28,29)|(14,30),(17,30)|(18,30),(20,30)|(27,30),(28,30)|(1,31),(2,31)|(12,31),(14,31)|(17,31),(22,31)|(33,31),(34,31)|(44,31),(46,31)|(47,31),(48,31)|(9,32),(10,32)|(11,32),(12,32)|(22,32),(25,32)|(32,32),(33,32)|(34,32),(35,32)|(40,32),(44,32)|(2,33),(6,33)|(25,33),(26,33)|(29,33),(30,33)|(31,33),(32,33)|(35,33),(40,33)|(46,33),(47,33)|(10,34),(11,34)|(30,34),(31,34)|
(13,9),(15,11)|(30,9),(32,11)|
(19,11),(21,9)|(36,11),(37,10)|
(0.5,27),(0.5,29)|(33.5,12),(33.5,20)|(33.5,25),(33.5,31)|(34.5,14),(34.5,15)|(34.5,30),(34.5,32)|
(1,6.5),(5,6.5)|(39,6.5),(45,6.5)|(37,8.5),(41,8.5)|
end file : SL_A02