Pièce : SL_A05
48x35
287x-287
################################################
################################################
################################################
######...#......#...#############........#######
####=...........#....=###########........#######
######..........#...#############.........=#####
######/..#......#../############/........#######
############HH#################/...../##########
############..################/...../###########
############..###############/...../############
############--##############/...../#############
############..#############/...../##############
############..############/...../###############
############--###########/...../################
############..##########/...../#################
############..#########/...../##################
############--########/...../###################
############..#######/...../####################
############..######/...../#####################
######..#..+--+..#......./######################
######.....|..|........./#######################
####=......|..|......../########################
######.....|..|......./#########################
################################################
################################################
################################################
################################################
################################################
################################################
################################################
################################################
################################################
################################################
################################################
################################################
(4,4),(4,5)|(4,21),(4,22)|(6,3),(6,4)|(6,5),(6,19)|(6,21),(6,22)|(8,19),(8,20)|(9,3),(9,4)|(9,6),(9,7)|(9,19),(9,20)|(10,3),(10,4)|(10,6),(10,7)|(12,7),(12,19)|(14,7),(14,19)|(16,3),(16,7)|(17,3),(17,7)|(17,19),(17,20)|(18,19),(18,20)|(20,3),(20,4)|(20,5),(20,19)|(22,4),(22,5)|(33,3),(33,6)|(41,3),(41,5)|(41,6),(41,7)|(43,5),(43,6)|
(6,3),(9,3)|(10,3),(16,3)|(17,3),(20,3)|(33,3),(41,3)|(4,4),(6,4)|(9,4),(10,4)|(20,4),(22,4)|(4,5),(6,5)|(20,5),(22,5)|(41,5),(43,5)|(9,6),(10,6)|(41,6),(43,6)|(9,7),(10,7)|(12,7),(14,7)|(16,7),(17,7)|(38,7),(41,7)|(6,19),(8,19)|(9,19),(12,19)|(14,19),(17,19)|(18,19),(20,19)|(8,20),(9,20)|(17,20),(18,20)|(4,21),(6,21)|(4,22),(6,22)|
(6,6),(7,7)|
(19,7),(20,6)|(20,19),(33,6)|(22,23),(38,7)|
(11.5,19),(11.5,23)|(14.5,19),(14.5,23)|
(12,10.5),(14,10.5)|(12,13.5),(14,13.5)|(12,16.5),(14,16.5)|(11,19.5),(15,19.5)|
end file : SL_A05