Pièce : CC_B11
taille : 104x35
##########################################################################..........####################
##########################################################################..........####################
##########################################################################..........####################
##########################################################################..........####################
##########################################################################..........####################
##########################################################################..........####################
##########################################################################..........####################
##########################################################################..........####################
##########################################################################..........####################
##########################################################################..........####################
##########################################################################..........####################
##########################################################################..........####################
##########################################################################..........####################
##########################################################################..........####################
#############################################################..........................##........#######
#############################################################...................|......#################
#############################################################...................|......#################
#############################################################...................|................#######
#############################################################...................|................#######
#############################################################.............|.....|................#######
#############################################################.............|.....|...................####
#############################################################.............|.....|...................####
#########.................................................................|.....|...................####
#######=..................................................................|.....|...................####
#############################################################.............|.#######..................=##
#############################################################............############...............####
##############################################################.........################..............=##
############################################################################################/.......####
#############################################################################################........=##
############################################################################################/.......####
########################################################################################################
##############################################################################################=#=#######
########################################################################################################
########################################################################################################
########################################################################################################
(7,23),(7,24)|(9,22),(9,23)|(61,14),(61,22)|(61,24),(61,26)|(62,26),(62,27)|(71,26),(71,27)|(73,25),(73,26)|(74,0),(74,14)|(76,24),(76,25)|(83,24),(83,25)|(84,0),(84,14)|(85,25),(85,26)|(87,14),(87,17)|(87,26),(87,27)|(89,14),(89,15)|(93,28),(93,29)|(94,31),(94,32)|(95,31),(95,32)|(96,31),(96,32)|(97,14),(97,15)|(97,17),(97,20)|(97,31),(97,32)|(100,20),(100,24)|(100,25),(100,26)|(100,27),(100,28)|(100,29),(100,30)|(102,24),(102,25)|(102,26),(102,27)|(102,28),(102,29)|
(74,0),(84,0)|(61,14),(74,14)|(84,14),(87,14)|(89,14),(97,14)|(89,15),(97,15)|(87,17),(97,17)|(97,20),(100,20)|(9,22),(61,22)|(7,23),(9,23)|(7,24),(61,24)|(76,24),(83,24)|(100,24),(102,24)|(73,25),(76,25)|(83,25),(85,25)|(100,25),(102,25)|(61,26),(62,26)|(71,26),(73,26)|(85,26),(87,26)|(100,26),(102,26)|(62,27),(71,27)|(87,27),(92,27)|(100,27),(102,27)|(93,28),(100,28)|(93,29),(100,29)|(94,31),(95,31)|(96,31),(97,31)|(94,32),(95,32)|(96,32),(97,32)|
(92,27),(93,28)|

(74.5,19),(74.5,25)|(80.5,15),(80.5,24)|

end file : CC_B11