Pièce : SU_A25
taille : 54x35
################################....|..../############
######################################################
###############################....###....############
######################################################
#################################...|...##############
###############################=....|....=############
#################################...|...##############
###############################=....|....=############
####################################H#################
################################/...|.../#############
###########/.##=#=#=##...../###/....|..../############
###########../#|#|#|#/......./#.....|.......##########
#########/.....|.|.|................|......./#########
#########......|...|................|............#####
########/......|...|................|.......####.#####
########...........|................|.......####.#####
########/..........|................|.......####.#####
#########.................####......|......#####.#####
#########.................####......|......#####.#####
########/.................####......|......#####.#####
######=...................####......|......#####.#####
########..................####......|......#####.#####
#########/.......|........####......|......#####.#####
##########.......|........####......|......#####.#####
##########.......|..................|............#####
######################################################
#####...........###......######....###...........#####
#####.##########################################.#####
#####.##.........|.......######............#####.#####
#####....###/....|..../#######/............#####=#####
#################H############.............###########
#################=############............./##########
##############################/.............##########
###############################............/##########
################################/..........###########
41,1|31,2|32,1|35,2|38,2|42,2|31,3|33,4|35,3|38,3|40,4|42,3|33,5|40,5|33,7|33,6|40,7|40,6|13,10|22,10|33,9|40,9|12,10|11,11|28,11|27,10|31,11|42,11|44,11|11,12|14,12|13,11|22,11|21,12|30,12|29,11|31,12|10,12|9,13|45,13|44,12|49,13|9,14|8,15|44,14|48,14|9,17|8,16|26,17|30,17|43,17|44,17|9,19|8,20|8,21|8,22|10,23|9,22|26,24|30,24|43,24|48,24|5,26|10,25|16,26|19,26|25,26|31,26|35,26|38,26|49,26|49,25|6,27|8,28|16,27|19,27|25,28|25,27|31,28|31,27|35,27|38,27|43,28|48,27|6,29|8,29|9,29|13,30|12,29|23,29|22,30|25,29|31,29|30,30|5,30|9,30|44,32|43,31|31,33|30,32|44,33|43,34|31,34|