Pièce : SU_A39
taille : 54x37
######################################################
######################################################
######################################################
#########################=##=#########################
#########################|##|#########################
#######################/.|..|./#######################
########....................|...../###################
########....................|....../##################
######=.....................|........=################
########....................|.......##################
######=..................###|........=################
########...............#######......##################
############........##################################
##############....####################################
######################################################
######################################################
######################################################
######################################################
######################################################
######################################################
######################################################
######################################################
######################################################
######################################################
######################################################
######################################################
######################################################
######################################################
######################################################
######################################################
######################################################
######################################################
######################################################
######################################################
######################################################
######################################################
######################################################
(6,8),(6,9)|(6,10),(6,11)|(8,6),(8,8)|(8,9),(8,10)|(8,11),(8,12)|(12,12),(12,13)|(14,13),(14,14)|(18,13),(18,14)|(20,12),(20,13)|(23,11),(23,12)|(25,3),(25,5)|(25,10),(25,11)|(26,3),(26,5)|(28,3),(28,5)|(28,10),(28,11)|(29,3),(29,5)|(30,11),(30,12)|(36,9),(36,10)|(36,11),(36,12)|(38,8),(38,9)|(38,10),(38,11)|
(25,25),(26,3)|(28,28),(29,3)|(25,25),(26,5)|(28,28),(29,5)|(6,6),(8,8)|(6,6),(8,9)|(36,36),(38,9)|(6,6),(8,10)|(25,25),(28,10)|(36,36),(38,10)|(6,6),(8,11)|(23,23),(25,11)|(28,28),(30,11)|(36,36),(38,11)|(8,8),(12,12)|(20,20),(23,12)|(30,30),(36,12)|(12,12),(14,13)|(18,18),(20,13)|(14,14),(18,14)|
(30,5),(31,6)|(34,6),(36,8)|
(23,6),(24,5)|
(25.5,4),(25.5,6)|(28.5,4),(28.5,11)|

end file : SU_A39