Pièce : SU_A22
taille : 48x35
################################################
################################################
################################################
################################################
################################################
################################################
################################################
#######################=#####=##################
#######################|#####|##################
######################/|/###/|/#################
######################.|.###.|.#################
######################...###.|.#################
################../##/...##/.|./################
###############/.............|../###############
###############..............|...###############
##############/..............|...###############
##############...............|...###############
##############...............|...###############
############=................|.../##############
##############...............|....##############
###############..............|.../##############
###############/.........../###/.###############
################/......../######################
################################################
################################################
################################################
################################################
################################################
################################################
################################################
################################################
################################################
################################################
################################################
################################################
12,18|12,19|14,16|14,18|14,19|14,20|15,14|15,15|15,20|15,21|16,12|16,13|17,23|18,12|19,13|21,13|22,10|22,12|23,7|23,9|24,7|24,9|25,10|25,13|25,23|26,22|27,13|27,22|28,10|28,12|28,21|29,7|29,9|30,7|30,9|31,10|31,12|31,21|32,22|33,14|33,18|33,21|33,22|34,19|34,20|
(12,18),(12,19)|(14,16),(14,18)|(14,19),(14,20)|(15,14),(15,15)|(15,20),(15,21)|(16,12),(16,13)|(17,23),(18,12)|(19,13),(21,13)|(22,10),(22,12)|(23,7),(23,9)|(24,7),(24,9)|(25,10),(25,13)|(25,23),(26,22)|(27,13),(27,22)|(28,10),(28,12)|(28,21),(29,7)|(29,9),(30,7)|(30,9),(31,10)|(31,12),(31,21)|(32,22),(33,14)|(33,18),(33,21)|(33,22),(34,19)|
(23,7),(24,7)|(29,7),(30,7)|(23,9),(24,9)|(29,9),(30,9)|(22,10),(25,10)|(28,10),(31,10)|(16,12),(18,12)|(22,12),(28,12)|(31,12),(16,13)|(19,13),(21,13)|(25,13),(27,13)|(15,14),(33,14)|(15,15),(14,16)|(12,18),(14,18)|(33,18),(12,19)|(14,19),(34,19)|(14,20),(15,20)|(34,20),(15,21)|(28,21),(31,21)|(33,21),(26,22)|(27,22),(32,22)|(33,22),(17,23)|