Pièce : SU_A20
taille : 54x35
#######........................................#######
#######........................................#######
#####=----..................................----=#####
#######........................................#######
#######/....................................../#######
########......................................########
######=-----..............................------######
########......................................########
###########....................................=######
#########=#######/.........../########################
##################/........./#########################
###################.........##########################
###################.........##########################
#######.................................##############
#####=...................................=############
###################.........##########################
###################.........##########################
############/.../#/........./#/.../#/.../#/..../######
#####=...........|...........|.....|.....|......######
########.###/....|...........|.....|.....|......######
########.####/...|...........|.....|.....|.......=####
########.#####/..|...........|.....|............######
########.######/.|...........|...................=####
########.########H###H#..................#############
########.########|###|#..................#############
###=.............|...|........................########
########.####....|...|......................../#######
########.###/....|...|.......|................./######
########.##/.....|...|.......|.....|.....|......######
###..............|...|.......|.....|.....|......######
###.##.####......|...|.......|.....|.....|.......=####
###.##.####....#.|...|....../#/.../#/.../#/..#########
###=##........#######H################################
#######################=#=############################
######################################################
3,25|3,26|3,29|3,33|4,30|4,33|5,2|5,3|5,14|5,15|5,18|5,19|6,6|6,7|6,30|6,33|7,0|7,4|7,13|7,14|7,30|7,32|8,5|8,8|8,19|8,25|8,26|8,29|9,9|9,10|9,19|9,25|9,26|9,29|10,9|10,10|11,8|11,9|11,29|11,30|11,32|12,18|12,19|13,17|13,26|13,27|14,32|14,33|15,31|15,32|16,17|16,23|16,31|16,32|17,9|17,18|18,18|19,11|19,13|19,15|19,17|23,23|23,25|23,33|23,34|24,33|24,34|25,33|25,34|26,33|26,34|28,11|28,13|28,15|28,17|28,32|29,18|29,31|30,9|30,18|30,31|31,17|31,32|34,17|34,32|35,18|35,31|36,18|36,31|37,17|37,32|40,13|40,14|40,17|40,32|41,18|41,23|41,25|41,31|42,14|42,15|42,18|42,31|43,17|43,32|45,31|45,32|46,5|46,8|46,25|46,26|47,0|47,4|47,17|48,8|48,9|48,18|48,20|48,21|48,22|48,28|48,30|49,2|49,3|50,20|50,21|50,22|50,23|50,30|50,31|
(3,25),(3,26)|(3,29),(3,33)|(4,30),(4,33)|(5,2),(5,3)|(5,14),(5,15)|(5,18),(5,19)|(6,6),(6,7)|(6,30),(6,33)|(7,0),(7,4)|(7,13),(7,14)|(7,30),(7,32)|(8,5),(8,8)|(8,19),(8,25)|(8,26),(8,29)|(9,9),(9,10)|(9,19),(9,25)|(9,26),(9,29)|(10,9),(10,10)|(11,8),(11,9)|(11,29),(11,30)|(11,32),(12,18)|(12,19),(13,17)|(13,26),(13,27)|(14,32),(14,33)|(15,31),(15,32)|(16,17),(16,23)|(16,31),(16,32)|(17,9),(17,18)|(18,18),(19,11)|(19,13),(19,15)|(19,17),(23,23)|(23,25),(23,33)|(23,34),(24,33)|(24,34),(25,33)|(25,34),(26,33)|(26,34),(28,11)|(28,13),(28,15)|(28,17),(28,32)|(29,18),(29,31)|(30,9),(30,18)|(30,31),(31,17)|(31,32),(34,17)|(34,32),(35,18)|(35,31),(36,18)|(36,31),(37,17)|(37,32),(40,13)|(40,14),(40,17)|(40,32),(41,18)|(41,23),(41,25)|(41,31),(42,14)|(42,15),(42,18)|(42,31),(43,17)|(43,32),(45,31)|(45,32),(46,5)|(46,8),(46,25)|(46,26),(47,0)|(47,4),(47,17)|(48,8),(48,9)|(48,18),(48,20)|(48,21),(48,22)|(48,28),(48,30)|(49,2),(49,3)|(50,20),(50,21)|(50,22),(50,23)|(50,30),(50,31)|
(7,0),(47,0)|(5,2),(49,2)|(5,3),(49,3)|(7,4),(47,4)|(8,5),(46,5)|(6,6),(6,7)|(8,8),(11,8)|(46,8),(48,8)|(9,9),(10,9)|(11,9),(17,9)|(30,9),(48,9)|(9,10),(10,10)|(19,11),(28,11)|(7,13),(19,13)|(28,13),(40,13)|(5,14),(7,14)|(40,14),(42,14)|(5,15),(19,15)|(28,15),(42,15)|(13,17),(16,17)|(19,17),(28,17)|(31,17),(34,17)|(37,17),(40,17)|(43,17),(47,17)|(5,18),(12,18)|(17,18),(18,18)|(29,18),(30,18)|(35,18),(36,18)|(41,18),(42,18)|(48,18),(5,19)|(8,19),(9,19)|(12,19),(48,20)|(50,20),(48,21)|(50,21),(48,22)|(50,22),(16,23)|(23,23),(41,23)|(50,23),(3,25)|(8,25),(9,25)|(23,25),(41,25)|(46,25),(3,26)|(8,26),(9,26)|(13,26),(46,26)|(13,27),(48,28)|(3,29),(8,29)|(9,29),(11,29)|(4,30),(6,30)|(7,30),(11,30)|(48,30),(50,30)|(15,31),(16,31)|(29,31),(30,31)|(35,31),(36,31)|(41,31),(42,31)|(45,31),(50,31)|(7,32),(11,32)|(14,32),(15,32)|(16,32),(28,32)|(31,32),(34,32)|(37,32),(40,32)|(43,32),(45,32)|(3,33),(4,33)|(6,33),(14,33)|(23,33),(24,33)|(25,33),(26,33)|(23,34),(24,34)|(25,34),(26,34)|