Pièce : SU_A53
taille : 50x38
##########..............................##########
##########..............................##########
############............................##########
######################..................##########
##########......####-----...............##########
######################..................##########
##########.|............................##########
#####/-----+-------------+-..........-------/#####
###=.......|.............|....................=###
##########.|.............|..............##########
#######.###H###--................--#######.#######
#######.##.|.##....................##...##########
#######.##.|.|......................|...##########
#######.##.|.|......................|...##########
#######.##...|...........|..........|...##.#######
#######.##...|...........|..........|...##.#######
#######.##...|...........|..........|...##.#######
######/................--+----------+-------/#####
###=.....................|....................=###
##########...............|............############
##########...##-----.....|..............##=#######
##########...##..........|..............##########
##########...............|.........-----##########
##########..............................##########
###############---......................##########
##########...##.........................##########
##########...|....................-###############
##########...|.....................##...##########
########=....|......................|...##########
##########...|......................|...##########
########=....|......................|....=########
##########...|......................|...##########
##############/..................../##############
###############/../###/..../###/../###############
####################=########=####################
##################################################
##################################################
##################################################
(3,8),(3,9)|(3,18),(3,19)|(8,10),(8,17)|(8,28),(8,29)|(8,30),(8,31)|(10,0),(10,2)|(10,4),(10,5)|(10,6),(10,7)|(10,9),(10,10)|(10,11),(10,17)|(10,19),(10,24)|(10,25),(10,28)|(10,29),(10,30)|(10,31),(10,32)|(11,10),(11,11)|(12,2),(12,3)|(12,10),(12,11)|(13,11),(13,12)|(13,20),(13,22)|(13,25),(13,26)|(15,10),(15,12)|(15,20),(15,22)|(15,24),(15,26)|(16,4),(16,5)|(20,4),(20,5)|(20,34),(20,35)|(21,34),(21,35)|(22,3),(22,4)|(22,5),(22,6)|(29,34),(29,35)|(30,34),(30,35)|(35,10),(35,12)|(35,26),(35,28)|(37,11),(37,12)|(37,27),(37,28)|(38,19),(38,20)|(40,0),(40,7)|(40,9),(40,10)|(40,11),(40,17)|(40,20),(40,26)|(40,27),(40,30)|(40,31),(40,32)|(42,10),(42,11)|(42,14),(42,17)|(42,20),(42,21)|(42,30),(42,31)|(43,10),(43,11)|(43,14),(43,17)|(43,20),(43,21)|(47,8),(47,9)|(47,18),(47,19)|
(10,10),(40,0)|(10,10),(12,2)|(12,12),(22,3)|(10,10),(16,4)|(20,20),(22,4)|(10,10),(16,5)|(20,20),(22,5)|(10,10),(22,6)|(10,10),(40,7)|(3,3),(47,8)|(3,3),(10,9)|(40,40),(47,9)|(7,7),(8,10)|(10,10),(11,10)|(12,12),(15,10)|(35,35),(40,10)|(42,42),(43,10)|(10,10),(11,11)|(12,12),(13,11)|(37,37),(40,11)|(42,42),(43,11)|(13,13),(15,12)|(35,35),(37,12)|(42,42),(43,14)|(8,8),(10,17)|(40,40),(42,17)|(3,3),(47,18)|(3,3),(10,19)|(38,38),(47,19)|(13,13),(15,20)|(38,38),(40,20)|(42,42),(43,20)|(42,42),(43,21)|(13,13),(15,22)|(10,10),(15,24)|(10,10),(13,25)|(13,13),(15,26)|(35,35),(40,26)|(37,37),(40,27)|(8,8),(10,28)|(35,35),(37,28)|(8,8),(10,29)|(8,8),(10,30)|(40,40),(42,30)|(8,8),(10,31)|(40,40),(42,31)|(10,10),(40,32)|(20,20),(21,34)|(29,29),(30,34)|(20,20),(21,35)|(29,29),(30,35)|
(14,32),(16,34)|(22,33),(23,34)|(31,33),(32,34)|(44,7),(45,8)|(44,17),(45,18)|
(5,8),(6,7)|(6,18),(7,17)|(18,34),(19,33)|(27,34),(28,33)|(34,34),(36,32)|
(11.5,6),(11.5,10)|(11.5,11),(11.5,14)|(13.5,12),(13.5,17)|(13.5,26),(13.5,32)|(25.5,10),(25.5,14)|(25.5,23),(36.5,12)|(36.5,28),(36.5,32)|
(6,7.5),(15,10.5)|(15,20.5),(15,24.5)|(17,10.5),(18,24.5)|(20,4.5),(20,20.5)|(23,17.5),(25,4.5)|(27,7.5),(33,10.5)|(34,26.5),(35,10.5)|(35,22.5),(35,26.5)|(37,7.5),(40,22.5)|(44,7.5),(44,17.5)|
end file : SU_A53