Pièce : SU_A31
taille : 48x35
################################################
################################################
################################################
################################################
################################################
###=############################################
###.############################################
###.############################################
###..=##########################################
###.############################################
###.############################################
###.############################################
###.############################################
###.############################################
###.######..####################################
###.#####......##...############################
###.###..............###########################
###.##...............###########################
###.##...............#####=#####################
###.......####.......#####.#####################
#####.....####......................############
######....####.......##############.############
######....####...|...##############.############
######....####...|...##############.############
######....####...|...##############.############
###.......####...|..........#######.############
###.##....####...|...####....#####...###########
###.##...........|...#####..................=###
###.#############H################...###########
###.#############=#################.############
###.############################################
###=############################################
################################################
################################################
################################################
4,9|10,14|12,14|9,15|10,15|12,15|15,15|17,15|20,15|7,16|9,16|15,16|17,16|20,16|21,16|6,17|7,17|4,19|6,19|10,19|14,19|21,20|26,20|27,20|36,20|3,20|5,20|5,21|6,21|21,21|35,21|3,25|6,25|21,25|28,25|28,26|29,26|34,26|35,26|36,26|37,26|4,26|6,26|10,27|14,27|21,26|25,26|29,27|34,27|37,27|25,27|26,27|6,28|21,28|26,28|34,28|37,28|34,29|35,29|36,29|37,29|35,30|36,30|