Pièce : SU_A29
taille : 54x35
######################################################
######################################################
#########################...##########################
########################......########################
########################.......#######################
#########################......#######################
#########################.......######################
#######.........................######################
#####=..........................######################
#########################......#######################
#########################.....########################
#######################......#########################
########################.....#########################
########################........................######
#########################........................=####
###########################..#########################
######################################################
######################################################
######################################################
######################################################
######################################################
######################################################
######################################################
######################################################
######################################################
######################################################
######################################################
######################################################
######################################################
######################################################
######################################################
######################################################
######################################################
######################################################
######################################################
(5,8),(5,9)|(7,7),(7,8)|(23,11),(23,12)|(24,3),(24,5)|(24,12),(24,14)|(25,2),(25,3)|(25,5),(25,7)|(25,9),(25,11)|(25,14),(25,15)|(27,15),(27,16)|(28,2),(28,3)|(29,11),(29,13)|(29,15),(29,16)|(30,3),(30,4)|(30,10),(30,11)|(31,4),(31,6)|(31,9),(31,10)|(32,6),(32,9)|(48,13),(48,14)|(50,14),(50,15)|
(25,25),(28,2)|(24,24),(25,3)|(28,28),(30,3)|(30,30),(31,4)|(24,24),(25,5)|(31,31),(32,6)|(7,7),(25,7)|(5,5),(7,8)|(5,5),(25,9)|(31,31),(32,9)|(30,30),(31,10)|(23,23),(25,11)|(29,29),(30,11)|(23,23),(24,12)|(29,29),(48,13)|(24,24),(25,14)|(48,48),(50,14)|(25,25),(27,15)|(29,29),(50,15)|(27,27),(29,16)|




end file : SU_A29