Pièce : SU_A40
taille : 50x36
####################################............##
########.....|....######/.....|...##............##
########.....|....##=##/......|...##............##
#######/.....|..../#.#/|......|...##............##
###.|........|.........|......|...##............##
###.|.#######H#########H##....|.###/............##
###.|........|.........|......|................/##
###.|........|.........|......|.............../###
###.|.........................|...............####
###.|.........................|........---------=#
############..................|...............####
##=...........................................####
############.............................-------=#
###....................|......................####
###....................|....................../###
###....................|......................./##
###.......|............|......|.................##
########..|............|......|.................##
##=.......|.......####.|......|.####...####.....##
########..|.......####.|......|.####...####.....##
###.......|.......####.|......|.####...####.....##
##/.......|.......####.|......|.####...####.....##
##........|....|..####.|......|.####...####.....##
##........|....|..####.|......|.####...####.....##
##......####...|..####.|......|.####...####.....##
##......####...|..####.|......|.####.|.####.....##
##......####...|..####.|......|.####.|.####.....##
##...|..####...|..####.|......|.####.|.####.....##
##...|..####...|..####.|......|.####.|.####.....##
##...|..####...|..####.|......|.####.|.####.....##
###..|..####...|.......|...#..|......|.........###
####.|..####...|.......|..###.|......|.........###
#####H#########H#######H######H######H############
###############=#######=######=######=#######=####
##################################################
##################################################
2,11|2,12|2,18|2,19|2,22|2,30|3,4|3,10|3,13|3,17|3,20|3,21|3,30|3,31|4,31|4,32|6,5|6,6|7,4|8,1|8,3|8,17|8,18|8,19|8,20|8,24|8,32|12,10|12,11|12,12|12,13|12,24|12,32|15,34|16,34|18,1|18,3|18,18|18,30|19,4|20,2|20,4|21,2|21,4|22,4|22,18|22,30|23,34|24,34|25,1|26,5|26,6|26,31|26,32|27,30|27,31|28,30|28,31|29,31|29,32|30,34|31,34|32,5|32,6|32,18|32,30|34,1|34,5|35,6|36,0|36,5|36,18|36,30|37,34|38,34|39,18|39,30|43,18|43,30|45,33|45,34|46,8|46,14|46,33|46,34|47,30|47,32|48,0|48,6|48,16|48,30|49,9|49,10|49,12|49,13|
(2,11),(2,12)|(2,18),(2,19)|(2,22),(2,30)|(3,4),(3,10)|(3,13),(3,17)|(3,20),(3,21)|(3,30),(3,31)|(4,31),(4,32)|(6,5),(6,6)|(7,4),(8,1)|(8,3),(8,17)|(8,18),(8,19)|(8,20),(8,24)|(8,32),(12,10)|(12,11),(12,12)|(12,13),(12,24)|(12,32),(15,34)|(16,34),(18,1)|(18,3),(18,18)|(18,30),(19,4)|(20,2),(20,4)|(21,2),(21,4)|(22,4),(22,18)|(22,30),(23,34)|(24,34),(25,1)|(26,5),(26,6)|(26,31),(26,32)|(27,30),(27,31)|(28,30),(28,31)|(29,31),(29,32)|(30,34),(31,34)|(32,5),(32,6)|(32,18),(32,30)|(34,1),(34,5)|(35,6),(36,0)|(36,5),(36,18)|(36,30),(37,34)|(38,34),(39,18)|(39,30),(43,18)|(43,30),(45,33)|(45,34),(46,8)|(46,14),(46,33)|(46,34),(47,30)|(47,32),(48,0)|(48,6),(48,16)|(48,30),(49,9)|(49,10),(49,12)|
(36,0),(48,0)|(8,1),(18,1)|(25,1),(34,1)|(20,2),(21,2)|(8,3),(18,3)|(3,4),(7,4)|(19,4),(20,4)|(21,4),(22,4)|(6,5),(26,5)|(32,5),(34,5)|(36,5),(6,6)|(26,6),(32,6)|(35,6),(48,6)|(46,8),(49,9)|(3,10),(12,10)|(49,10),(2,11)|(12,11),(2,12)|(12,12),(49,12)|(3,13),(12,13)|(49,13),(46,14)|(48,16),(3,17)|(8,17),(2,18)|(8,18),(18,18)|(22,18),(32,18)|(36,18),(39,18)|(43,18),(2,19)|(8,19),(3,20)|(8,20),(3,21)|(2,22),(8,24)|(12,24),(2,30)|(3,30),(18,30)|(22,30),(27,30)|(28,30),(32,30)|(36,30),(39,30)|(43,30),(47,30)|(48,30),(3,31)|(4,31),(26,31)|(27,31),(28,31)|(29,31),(4,32)|(8,32),(12,32)|(26,32),(29,32)|(47,32),(45,33)|(46,33),(15,34)|(16,34),(23,34)|(24,34),(30,34)|(31,34),(37,34)|(38,34),(45,34)|