Pièce : SU_A02
taille : 54x35
########......................................########
########......................................########
########......................................########
########......................................########
########......................................########
#######/....................................../#######
######/......................................../######
####=............................................=####
######..........................................######
####=............................................=####
######.............................|............######
####=..............................|.............=####
######......................|......|............######
####=....|..................|......|.............=####
######/..|..................|......|.........../######
#######/.|..................|......|........../#######
########.|........|.........|......|.......|..########
########.|........|.......|.|......|.......|..########
########.|..###...|.###...|.|..###.|...###.|..########
#########H########H#######H########H#######H##########
##########################=###########################
######################################################
######################################################
######################################################
######################################################
######################################################
######################################################
######################################################
######################################################
######################################################
######################################################
######################################################
######################################################
######################################################
######################################################
(4,7),(4,8)|(4,9),(4,10)|(4,11),(4,12)|(4,13),(4,14)|(6,8),(6,9)|(6,10),(6,11)|(6,12),(6,13)|(8,0),(8,19)|(9,19),(9,20)|(10,19),(10,20)|(12,18),(12,19)|(15,18),(15,19)|(18,19),(18,20)|(19,19),(19,20)|(20,18),(20,19)|(23,18),(23,19)|(26,19),(26,21)|(27,19),(27,21)|(31,18),(31,19)|(34,18),(34,19)|(35,19),(35,20)|(36,19),(36,20)|(39,18),(39,19)|(42,18),(42,19)|(43,19),(43,20)|(44,19),(44,20)|(46,0),(46,19)|(48,8),(48,9)|(48,10),(48,11)|(48,12),(48,13)|(50,7),(50,8)|(50,9),(50,10)|(50,11),(50,12)|(50,13),(50,14)|
(8,8),(46,0)|(4,4),(50,7)|(4,4),(6,8)|(48,48),(50,8)|(4,4),(6,9)|(48,48),(50,9)|(4,4),(6,10)|(48,48),(50,10)|(4,4),(6,11)|(48,48),(50,11)|(4,4),(6,12)|(48,48),(50,12)|(4,4),(6,13)|(48,48),(50,13)|(4,4),(50,14)|(12,12),(15,18)|(20,20),(23,18)|(31,31),(34,18)|(39,39),(42,18)|(8,8),(9,19)|(10,10),(12,19)|(15,15),(18,19)|(19,19),(20,19)|(23,23),(26,19)|(27,27),(31,19)|(34,34),(35,19)|(36,36),(39,19)|(42,42),(43,19)|(44,44),(46,19)|(9,9),(10,20)|(18,18),(19,20)|(35,35),(36,20)|(43,43),(44,20)|(26,26),(27,21)|
(6,14),(8,16)|(46,5),(48,7)|
(6,7),(8,5)|(46,16),(48,14)|
(9.5,13),(9.5,19)|(18.5,16),(18.5,19)|(26.5,17),(26.5,19)|(28.5,12),(28.5,19)|(35.5,10),(35.5,19)|(43.5,16),(43.5,19)|

end file : SU_A02