Pièce : SU_A04
taille : 54x35
..................................................|...
..................................................|###
|................................................#####
|............................................../######
|..............................................#######
|..............................................#######
|...............................................=#####
|..............................................#######
|...............................................=#####
|........................................###...#######
|........................................###...#######
#..|.....................................###...#######
##.|......................................|....#######
##.|......................................|....#######
##/|................................###...|....#######
###|................................###...|.....=#####
####........###................###..###...|....#######
####........###................###...|....|.....=#####
#####.......###.............|..###...|...#############
#####/.......|..............|...|....|....=###########
######.......|..............|...|....|...#############
######.......|......|.......|...|....|....=###########
######.......|......|.....|.|...|...##################
####=......|.|......|.....|.|...|....=################
######.....|.|......|.....|.|...|...##################
####=......|.|......|.....|.|...|....=################
######.....|.|....|.|.....|.|..#######################
####=......|.|....|.|...|.|.|...=#####################
######....##.|....|.|...|.|.|..#######################
####=....#####....|.|...|.|.|...=#####################
################/.|.|...|||./#########################
######################################################
######################=###############################
######################################################
######################################################
(1,11),(1,12)|(4,16),(4,18)|(4,23),(4,24)|(4,25),(4,26)|(4,27),(4,28)|(4,29),(4,30)|(6,23),(6,24)|(6,25),(6,26)|(6,27),(6,28)|(9,29),(9,30)|(10,28),(10,29)|(12,16),(12,19)|(12,28),(12,29)|(14,29),(14,30)|(15,16),(15,19)|(22,32),(22,33)|(23,32),(23,33)|(31,16),(31,19)|(31,26),(31,27)|(31,28),(31,29)|(33,27),(33,28)|(33,29),(33,30)|(34,16),(34,19)|(36,14),(36,17)|(36,22),(36,23)|(36,24),(36,25)|(38,23),(38,24)|(38,25),(38,26)|(39,14),(39,17)|(41,9),(41,12)|(41,18),(41,19)|(41,20),(41,21)|(43,19),(43,20)|(43,21),(43,22)|(44,9),(44,12)|(47,6),(47,7)|(47,8),(47,9)|(47,15),(47,16)|(49,2),(49,3)|(49,6),(49,7)|(49,8),(49,9)|(49,15),(49,16)|(49,17),(49,18)|(51,1),(51,2)|
(51,51),(54,1)|(49,49),(51,2)|(47,47),(49,6)|(47,47),(49,7)|(47,47),(49,8)|(41,41),(44,9)|(47,47),(49,9)|(0,0),(1,11)|(1,1),(2,12)|(41,41),(44,12)|(36,36),(39,14)|(47,47),(49,15)|(3,3),(4,16)|(12,12),(15,16)|(31,31),(34,16)|(47,47),(49,16)|(36,36),(39,17)|(47,47),(49,17)|(4,4),(5,18)|(41,41),(49,18)|(12,12),(15,19)|(31,31),(34,19)|(41,41),(43,19)|(41,41),(43,20)|(41,41),(43,21)|(36,36),(43,22)|(4,4),(6,23)|(36,36),(38,23)|(4,4),(6,24)|(36,36),(38,24)|(4,4),(6,25)|(36,36),(38,25)|(4,4),(6,26)|(31,31),(38,26)|(4,4),(6,27)|(31,31),(33,27)|(4,4),(6,28)|(10,10),(12,28)|(31,31),(33,28)|(4,4),(6,29)|(9,9),(10,29)|(12,12),(14,29)|(31,31),(33,29)|(4,4),(9,30)|(14,14),(33,30)|(22,22),(23,32)|(22,22),(23,33)|
(2,14),(3,15)|(5,19),(6,20)|(5,19),(16,30)|(5,19),(17,31)|
(28,31),(29,30)|(47,4),(48,3)|
(0.5,2),(0.5,11)|(3.5,11),(3.5,16)|(11.5,23),(11.5,28)|(13.5,19),(13.5,29)|(18.5,26),(18.5,31)|(20.5,21),(20.5,31)|(24.5,27),(24.5,31)|(25.5,30),(25.5,31)|(26.5,22),(26.5,31)|(28.5,18),(28.5,30)|(32.5,19),(32.5,26)|(37.5,17),(37.5,22)|(42.5,12),(42.5,18)|(50.5,0),(50.5,2)|

end file : SU_A04