Pièce : SU_A06
taille : 54x35
###########=..............................=###########
#############............................#############
###########=..............................=###########
#############............................#############
#######/-------...........................----/#######
######/---....................................-/######
######..........................................######
######...........................................=####
######....#.....................................######
####=...####.....................................=####
################.........................#############
######.#########.........................######.######
######.....|.....................###...../#####.######
###########|.....................###....../####.######
##########/|.....................###......|/###.######
#########/.|.............###..............|.....######
#########..|.............###..............|..##.######
#########..|.............###..............|..##.######
######.....|..............|...............|..##.######
######.###.|..............|...............|..##.######
######.##/.|..............|.....|.........|..##.######
######.##..|..###.........|.....|.........|.....######
######.##..|..###...###...|.....|.........|..#########
######.##..|..###...###...|.....|....###.....#########
######.##......|....###...|.....|....###.....#########
######.##......|.....|....|.....|....###.....#########
######.##......|.....|....|.....|.....|......#########
######.##......|.....|....|..|..|.....|......#########
####=..........|.....|....|..|..|.....|..........=####
###########/...|.....|....|..|..|.....|..#############
############/..|.....|....|..#..|.....|.##############
##################/..|....|####.|../##################
###############=######################=###############
#####################=####=####=######################
######################################################
(4,9),(4,10)|(4,28),(4,29)|(6,9),(6,11)|(6,13),(6,18)|(7,11),(7,12)|(7,19),(7,28)|(8,9),(8,10)|(9,18),(9,28)|(10,8),(10,9)|(11,0),(11,1)|(11,2),(11,3)|(11,8),(11,9)|(12,9),(12,10)|(13,1),(13,2)|(13,3),(13,4)|(14,21),(14,24)|(15,32),(15,33)|(16,10),(16,12)|(16,32),(16,33)|(17,21),(17,24)|(20,22),(20,25)|(21,33),(21,34)|(22,33),(22,34)|(23,22),(23,25)|(25,15),(25,18)|(26,33),(26,34)|(27,31),(27,32)|(27,33),(27,34)|(28,15),(28,18)|(29,30),(29,31)|(30,30),(30,31)|(31,31),(31,32)|(31,33),(31,34)|(32,33),(32,34)|(33,12),(33,15)|(36,12),(36,15)|(37,23),(37,26)|(38,32),(38,33)|(39,32),(39,33)|(40,23),(40,26)|(40,30),(40,31)|(41,1),(41,2)|(41,3),(41,4)|(41,10),(41,29)|(43,0),(43,1)|(43,2),(43,3)|(45,16),(45,21)|(45,22),(45,28)|(47,11),(47,15)|(47,16),(47,21)|(48,7),(48,8)|(48,9),(48,11)|(50,7),(50,8)|(50,9),(50,10)|(50,28),(50,29)|
(11,11),(43,0)|(11,11),(13,1)|(41,41),(43,1)|(11,11),(13,2)|(41,41),(43,2)|(11,11),(13,3)|(41,41),(43,3)|(13,13),(41,4)|(48,48),(50,7)|(10,10),(11,8)|(48,48),(50,8)|(4,4),(6,9)|(8,8),(10,9)|(11,11),(12,9)|(48,48),(50,9)|(4,4),(8,10)|(12,12),(16,10)|(41,41),(50,10)|(6,6),(7,11)|(47,47),(48,11)|(7,7),(16,12)|(33,33),(36,12)|(6,6),(11,13)|(25,25),(28,15)|(33,33),(36,15)|(45,45),(47,16)|(6,6),(9,18)|(25,25),(28,18)|(7,7),(10,19)|(14,14),(17,21)|(45,45),(47,21)|(20,20),(23,22)|(45,45),(48,22)|(37,37),(40,23)|(14,14),(17,24)|(20,20),(23,25)|(37,37),(40,26)|(4,4),(6,28)|(7,7),(9,28)|(45,45),(50,28)|(4,4),(41,29)|(29,29),(30,30)|(40,40),(41,30)|(27,27),(29,31)|(30,30),(31,31)|(15,15),(16,32)|(27,27),(31,32)|(38,38),(39,32)|(15,15),(16,33)|(21,21),(22,33)|(26,26),(27,33)|(31,31),(32,33)|(38,38),(39,33)|(21,21),(22,34)|(26,26),(27,34)|(31,31),(32,34)|
(11,29),(13,31)|(18,31),(19,32)|(41,12),(44,15)|(46,4),(48,6)|
(6,6),(8,4)|(9,16),(11,14)|(9,21),(10,20)|(35,32),(36,31)|
(11.5,12),(11.5,24)|(15.5,24),(15.5,31)|(21.5,25),(21.5,32)|(26.5,18),(26.5,32)|(29.5,27),(29.5,30)|(32.5,20),(32.5,32)|(38.5,26),(38.5,31)|(42.5,14),(42.5,23)|
(7,5.5),(8,4.5)|(10,5.5),(15,4.5)|(42,4.5),(46,4.5)|(46,5.5),(47,5.5)|
end file : SU_A06