Pièce : SU_A44
taille : 48x35
################################################
################################################
################################################
################################################
################################################
################################################
################################################
################################################
################################################
################################################
################################################
################################################
################################################
################################################
######################../#######################
#####################........./#################
###################/.............###############
################/.............##################
################..................##############
###############.....................############
###############....................#############
##############/......................./#########
###########.............................########
##########...............................#######
#########...............................########
##########............................./########
###########..................##......###########
#########..................#######..############
##############........##########################
####=.................#......###################
################################################
################################################
################################################
################################################
################################################
(4,29),(4,30)|(9,24),(9,25)|(9,27),(9,28)|(10,23),(10,24)|(10,25),(10,26)|(11,22),(11,23)|(11,26),(11,27)|(14,28),(14,29)|(21,15),(21,16)|(22,14),(22,15)|(22,28),(22,30)|(23,29),(23,30)|(27,27),(27,28)|(29,26),(29,27)|(29,29),(29,30)|(30,17),(30,18)|(31,26),(31,27)|(33,16),(33,17)|(34,18),(34,19)|(34,27),(34,28)|(35,20),(35,21)|(36,19),(36,20)|(36,27),(36,28)|(37,26),(37,27)|(40,22),(40,23)|(41,23),(41,24)|
(21,21),(22,15)|(21,21),(33,16)|(30,30),(33,17)|(30,30),(34,18)|(15,15),(16,19)|(34,34),(36,19)|(35,35),(36,20)|(11,11),(40,22)|(10,10),(11,23)|(40,40),(41,23)|(9,9),(10,24)|(40,40),(41,24)|(9,9),(10,25)|(10,10),(11,26)|(29,29),(31,26)|(9,9),(11,27)|(27,27),(29,27)|(31,31),(34,27)|(36,36),(37,27)|(9,9),(14,28)|(22,22),(27,28)|(34,34),(36,28)|(4,4),(14,29)|(23,23),(29,29)|(4,4),(22,30)|(23,23),(29,30)|
(24,14),(25,15)|(30,15),(31,16)|(38,21),(39,22)|
(14,22),(15,21)|(14,22),(19,17)|(14,22),(20,16)|(16,18),(17,17)|(39,26),(40,25)|


end file : SU_A44