Pièce : SU_A23
taille : 54x35
#############################...........##############
###########################=............##############
#############################.........../#############
###########################=.............#############
#############################.............=###########
###########################=............/#############
#############################...........##############
#############################/........./##############
##################################H###################
#############################.....|.....##############
#################################.|.##################
#############################/....|..../##############
#############################.....|.....##############
#############################/....|.....##############
##############################....|..../##############
##############################....|....###############
##############################....|....###############
#####################/..#####/....|....###############
##########...#####/......./##.....|..../##############
########/.........................|........../########
########..........................|...........########
########..........................|...........########
######=...........................|........../########
########.....................................#########
########/....................................#########
#########........................###..........=#######
#########/................../############/...#########
############/...../###################################
########################=#############################
######################################################
######################################################
######################################################
######################################################
######################################################
######################################################
(6,22),(6,23)|(8,22),(8,23)|(10,18),(10,19)|(13,18),(13,19)|(24,17),(24,18)|(24,28),(24,29)|(25,28),(25,29)|(27,1),(27,2)|(27,3),(27,4)|(27,5),(27,6)|(29,0),(29,1)|(29,2),(29,3)|(29,4),(29,5)|(29,6),(29,9)|(29,10),(29,19)|(33,10),(33,11)|(33,25),(33,26)|(36,10),(36,11)|(36,25),(36,26)|(40,0),(40,9)|(40,10),(41,4)|(43,4),(43,5)|(45,25),(45,26)|(45,27),(47,25)|
(29,0),(40,0)|(27,1),(29,1)|(27,2),(29,2)|(27,3),(29,3)|(27,4),(29,4)|(41,4),(43,4)|(27,5),(29,5)|(43,5),(27,6)|(29,6),(29,9)|(40,9),(29,10)|(33,10),(36,10)|(40,10),(33,11)|(36,11),(24,17)|(10,18),(13,18)|(24,18),(10,19)|(13,19),(29,19)|(6,22),(8,22)|(6,23),(8,23)|(33,25),(36,25)|(45,25),(47,25)|(33,26),(36,26)|(45,26),(47,26)|(45,27),(24,28)|(25,28),(24,29)|