Pièce : SU_A17
taille : 54x37
.................#####################################
.................#####....#########......##.....######
.................#####....#########......##.....######
.................##=##....##=##/.........##.....######
.................##.#/..../#.#/........../#.....######
.................##..............................=####
................./####|||||###||.......||####H########
................................................######
#................................................=####
#...............................................######
#...............................................######
#...............................................######
#...............................................######
#........................................##|##########
#...............................................=#####
##.......................................#############
###.............................................######
####............................................######
####............................................######
####............................................######
####............................................######
####......................|.....................######
########..................|.................|....=####
######=...................|.................|...######
########..................|.................|....=####
######=...................|......####.......|...######
############..............|......####.......|...######
##########=...|...........|......####.......|...######
############..|...........|......####..|....|...######
##########=...|...........|......####..|....|...######
################....|.....|......####..|....|...######
##############=.....|.....|......####..|....|...######
################....|.##..|......####..|....|....=####
##############=.....|#####|..../######/|....|...######
######################################################
##########################=###########################
######################################################
(0,8),(1,8)|(1,15),(2,15)|(2,16),(3,16)|(3,17),(4,17)|(4,22),(6,23)|(6,24),(6,25)|(6,26),(8,22)|(8,23),(8,24)|(8,25),(10,27)|(10,28),(10,29)|(10,30),(12,26)|(12,27),(12,28)|(12,29),(14,31)|(14,32),(14,33)|(14,34),(16,30)|(16,31),(16,32)|(16,33),(17,0)|(19,3),(19,6)|(20,3),(20,5)|(22,1),(22,32)|(22,33),(24,32)|(24,33),(26,1)|(26,35),(26,36)|(27,35),(27,36)|(28,3),(28,5)|(29,3),(29,5)|(33,25),(33,33)|(35,1),(35,3)|(37,25),(37,33)|(41,1),(41,13)|(41,14),(41,15)|(41,16),(43,1)|(43,5),(48,1)|(48,5),(48,7)|(48,8),(48,9)|(48,13),(48,16)|(48,22),(48,23)|(48,24),(48,25)|(48,32),(48,33)|(48,34),(49,14)|(49,15),(50,5)|(50,6),(50,8)|(50,9),(50,22)|(50,23),(50,24)|(50,25),(50,32)|
(17,0),(22,1)|(26,1),(35,1)|(41,1),(43,1)|(48,1),(19,3)|(20,3),(28,3)|(29,3),(35,3)|(20,5),(28,5)|(29,5),(43,5)|(48,5),(50,5)|(19,6),(50,6)|(48,7),(0,8)|(1,8),(48,8)|(50,8),(48,9)|(50,9),(41,13)|(48,13),(41,14)|(49,14),(1,15)|(2,15),(41,15)|(49,15),(2,16)|(3,16),(41,16)|(48,16),(3,17)|(4,17),(4,22)|(8,22),(48,22)|(50,22),(6,23)|(8,23),(48,23)|(50,23),(6,24)|(8,24),(48,24)|(50,24),(6,25)|(8,25),(33,25)|(37,25),(48,25)|(50,25),(6,26)|(12,26),(10,27)|(12,27),(10,28)|(12,28),(10,29)|(12,29),(10,30)|(16,30),(14,31)|(16,31),(14,32)|(16,32),(22,32)|(24,32),(48,32)|(50,32),(14,33)|(16,33),(22,33)|(24,33),(33,33)|(37,33),(48,33)|(50,33),(14,34)|(48,34),(26,35)|(27,35),(26,36)|
(17,6),(18,7)|(26,4),(27,5)|(38,33),(39,34)|(41,4),(42,5)|
(21,5),(22,4)|(30,5),(32,3)|(31,34),(32,33)|
