Pièce : SU_A36
taille : 54x35
#####################################/..|...##########
######################################..|...##########
######################################..|../##########
######################################################
####################################....|...##########
######################################################
######################################..|..../########
#####################################/..|...../#######
#####################################...........=#####
#####################################......###########
#####################################......##.########
#####################################......##.########
#####################################......##.########
####################################/...|..##.########
###################################/....|..##.########
##########################/./##/.#......|..##.########
#######################.................|..##.########
######################/.................|........#####
#####################/.................#########.#####
#####################..................#=#######.#####
#####################..................#########.#####
#####################...................|..##....#####
#####################...................|..##.########
####################/......####.........|..##.########
#######....................####.........|..##.########
#####=.....................####.........|..##.########
#######................|...####.........|..##.########
#####=.................|..#####.........|..##.########
#######................|...####.........|..##.########
#####=.................|...####.........|..##.########
#######.....####.......|...####.........|.......=#####
####################/..|............./################
#######################H##############################
#######################=##########=###################
######################################################
(5,25),(5,26)|(5,27),(5,28)|(5,29),(5,30)|(7,24),(7,25)|(7,26),(7,27)|(7,28),(7,29)|(7,30),(7,31)|(12,30),(12,31)|(16,30),(16,31)|(23,16),(23,32)|(24,32),(24,34)|(26,27),(26,28)|(27,23),(27,27)|(27,28),(27,31)|(31,23),(31,31)|(33,15),(33,16)|(34,15),(34,16)|(34,33),(34,34)|(35,33),(35,34)|(36,4),(36,5)|(38,3),(38,6)|(39,18),(39,21)|(40,19),(40,20)|(41,19),(41,20)|(43,9),(43,17)|(43,21),(43,30)|(44,0),(44,4)|(45,10),(45,17)|(45,21),(45,30)|(46,10),(46,17)|(46,22),(46,30)|(48,18),(48,21)|(49,8),(49,9)|(49,17),(49,22)|(49,30),(49,31)|
(36,36),(44,4)|(36,36),(44,5)|(43,43),(49,9)|(45,45),(46,10)|(33,33),(34,15)|(23,23),(33,16)|(43,43),(45,17)|(46,46),(49,17)|(39,39),(48,18)|(40,40),(41,19)|(40,40),(41,20)|(39,39),(43,21)|(45,45),(48,21)|(46,46),(49,22)|(27,27),(31,23)|(5,5),(7,25)|(5,5),(7,26)|(5,5),(7,27)|(26,26),(27,27)|(5,5),(7,28)|(26,26),(27,28)|(5,5),(7,29)|(5,5),(7,30)|(12,12),(16,30)|(43,43),(45,30)|(46,46),(49,30)|(7,7),(12,31)|(16,16),(27,31)|(31,31),(49,31)|(23,23),(24,32)|(34,34),(35,33)|(23,23),(24,34)|(34,34),(35,34)|
(20,31),(21,32)|(28,15),(29,16)|(37,0),(38,1)|(45,6),(47,8)|
(20,24),(21,23)|(21,19),(23,17)|(26,16),(27,15)|(31,16),(32,15)|(35,15),(37,13)|(37,8),(38,7)|(37,32),(38,31)|(43,3),(44,2)|
(23.5,26),(23.5,32)|(40.5,0),(40.5,3)|(40.5,4),(40.5,5)|(40.5,6),(40.5,8)|(40.5,13),(40.5,18)|(40.5,21),(40.5,31)|

end file : SU_A36