Pièce : SU_A32
taille : 48x35
################################################
################################################
################################################
#######################################=########
#######################################|########
######################################.|.#######
#################################......|..=#####
################################.......|########
################################...#############
################################...#############
################################.....###########
#################################.....##########
##################################.......#######
####################################......######
####################################.......#####
####################################.......#####
##############........#############........#####
###########.................................=###
#########...............................########
#######..............................###########
######.........../##/..............#############
#####............####...........################
#####............/##/.......####################
####...........#################################
##=.........####################################
#####......##=##################################
################################################
################################################
################################################
################################################
################################################
################################################
################################################
################################################
################################################
(2,24),(2,25)|(4,23),(4,24)|(5,21),(5,23)|(5,25),(5,26)|(6,20),(6,21)|(7,19),(7,20)|(9,18),(9,19)|(11,17),(11,18)|(11,25),(11,26)|(12,24),(12,25)|(13,25),(13,26)|(14,16),(14,17)|(14,25),(14,26)|(15,23),(15,24)|(22,16),(22,17)|(28,22),(28,23)|(32,7),(32,11)|(32,21),(32,22)|(33,6),(33,7)|(33,11),(33,12)|(34,12),(34,13)|(35,8),(35,10)|(35,16),(35,17)|(35,20),(35,21)|(36,13),(36,16)|(37,10),(37,11)|(37,19),(37,20)|(38,5),(38,6)|(38,11),(38,12)|(39,3),(39,5)|(40,3),(40,5)|(40,7),(40,8)|(40,18),(40,19)|(41,5),(41,6)|(41,12),(41,13)|(42,13),(42,14)|(43,6),(43,7)|(43,14),(43,17)|(45,17),(45,18)|
(39,39),(40,3)|(38,38),(39,5)|(40,40),(41,5)|(33,33),(38,6)|(41,41),(43,6)|(32,32),(33,7)|(40,40),(43,7)|(35,35),(40,8)|(35,35),(37,10)|(32,32),(33,11)|(37,37),(38,11)|(33,33),(34,12)|(38,38),(41,12)|(34,34),(36,13)|(41,41),(42,13)|(42,42),(43,14)|(14,14),(22,16)|(35,35),(36,16)|(11,11),(14,17)|(22,22),(35,17)|(43,43),(45,17)|(9,9),(11,18)|(40,40),(45,18)|(7,7),(9,19)|(37,37),(40,19)|(6,6),(7,20)|(35,35),(37,20)|(5,5),(6,21)|(32,32),(35,21)|(28,28),(32,22)|(4,4),(5,23)|(15,15),(28,23)|(2,2),(4,24)|(12,12),(15,24)|(2,2),(5,25)|(11,11),(12,25)|(13,13),(14,25)|(5,5),(11,26)|(13,13),(14,26)|
(20,20),(21,21)|
(17,21),(18,20)|
(39.5,4),(39.5,8)|

end file : SU_A32