Pièce : SU_A45
taille : 48x35
################################################
################################################
################################################
################################################
################################################
################################################
#####...|..|...............................#####
#####..######..............................#####
###=....|..|................................=###
#####......................................#####
###=........................................=###
#####......................................#####
###=........................................=###
#####......................................#####
###=........................................=###
#####...........|..........................#####
###=........|...|...........................=###
#####.......|.|.|...........##.............#####
########/...|.|.|.|.../#########################
############H#H#H#H###############=##=##########
##########.#.#.#.#.#.###########################
##########.#.#.#.#.#.###########################
##########.#.#.#.#.#.###########################
##########.#+#+#+#+#.###########################
#########...|.|.|.|...##########################
#######=....|.|.|.|....=########################
#########...|.|.|.|...##########################
#######=....|.|.|.|....=########################
##########..|.|.|.|...##########################
############H#H#H#H#############################
##########=#=#=#=#=#=###########################
################################################
################################################
################################################
################################################
(3,8),(3,9)|(3,10),(3,11)|(3,12),(3,13)|(3,14),(3,15)|(3,16),(3,17)|(5,6),(5,8)|(5,9),(5,10)|(5,11),(5,12)|(5,13),(5,14)|(5,15),(5,16)|(5,17),(5,18)|(7,7),(7,8)|(7,25),(7,26)|(7,27),(7,28)|(9,24),(9,25)|(9,26),(9,27)|(10,20),(10,24)|(10,28),(10,29)|(10,30),(10,31)|(11,20),(11,24)|(11,30),(11,31)|(12,19),(12,24)|(12,29),(12,31)|(13,7),(13,8)|(13,19),(13,24)|(13,29),(13,31)|(14,19),(14,24)|(14,29),(14,31)|(15,19),(15,24)|(15,29),(15,31)|(16,19),(16,24)|(16,29),(16,31)|(17,19),(17,24)|(17,29),(17,31)|(18,19),(18,24)|(18,29),(18,31)|(19,19),(19,24)|(19,29),(19,31)|(20,20),(20,24)|(20,30),(20,31)|(21,20),(21,24)|(21,30),(21,31)|(22,24),(22,25)|(22,26),(22,27)|(22,28),(22,29)|(24,25),(24,26)|(24,27),(24,28)|(28,17),(28,18)|(30,17),(30,18)|(34,19),(34,20)|(35,19),(35,20)|(37,19),(37,20)|(38,19),(38,20)|(43,6),(43,8)|(43,9),(43,10)|(43,11),(43,12)|(43,13),(43,14)|(43,15),(43,16)|(43,17),(43,18)|(45,8),(45,9)|(45,10),(45,11)|(45,12),(45,13)|(45,14),(45,15)|(45,16),(45,17)|
(5,5),(43,6)|(7,7),(13,7)|(3,3),(5,8)|(7,7),(13,8)|(43,43),(45,8)|(3,3),(5,9)|(43,43),(45,9)|(3,3),(5,10)|(43,43),(45,10)|(3,3),(5,11)|(43,43),(45,11)|(3,3),(5,12)|(43,43),(45,12)|(3,3),(5,13)|(43,43),(45,13)|(3,3),(5,14)|(43,43),(45,14)|(3,3),(5,15)|(43,43),(45,15)|(3,3),(5,16)|(43,43),(45,16)|(3,3),(5,17)|(28,28),(30,17)|(43,43),(45,17)|(5,5),(28,18)|(30,30),(43,18)|(12,12),(13,19)|(14,14),(15,19)|(16,16),(17,19)|(18,18),(19,19)|(34,34),(35,19)|(37,37),(38,19)|(10,10),(11,20)|(20,20),(21,20)|(34,34),(35,20)|(37,37),(38,20)|(9,9),(10,24)|(11,11),(12,24)|(13,13),(14,24)|(15,15),(16,24)|(17,17),(18,24)|(19,19),(20,24)|(21,21),(22,24)|(7,7),(9,25)|(22,22),(24,25)|(7,7),(9,26)|(22,22),(24,26)|(7,7),(9,27)|(22,22),(24,27)|(7,7),(10,28)|(22,22),(24,28)|(10,10),(12,29)|(13,13),(14,29)|(15,15),(16,29)|(17,17),(18,29)|(19,19),(22,29)|(10,10),(11,30)|(20,20),(21,30)|(10,10),(11,31)|(12,12),(13,31)|(14,14),(15,31)|(16,16),(17,31)|(18,18),(19,31)|(20,20),(21,31)|
(8,18),(9,19)|
(22,19),(23,18)|
(8.5,6),(8.5,7)|(8.5,8),(8.5,9)|(11.5,6),(11.5,7)|(11.5,8),(11.5,9)|(12.5,16),(12.5,19)|(12.5,29),(14.5,17)|(14.5,19),(14.5,29)|(16.5,15),(16.5,19)|(16.5,29),(18.5,18)|(18.5,19),(18.5,29)|

end file : SU_A45