Pièce : SU_B01
taille : 54x78
##########..................................##########
########=....................................=########
##########..................................##########
########=....................................=########
##########..................................##########
########=....................................=########
##########..................................##########
##########..................................##########
##########..................................##########
##########..................................##########
##########..................................##########
##########..................................##########
##########..................................##########
##########..................................##########
##########..................................##########
##########..................................##########
##########..................................##########
##########..................................##########
#####=..........................................=#####
#######........................................#######
#####=..........................................=#####
#######........................................#######
#####=..........................................=#####
#######.......................|................#######
#####=........................|.................=#####
#######.......................|................#######
#####=..............|.........|.................=#####
###############/....|.........|......./###############
################/...|.........|...|../################
#################...|.........|...|..#################
#################...|.........|...|..#################
#################---+---.....-+---+--#################
#################...|.........|...|..#################
#################...|.........|...|..#################
#################...|.........|...|..#################
###############=....|.........|...|...=###############
#################...|.........|...|..#################
###############=....|.........|...|...=###############
#################...|.........|...|..#################
###############=....|.........|...|...=###############
#################...|.........|......#################
###############=..............|.......=###############
#################.............|......#################
###############=..............|.......=###############
#################.............|......#################
###############=..............|.......=###############
#################.............|..|...#################
###############=.................|....=###############
#################................|...#################
#################................|...#################
#####=...........................|..............=#####
#######..............|...........|.............#######
#####=...............|...........|..............=#####
#######..............|...........|.............#######
#####=...............|.......|...|......|.......=#####
#######..............|.......|...|......|......#######
#####=...............|.......|...|......|.......=#####
#######..............|.......|...|......##.....#######
#####=...............|.......|...|.....#####....=#####
#################/...|.......|...|../#################
##################/..|.......|...|./##################
###################..|.......|...|.###################
###################--+----...|...|.###################
###################..|.....--+---+-###################
###################..|.......|...|.###################
###################..|.......|...|.###################
###################..........|.....###################
###################..........|.....###################
###################..........|.....###################
###################..|.......|.....###################
###################..|.......|.....###################
###################..#.....|.|...|####################
###################.#####..###...#####################
######################################################
#########################=#####=######################
######################################################
######################################################
######################################################
(5,18),(5,19)|(5,20),(5,21)|(5,22),(5,23)|(5,24),(5,25)|(5,26),(5,27)|(5,50),(5,51)|(5,52),(5,53)|(5,54),(5,55)|(5,56),(5,57)|(5,58),(5,59)|(7,19),(7,20)|(7,21),(7,22)|(7,23),(7,24)|(7,25),(7,26)|(7,51),(7,52)|(7,53),(7,54)|(7,55),(7,56)|(7,57),(7,58)|(8,1),(8,2)|(8,3),(8,4)|(8,5),(8,6)|(10,0),(10,1)|(10,2),(10,3)|(10,4),(10,5)|(10,6),(10,18)|(15,35),(15,36)|(15,37),(15,38)|(15,39),(15,40)|(15,41),(15,42)|(15,43),(15,44)|(15,45),(15,46)|(15,47),(15,48)|(17,35),(17,36)|(17,37),(17,38)|(17,39),(17,40)|(17,41),(17,42)|(17,43),(17,44)|(17,45),(17,46)|(17,47),(17,48)|(20,72),(20,73)|(21,71),(21,72)|(22,71),(22,72)|(25,72),(25,73)|(25,74),(25,75)|(26,74),(26,75)|(27,72),(27,73)|(30,72),(30,73)|(31,74),(31,75)|(32,74),(32,75)|(33,72),(33,73)|(34,71),(34,72)|(37,35),(37,36)|(37,37),(37,38)|(37,39),(37,40)|(37,41),(37,42)|(37,43),(37,44)|(37,45),(37,46)|(37,47),(37,48)|(39,35),(39,36)|(39,37),(39,38)|(39,39),(39,40)|(39,41),(39,42)|(39,43),(39,44)|(39,45),(39,46)|(39,47),(39,48)|(39,58),(39,59)|(40,57),(40,58)|(42,57),(42,58)|(44,0),(44,1)|(44,2),(44,3)|(44,4),(44,5)|(44,6),(44,18)|(44,58),(44,59)|(46,1),(46,2)|(46,3),(46,4)|(46,5),(46,6)|(47,19),(47,20)|(47,21),(47,22)|(47,23),(47,24)|(47,25),(47,26)|(47,51),(47,52)|(47,53),(47,54)|(47,55),(47,56)|(47,57),(47,58)|(49,18),(49,19)|(49,20),(49,21)|(49,22),(49,23)|(49,24),(49,25)|(49,26),(49,27)|(49,50),(49,51)|(49,52),(49,53)|(49,54),(49,55)|(49,56),(49,57)|(49,58),(49,59)|
(10,10),(44,0)|(8,8),(10,1)|(44,44),(46,1)|(8,8),(10,2)|(44,44),(46,2)|(8,8),(10,3)|(44,44),(46,3)|(8,8),(10,4)|(44,44),(46,4)|(8,8),(10,5)|(44,44),(46,5)|(8,8),(10,6)|(44,44),(46,6)|(5,5),(10,18)|(44,44),(49,18)|(5,5),(7,19)|(47,47),(49,19)|(5,5),(7,20)|(47,47),(49,20)|(5,5),(7,21)|(47,47),(49,21)|(5,5),(7,22)|(47,47),(49,22)|(5,5),(7,23)|(47,47),(49,23)|(5,5),(7,24)|(47,47),(49,24)|(5,5),(7,25)|(47,47),(49,25)|(5,5),(7,26)|(47,47),(49,26)|(5,5),(49,27)|(15,15),(17,35)|(37,37),(39,35)|(15,15),(17,36)|(37,37),(39,36)|(15,15),(17,37)|(37,37),(39,37)|(15,15),(17,38)|(37,37),(39,38)|(15,15),(17,39)|(37,37),(39,39)|(15,15),(17,40)|(37,37),(39,40)|(15,15),(17,41)|(37,37),(39,41)|(15,15),(17,42)|(37,37),(39,42)|(15,15),(17,43)|(37,37),(39,43)|(15,15),(17,44)|(37,37),(39,44)|(15,15),(17,45)|(37,37),(39,45)|(15,15),(17,46)|(37,37),(39,46)|(15,15),(17,47)|(37,37),(39,47)|(15,15),(17,48)|(37,37),(39,48)|(5,5),(17,50)|(37,37),(49,50)|(5,5),(7,51)|(47,47),(49,51)|(5,5),(7,52)|(47,47),(49,52)|(5,5),(7,53)|(47,47),(49,53)|(5,5),(7,54)|(47,47),(49,54)|(5,5),(7,55)|(47,47),(49,55)|(5,5),(7,56)|(47,47),(49,56)|(5,5),(7,57)|(40,40),(42,57)|(47,47),(49,57)|(5,5),(7,58)|(39,39),(40,58)|(42,42),(44,58)|(47,47),(49,58)|(5,5),(39,59)|(44,44),(49,59)|(21,21),(22,71)|(34,34),(35,71)|(20,20),(21,72)|(22,22),(25,72)|(27,27),(30,72)|(33,33),(34,72)|(19,19),(20,73)|(25,25),(27,73)|(30,30),(33,73)|(25,25),(26,74)|(31,31),(32,74)|(25,25),(26,75)|(31,31),(32,75)|
(15,27),(17,29)|(17,59),(19,61)|
(35,61),(37,59)|(37,29),(39,27)|
(20.5,26),(20.5,41)|(21.5,51),(21.5,66)|(21.5,69),(21.5,71)|(27.5,71),(27.5,72)|(29.5,54),(29.5,72)|(30.5,23),(30.5,47)|(33.5,46),(33.5,66)|(33.5,71),(33.5,72)|(34.5,28),(34.5,40)|(40.5,54),(40.5,57)|
(17,31.5),(19,62.5)|(24,31.5),(26,62.5)|(27,63.5),(29,31.5)|(35,63.5),(37,31.5)|
end file : SU_B01