Pièce : SU_B11
taille : 104x35
.........................................................................................##......##.....
.........................................................................................##......##.....
.................................................................................##......##......##....#
................................................................................#####....##.#######.####
............................................................................../#########################
...........................|.........................|......................./########=#################
...........................||........................||...................../###########################
...........................||........................||.....................############################
...........................||........................||....................#############################
...........................||........................||.....................############################
.......................####||........................||.....................############################
....................../#######/................./#######/...................############################
......................#########.................#########..................#############################
......................##########...............###########..................############################
..............|.......##=###=##.................##=###=##...................############################
..............|.......##.###.##................###.###.###....................................##########
..............|.......................|........................................................=########
..............|.......................|.......................................................##########
..............|.......................|........................................................=########
..............|.......................|.......................................................##########
..............|.......#########.......|.........#########......................................=########
.......|......|.......#########.......#.........#########........|............................##########
.......|......|......./#######/.......#........./#######/........|.............................=########
.......|......|........|.....|........#..........|.....|.........|............................##########
.......|......|........|.....|........|..........|.....|.........|.........#############################
.......|......#..............|........|..........|.....|.........|..........############################
.......|......#..............|........|..........|.....|.........|..........############################
.......|......#........|.....|........|..........|.....|.........|..........############################
.......|......#........|.....|........|.........###....|.........|........##############################
.......|......#../#################/..|..../#################/...|......################################
...../##################################################################################################
..../#####=###########################=##########################=######################################
.../####################################################################################################
...#####################################################################################################
...#####################################################################################################
(10,31),(10,32)|(11,31),(11,32)|(14,25),(14,30)|(15,25),(15,30)|(22,16),(22,20)|(24,14),(24,16)|(25,14),(25,16)|(27,10),(27,11)|(28,14),(28,16)|(29,14),(29,16)|(31,13),(31,14)|(31,16),(31,20)|(32,13),(32,14)|(38,21),(38,24)|(38,31),(38,32)|(39,21),(39,24)|(39,31),(39,32)|(47,13),(47,14)|(47,15),(47,16)|(48,13),(48,14)|(48,15),(48,20)|(48,28),(48,29)|(50,14),(50,16)|(51,14),(51,16)|(51,28),(51,29)|(54,14),(54,16)|(55,14),(55,16)|(57,13),(57,14)|(57,15),(57,20)|(58,13),(58,14)|(58,15),(58,16)|(65,31),(65,32)|(66,31),(66,32)|(72,29),(72,30)|(74,28),(74,29)|(75,8),(75,9)|(75,12),(75,13)|(75,24),(75,25)|(76,8),(76,9)|(76,12),(76,13)|(76,15),(76,25)|(80,3),(80,4)|(81,2),(81,3)|(83,2),(83,3)|(85,3),(85,4)|(86,5),(86,6)|(87,5),(87,6)|(89,0),(89,4)|(91,0),(91,4)|(92,3),(92,4)|(94,15),(94,16)|(94,17),(94,18)|(94,19),(94,20)|(94,21),(94,22)|(94,23),(94,24)|(96,16),(96,17)|(96,18),(96,19)|(96,20),(96,21)|(96,22),(96,23)|(97,0),(97,3)|(99,0),(99,4)|(100,3),(100,4)|(103,2),(103,3)|
(89,89),(91,0)|(97,97),(99,0)|(81,81),(83,2)|(103,103),(104,2)|(80,80),(81,3)|(83,83),(85,3)|(92,92),(97,3)|(100,100),(103,3)|(80,80),(85,4)|(89,89),(91,4)|(92,92),(99,4)|(86,86),(87,5)|(86,86),(87,6)|(75,75),(76,8)|(75,75),(76,9)|(23,23),(27,10)|(75,75),(76,12)|(31,31),(32,13)|(47,47),(48,13)|(57,57),(58,13)|(75,75),(76,13)|(24,24),(25,14)|(28,28),(29,14)|(31,31),(32,14)|(47,47),(48,14)|(50,50),(51,14)|(54,54),(55,14)|(57,57),(58,14)|(47,47),(48,15)|(57,57),(58,15)|(76,76),(94,15)|(22,22),(24,16)|(25,25),(28,16)|(29,29),(31,16)|(47,47),(50,16)|(51,51),(54,16)|(55,55),(58,16)|(94,94),(96,16)|(94,94),(96,17)|(94,94),(96,18)|(94,94),(96,19)|(22,22),(31,20)|(48,48),(57,20)|(94,94),(96,20)|(38,38),(39,21)|(94,94),(96,21)|(94,94),(96,22)|(94,94),(96,23)|(38,38),(39,24)|(75,75),(94,24)|(14,14),(15,25)|(75,75),(76,25)|(48,48),(51,28)|(74,74),(76,28)|(48,48),(51,29)|(72,72),(74,29)|(14,14),(15,30)|(10,10),(11,31)|(38,38),(39,31)|(65,65),(66,31)|(10,10),(11,32)|(38,38),(39,32)|(65,65),(66,32)|
(22,22),(23,23)|(30,11),(31,12)|(35,29),(36,30)|(48,22),(49,23)|(56,11),(57,12)|(61,29),(62,30)|
(3,33),(6,30)|(17,30),(18,29)|(22,12),(23,11)|(30,23),(31,22)|(43,30),(44,29)|(48,12),(49,11)|(56,23),(57,22)|(76,7),(79,4)|
(7.5,21),(7.5,30)|(14.5,14),(14.5,25)|(23.5,23),(23.5,25)|(23.5,27),(23.5,29)|(27.5,5),(27.5,11)|(28.5,6),(28.5,11)|(29.5,23),(29.5,29)|(38.5,16),(38.5,21)|(38.5,24),(38.5,30)|(49.5,23),(49.5,28)|(53.5,5),(53.5,11)|(54.5,6),(54.5,11)|(55.5,23),(55.5,29)|(65.5,21),(65.5,30)|

end file : SU_B11