Pièce : SU_B07
taille : 104x33
#..................................................................................................=####
#.........................................................................................|.......######
#...|.....................................................................................|........=####
##..|.....................................................................................|.......######
###.|.....................................................................................|........=####
#######...................................................................................|.......######
#####=....................................................................................|..###########
#######.......................................................|...........................|........=####
#######.......................................................|...........................|.############
#####=.........................|..............................|...........................|.......######
#######........................|..............................|...........................|.......######
#############..................|..............................|...........................|.......######
###########=............|......|..............................|..........|................|.......######
#############...........|......|..........|.......####........|..........|................|........=####
#############...........|......|..........|.......####........|...####...|................|.......######
###########=............|..|...|..........|...|...####........|...####...|................#......#######
#############...........|..|...|..........|...|...####...|....|...####...|...............####...########
###################.....|..|...|.....|....|...|...####...|....|...####...|............##################
#################=......|..|...|.....|....|...|...####...|....|...####...|.............=################
###################..|..|..|...|.....|....|...|...####...|....|...####...|............##################
###################..|..|..|...|.....|....|...|...####...|....|...####...|..../##/....##################
#################=...|..|..|...#.....|....|...|..........|....#..........|....####.....=################
###################..|..|..|.#####...|....|...|..........|...###.........|..../##/....##################
##########################################H#############################################################
##########################################=#############################################################
########################################################################################################
########################################################################################################
########################################################################################################
########################################################################################################
########################################################################################################
########################################################################################################
########################################################################################################
########################################################################################################
(1,0),(1,3)|(2,3),(2,4)|(3,4),(3,5)|(5,6),(5,7)|(5,9),(5,10)|(7,5),(7,6)|(7,7),(7,9)|(7,10),(7,11)|(11,12),(11,13)|(11,15),(11,16)|(13,11),(13,12)|(13,13),(13,15)|(13,16),(13,17)|(17,18),(17,19)|(17,21),(17,22)|(19,17),(19,18)|(19,19),(19,21)|(19,22),(19,23)|(29,22),(29,23)|(31,21),(31,22)|(32,21),(32,22)|(34,22),(34,23)|(42,23),(42,25)|(43,23),(43,25)|(50,13),(50,21)|(54,13),(54,21)|(61,22),(61,23)|(62,21),(62,22)|(63,21),(63,22)|(64,22),(64,23)|(66,14),(66,21)|(70,14),(70,21)|(86,17),(86,18)|(86,19),(86,21)|(86,22),(86,23)|(88,18),(88,19)|(88,21),(88,22)|(89,16),(89,17)|(90,15),(90,16)|(91,15),(91,16)|(92,8),(92,9)|(93,6),(93,7)|(93,16),(93,17)|(96,16),(96,17)|(97,15),(97,16)|(98,1),(98,2)|(98,3),(98,4)|(98,5),(98,6)|(98,9),(98,13)|(98,14),(98,15)|(100,0),(100,1)|(100,2),(100,3)|(100,4),(100,5)|(100,7),(100,8)|(100,13),(100,14)|
(1,1),(100,0)|(98,98),(100,1)|(98,98),(100,2)|(1,1),(2,3)|(98,98),(100,3)|(2,2),(3,4)|(98,98),(100,4)|(3,3),(7,5)|(98,98),(100,5)|(5,5),(7,6)|(93,93),(98,6)|(5,5),(7,7)|(93,93),(100,7)|(92,92),(100,8)|(5,5),(7,9)|(92,92),(98,9)|(5,5),(7,10)|(7,7),(13,11)|(11,11),(13,12)|(11,11),(13,13)|(50,50),(54,13)|(98,98),(100,13)|(66,66),(70,14)|(98,98),(100,14)|(11,11),(13,15)|(90,90),(91,15)|(97,97),(98,15)|(11,11),(13,16)|(89,89),(90,16)|(91,91),(93,16)|(96,96),(97,16)|(13,13),(19,17)|(86,86),(89,17)|(93,93),(96,17)|(17,17),(19,18)|(86,86),(88,18)|(17,17),(19,19)|(86,86),(88,19)|(17,17),(19,21)|(31,31),(32,21)|(50,50),(54,21)|(62,62),(63,21)|(66,66),(70,21)|(86,86),(88,21)|(17,17),(19,22)|(29,29),(31,22)|(32,32),(34,22)|(61,61),(62,22)|(63,63),(64,22)|(86,86),(88,22)|(19,19),(29,23)|(34,34),(42,23)|(43,43),(61,23)|(64,64),(86,23)|(42,42),(43,25)|
(81,20),(82,21)|
(78,21),(79,20)|
(4.5,2),(4.5,5)|(21.5,19),(21.5,23)|(24.5,12),(24.5,23)|(27.5,15),(27.5,23)|(31.5,9),(31.5,21)|(37.5,17),(37.5,23)|(42.5,13),(42.5,23)|(46.5,15),(46.5,23)|(57.5,16),(57.5,23)|(62.5,7),(62.5,21)|(73.5,12),(73.5,23)|(90.5,1),(90.5,15)|

end file : SU_B07