Pièce : SU_B14
taille : 105x35
#########################################################################################################
#########################################################################################################
#########################################################################################################
#########################################################################################################
#########################################################################################################
#########################################################################################################
#########################################################################################################
#########################################################################################################
#########################################################################################################
#########################################################################################################
#########################################################################################################
#########################################################################################################
#########################################################################################################
#####....#...........................###.........................................................########
###=.....###############################..........................................................=######
#####............................................................................................########
###=..............................................................................................=######
#####............................................................................................########
###=..............................................................................................=######
#####............................................................................................########
###=.........###.............................######################...............................=######
#####......######.##.........................#................#######...................####.....########
######################/................/#################################################################
#########################################################################################################
#########################################################################################################
#########################################################################################################
#########################################################################################################
#########################################################################################################
#########################################################################################################
#########################################################################################################
#########################################################################################################
#########################################################################################################
#########################################################################################################
#########################################################################################################
#########################################################################################################
(3,14),(3,15)|(3,16),(3,17)|(3,18),(3,19)|(3,20),(3,21)|(5,13),(5,14)|(5,15),(5,16)|(5,17),(5,18)|(5,19),(5,20)|(5,21),(5,22)|(9,13),(9,15)|(10,13),(10,14)|(11,21),(11,22)|(13,20),(13,21)|(16,20),(16,21)|(17,21),(17,22)|(18,21),(18,22)|(20,21),(20,22)|(37,13),(37,14)|(40,13),(40,15)|(45,20),(45,22)|(46,21),(46,22)|(62,21),(62,22)|(67,20),(67,21)|(69,21),(69,22)|(88,21),(88,22)|(92,21),(92,22)|(97,13),(97,14)|(97,15),(97,16)|(97,17),(97,18)|(97,19),(97,20)|(97,21),(97,22)|(99,14),(99,15)|(99,16),(99,17)|(99,18),(99,19)|(99,20),(99,21)|
(5,5),(9,13)|(10,10),(37,13)|(40,40),(97,13)|(3,3),(5,14)|(10,10),(37,14)|(97,97),(99,14)|(3,3),(5,15)|(9,9),(40,15)|(97,97),(99,15)|(3,3),(5,16)|(97,97),(99,16)|(3,3),(5,17)|(97,97),(99,17)|(3,3),(5,18)|(97,97),(99,18)|(3,3),(5,19)|(97,97),(99,19)|(3,3),(5,20)|(13,13),(16,20)|(45,45),(67,20)|(97,97),(99,20)|(3,3),(5,21)|(11,11),(13,21)|(16,16),(17,21)|(18,18),(20,21)|(46,46),(62,21)|(67,67),(69,21)|(88,88),(92,21)|(97,97),(99,21)|(5,5),(11,22)|(17,17),(18,22)|(20,20),(45,22)|(46,46),(62,22)|(69,69),(88,22)|(92,92),(97,22)|
(22,22),(23,23)|
(39,23),(40,22)|


end file : SU_B14