Pièce : SU_B05
taille : 54x78
/..............................................#######
#..............................................#######
#..............................................#######
#/.............................................#######
###/...........................................#######
####...........................................#######
####.........................................../######
####............................................######
####/............................................#####
#####.........................|...|.............######
#####.........................||.||..............#####
#####.........................+###+..........|..######
####/........................-+###+-.........|...#####
####..........................+###+..........|..######
####..........................||.||..........|./######
####/.........................|...|..........|.#######
#####.........................|...|..........|########
#####.........................|...|.........##########
######.......................#########################
#####################........#########################
#####################........#########################
#####################........#########################
#####################........#########################
#####################........#########################
#####################........#########################
#####################........#########################
#####################........#########################
#####################........#########################
#####################........#########################
#####################........#########################
#####################........#########################
#####################........#########################
#####################........#########################
#####################........#########################
#####################........#########################
#####################........#########################
#####################........#########################
#####################........#########################
#####################........#########################
#####################........#########################
#####################........#########################
#####################........#########################
#####################.........########################
#####################.........########################
#####################.........########################
#####################.........########################
#####################.........########################
#####################........#########################
#####################........#########################
#####################........#########################
#####################........#########################
####################.........#########################
####################.........#########################
####################.........#########################
####################.........#########################
####################.........#########################
####################..........########################
###################...........########################
###################...........########################
###################............#######################
###################................###################
###################.................##################
###################............#######################
####################..........########################
####################..........########################
######################......##########################
######################################################
######################################################
######################################################
######################################################
######################################################
######################################################
######################################################
######################################################
######################################################
######################################################
######################################################
######################################################
(6,18),(6,19)|(19,57),(19,63)|(20,51),(20,57)|(20,63),(20,65)|(21,19),(21,51)|(22,65),(22,66)|(28,65),(28,66)|(29,18),(29,42)|(29,47),(29,56)|(30,42),(30,47)|(30,56),(30,59)|(30,63),(30,65)|(31,11),(31,14)|(31,59),(31,60)|(31,62),(31,63)|(34,11),(34,14)|(35,60),(35,61)|(36,61),(36,62)|(44,17),(44,18)|(46,16),(46,17)|(47,0),(47,16)|(48,8),(48,9)|(48,10),(48,11)|(48,12),(48,13)|(49,8),(49,9)|(49,10),(49,11)|(49,12),(49,13)|
(48,48),(49,8)|(48,48),(49,9)|(48,48),(49,10)|(31,31),(34,11)|(48,48),(49,11)|(48,48),(49,12)|(48,48),(49,13)|(31,31),(34,14)|(46,46),(47,16)|(44,44),(46,17)|(5,5),(6,18)|(29,29),(44,18)|(6,6),(21,19)|(29,29),(30,42)|(29,29),(30,47)|(20,20),(21,51)|(29,29),(30,56)|(19,19),(20,57)|(30,30),(31,59)|(31,31),(35,60)|(35,35),(36,61)|(31,31),(36,62)|(19,19),(20,63)|(30,30),(31,63)|(20,20),(22,65)|(28,28),(30,65)|(22,22),(28,66)|
(1,3),(2,4)|(3,4),(4,5)|(4,8),(5,9)|(4,15),(5,16)|(47,6),(48,7)|
(4,13),(5,12)|(47,15),(48,14)|
(30.5,9),(30.5,18)|(31.5,10),(31.5,11)|(31.5,14),(31.5,15)|(33.5,10),(33.5,11)|(33.5,14),(33.5,15)|(34.5,9),(34.5,18)|(45.5,11),(45.5,17)|
(29,12.5),(36,12.5)|
end file : SU_B05