GATE_SB_SL: 276,91,48,35
GATE_SH_SL: 1011,2487,48,35
GATE_GW_SL: 19,1346,48,35
GATE_UW_SL: 45,833,48,35
GATE_SL_VS: 417,1110,48,35
LM_S02: 1034,2457,48,35
LM_A08: 46,1309,54,35
LM_S07: 10,1309,48,35
LM_C12: 100,1307,152,35
LM_B02: 940,2402,113,37
LM_C11: 1063,2397,54,120
LM_A02: 886,2402,48,35
LM_C01: 827,2357,48,121
LM_A13: 843,1231,48,35
LM_B01: 758,2386,48,121
LM_F01: 253,1265,210,78
LM_C02: 417,215,180,35
LM_C10: 512,2226,54,121
LM_A10: 617,2237,48,35
LM_F02: 606,171,162,78
LM_S05: 666,204,48,35
LM_D06: 522,2400,213,35
LM_D04: 774,163,104,78
LM_A12: 810,1230,48,35
LM_C08: 417,1135,48,121
LM_C05: 470,1145,162,35
LM_S09: 621,1145,48,35
LM_C04: 661,1138,54,121
LM_TUNNELA: 465,1107,248,35
LM_D01: 672,1263,104,78
LM_D02: 730,1103,54,154
LM_D03: 790,1108,105,78
LM_A07: 873,1167,48,35
LM_A04: 831,1191,48,35
LM_S03: 811,2310,48,35
LM_E01: 918,1103,48,207
LM_B04: 920,248,48,161
LM_C03: 911,129,66,121
LM_A11: 877,1220,48,35
LM_A05: 969,1155,48,35
LM_E02: 1018,1152,258,35
LM_A03: 731,57,48,35
LM_C06: 565,56,162,35
LM_S04: 633,80,48,35
LM_A06: 514,55,48,35
LM_D05: 308,55,204,35
LM_S15: 1436,2103,48,35
LM_MIRRORSIDE: 1035,1205,48,72
LM_EXTRASIDE: 1061,1238,48,28
LM_SIDESWAMP: 1061,212,148,35
LM_TOWERSIDE: 1198,1227,48,114
LM_S11: 1244,1266,48,35
LM_H03: 1230,201,198,72
LM_LEGENTRANCE: 1440,235,101,78
LM_WALL03: 1185,831,120,35
LM_WALL02: 1257,878,48,187
LM_WALL05: 1297,1036,146,45
LM_BRIDGEEND: 76,857,201,47
LM_BRIDGE01: 278,869,106,35
LM_EDGE01: 197,823,48,35
LM_BRIDGE02: 401,822,201,35
LM_BRIDGE03: 935,821,249,35
LM_S13: 157,818,48,35
LM_EDGE02: 245,732,101,125
LM_TOWER01: 844,416,48,112
LM_TOWER02: 643,471,149,35
LM_TOWER03: 688,1606,48,152
LM_TOWER04: 692,638,48,72
LM_TOWER05: 845,543,48,114
LM_TOWER06: 728,1667,48,35
LM_TOWER07: 765,1665,48,114
LM_TOWER08: 740,610,104,35
LM_TOWER09: 757,691,70,74
LM_S06: 771,1783,48,35
LM_TOWER10: 865,690,54,112
LM_TOWER11: 908,613,48,72
LM_TOWER12: 864,821,62,35
LM_TOWER13: 621,651,62,148
LM_TOWER14: 621,822,62,35
LM_BRIDGE04: 701,822,149,35
LM_ECNIUS01: 679,2268,101,72
LM_ECNIUS02: 921,2274,48,35
LM_ECNIUS03: 803,2271,101,35
