Pièce : DS_A02
taille : 54x35
######################################################
######################################################
######################################################
######################################################
######################################################
######################################################
#######/................/#########=.........=#########
#####=....................=###########################
######################################################
#############################=####/........./#########
#######..#................./#|#/...............#######
#####=...|...................|..................=#####
#######..|...................|.................#######
#####=...|...................|..................=#####
#######..|.....................................#######
####.....|........................................####
####.##..|...............##.....##........##...##.####
####.##..#...............##.....##........##...##.####
####.######################.....#################.####
####.######################.....#################.####
####.######################.....#################.####
####.######################.....#################.####
####.##......|..........|##.....##|....|.......##.####
####.........|..........|.........|....|..........####
#######......|..........|.........|....|.......#######
#######||....|..........|....|....|....|.....||#######
#####=.......#||||||||||#....|....#||||#........=#####
#######/.....................|................/#######
########/....................|.............../########
#########/...................|............../#########
##########/..................|....######.../##########
###########/.|...............|....|....|../###########
############/|../###......./#H#/..|..##/./############
#############################=########################
######################################################
(4,15),(4,24)|(5,7),(5,8)|(5,11),(5,12)|(5,13),(5,14)|(5,16),(5,23)|(5,26),(5,27)|(7,10),(7,11)|(7,12),(7,13)|(7,14),(7,15)|(7,16),(7,18)|(7,22),(7,23)|(7,24),(9,10)|(9,18),(10,10)|(10,18),(13,27)|(20,32),(20,33)|(25,16),(25,18)|(25,27),(27,7)|(27,8),(27,16)|(27,23),(29,9)|(29,34),(30,9)|(30,34),(32,16)|(32,23),(34,6)|(34,7),(34,16)|(34,18),(34,27)|(34,30),(37,32)|(37,33),(40,27)|(40,30),(42,16)|(42,18),(44,16)|(44,18),(45,6)|(45,7),(47,10)|(47,11),(47,12)|(47,13),(47,14)|(47,15),(47,16)|(47,18),(47,22)|(47,23),(47,24)|(49,11),(49,12)|(49,13),(49,14)|(49,16),(49,23)|(49,26),(49,27)|(50,15),(50,24)|
(34,6),(45,6)|(5,7),(27,7)|(34,7),(45,7)|(5,8),(27,8)|(29,9),(30,9)|(7,10),(9,10)|(10,10),(47,10)|(5,11),(7,11)|(47,11),(49,11)|(5,12),(7,12)|(47,12),(49,12)|(5,13),(7,13)|(47,13),(49,13)|(5,14),(7,14)|(47,14),(49,14)|(4,15),(7,15)|(47,15),(50,15)|(5,16),(7,16)|(25,16),(27,16)|(32,16),(34,16)|(42,16),(44,16)|(47,16),(49,16)|(7,18),(9,18)|(10,18),(25,18)|(34,18),(42,18)|(44,18),(47,18)|(7,22),(47,22)|(5,23),(7,23)|(27,23),(32,23)|(47,23),(49,23)|(4,24),(7,24)|(47,24),(50,24)|(5,26),(49,26)|(5,27),(13,27)|(25,27),(34,27)|(40,27),(49,27)|(34,30),(40,30)|(20,32),(37,32)|(20,33),(37,33)|(29,34),(30,34)|
(7,27),(13,33)|(24,6),(25,7)|(27,10),(28,11)|(31,32),(32,33)|(39,32),(40,33)|(44,9),(45,10)|
(7,7),(8,6)|(16,33),(17,32)|(27,33),(28,32)|(31,11),(32,10)|(34,10),(35,9)|(41,33),(47,27)|
