Pièce : DS_A01
taille : 54x35
######################################################
######################################################
################################################=#####
################################################.#####
###################################..|....|......#####
###################################.##################
#######..................##.#..#..#..|....|..=########
###########################.#--#..####################
###########################.#..#.....|....|.....######
#####..................#....#..#.....|....|......=####
###########.................|..|.....|....|..#########
####........................+--+.....|....|.......####
####.######.................|..|.....|....|..####.####
####.#.........................|.....|....|.....#.####
####.#.........................|.....#||||#.....#.####
####.#........................-+................#.####
####.#.........................|................#.####
####.#.........................|................#.####
####.####...........####.......|.............####.####
####.#.#............####....+--+..............#.#.####
####.#.#....####....####....|..|......####....#.#.####
####.#.#....####............|..|......####....#.#.####
####.#.#....####............|..|......####....#.#.####
####.#.#....................+--+..............#.#.####
####.#......................|..|................#.####
####.#......................|..|................#.####
####.###..................######..............###.####
####...................##########.................####
########/..........################........../########
#########/..........=############=.....###../#########
##########/........################..######/##########
######################################################
######################################################
######################################################
######################################################
(4,11),(4,28)|(5,9),(5,10)|(5,12),(5,27)|(6,13),(6,18)|(6,19),(6,26)|(7,6),(7,7)|(7,19),(7,24)|(8,19),(8,24)|(8,26),(8,27)|(9,18),(9,19)|(11,10),(11,11)|(11,12),(11,13)|(12,20),(12,23)|(16,20),(16,23)|(19,28),(19,29)|(19,30),(19,31)|(20,18),(20,21)|(21,29),(21,30)|(23,9),(23,10)|(23,27),(23,28)|(24,9),(24,10)|(24,18),(24,21)|(25,6),(25,7)|(26,26),(26,27)|(27,6),(27,9)|(28,6),(28,10)|(29,6),(29,10)|(31,6),(31,10)|(32,6),(32,10)|(32,26),(32,27)|(33,27),(33,28)|(33,29),(33,30)|(34,6),(34,8)|(35,4),(35,7)|(35,28),(35,29)|(35,30),(35,31)|(36,5),(36,6)|(37,14),(37,15)|(37,30),(37,31)|(38,14),(38,15)|(38,20),(38,23)|(39,29),(39,30)|(42,14),(42,15)|(42,20),(42,23)|(42,29),(42,30)|(43,14),(43,15)|(45,10),(45,11)|(45,12),(45,13)|(45,18),(45,19)|(46,6),(46,7)|(46,19),(46,24)|(46,26),(46,27)|(47,19),(47,24)|(48,2),(48,4)|(48,8),(48,9)|(48,13),(48,18)|(48,19),(48,26)|(49,2),(49,5)|(49,12),(49,27)|(50,9),(50,10)|(50,11),(50,28)|
(48,48),(49,2)|(35,35),(48,4)|(36,36),(49,5)|(7,7),(25,6)|(27,27),(28,6)|(29,29),(31,6)|(32,32),(34,6)|(36,36),(46,6)|(7,7),(25,7)|(35,35),(46,7)|(34,34),(48,8)|(5,5),(23,9)|(24,24),(27,9)|(48,48),(50,9)|(5,5),(11,10)|(23,23),(24,10)|(28,28),(29,10)|(31,31),(32,10)|(45,45),(50,10)|(4,4),(11,11)|(45,45),(50,11)|(5,5),(11,12)|(45,45),(49,12)|(6,6),(11,13)|(45,45),(48,13)|(37,37),(38,14)|(42,42),(43,14)|(37,37),(38,15)|(42,42),(43,15)|(6,6),(9,18)|(20,20),(24,18)|(45,45),(48,18)|(6,6),(7,19)|(8,8),(9,19)|(45,45),(46,19)|(47,47),(48,19)|(12,12),(16,20)|(38,38),(42,20)|(20,20),(24,21)|(12,12),(16,23)|(38,38),(42,23)|(7,7),(8,24)|(46,46),(47,24)|(6,6),(8,26)|(26,26),(32,26)|(46,46),(48,26)|(5,5),(8,27)|(23,23),(26,27)|(32,32),(33,27)|(46,46),(49,27)|(4,4),(19,28)|(23,23),(33,28)|(35,35),(50,28)|(19,19),(21,29)|(33,33),(35,29)|(39,39),(42,29)|(19,19),(21,30)|(33,33),(35,30)|(37,37),(39,30)|(19,19),(35,31)|
(8,28),(11,31)|

(28.5,10),(28.5,13)|(28.5,26),(31.5,10)|(31.5,26),(37.5,4)|(37.5,5),(37.5,6)|(37.5,7),(37.5,8)|(37.5,14),(38.5,14)|(38.5,15),(39.5,14)|(39.5,15),(40.5,14)|(40.5,15),(41.5,14)|(41.5,15),(42.5,4)|(42.5,5),(42.5,6)|(42.5,7),(42.5,8)|
(29,7.5),(30,15.5)|
end file : DS_A01