Pièce : DS_A07
taille : 54x38
######################################################
###########################....#######################
###########################.##.#######################
###########################.##.#######################
#########/..................##......|......|....######
########/...................##......|......|.......###
#######/-------------------#######################.###
######/.....................######################.###
######..............................|......|....##.###
######..............................|......|....##.###
######||............................|......|....##.###
######..............................|......|.|||##.###
####=...............................|......|....##.###
######||...................................|....##.###
######......../#/...../#/...../#/...............##.###
######........###.....###.....###...../#/.......##.###
######......../#/...../#/...../#/.....###..........###
###########.........................../#/....#####.###
###########..................................#####.###
###########..................................#####.###
###########..................................#####.###
######.####.....................................##.###
###....###.....|...............|................##.###
###.##.........|...............|................##.###
###.##.........|...............|..........########.###
###.##.........|...............|..........########.###
###.##.........|...............|..........########.###
###.##.........|...............|..........########.###
###.##.........|...............|................##.###
###............|...............|...................###
######.........|...............|................######
######.........|...............|................######
#######........|.........#.....|...............#######
#########..../#H#/..##..####./#H#/..###.......########
###############=###############=######################
######################################################
######################################################
######################################################
31,1|28,2|30,2|27,4|31,4|48,4|10,4|48,5|51,5|28,7|28,6|30,6|50,6|6,8|28,8|48,8|6,12|15,14|14,15|17,15|16,14|23,14|22,15|25,15|24,14|31,14|30,15|33,15|32,14|39,15|38,16|41,16|40,15|48,16|50,16|15,17|14,16|17,16|16,17|23,17|22,16|25,16|24,17|31,17|30,16|33,16|32,17|6,17|11,17|39,18|38,17|41,17|40,18|45,17|50,17|6,21|7,21|45,21|48,21|3,22|6,22|10,22|11,22|7,23|10,23|4,23|6,23|42,24|48,24|42,28|48,28|4,29|6,29|48,29|50,29|3,30|6,30|48,30|51,30|6,32|7,32|26,32|25,32|47,32|48,32|7,33|9,33|14,33|13,34|18,34|17,33|20,33|22,33|24,33|26,33|25,33|28,33|30,33|29,34|34,34|33,33|36,33|39,33|46,33|47,33|9,34|20,34|22,34|24,34|28,34|36,34|39,34|46,34|