Pièce : DS_A09
taille : 54x38
######################################################
######################################################
##################################=###################
##################################.###..........#.####
######...##........................###..........#.####
######...##.##########################..........#.####
######...##.##########################..........#.####
####=....##.........|............|..............######
######...##.........|............|.............#######
######################################################
####.|...##.........#............#.....#####...#######
####.|...##................................###.#######
####.|...##................................|.#...#####
####.|.####................................|.###.#####
####.|...##................................|...#.#####
####.|...##................................|...#.#####
####.|...##..........................######H####.#####
####.|...##................................|...#.#####
####.|...##...........####.................|...#.#####
####.|...##|..........####.....................#.#####
####.|...##...........####.....................#.#####
####.....##...........####.....#################.#####
####.....##..........................#........##.#####
####.....##..........................#.......###.#####
####.....##......................................#####
#######..##........#########.|.#######################
#######..##.........=#######.|.###=###################
####...............########/.|./#####/......../#######
####................=######..|..#####..........#######
#####..###.....############..|..#####..........#######
###########################..|..#####..........#######
######=####################..|..#####..........#######
###########################..|..#####..........#######
########/........./########..|..#####..........#######
######=.............=######/.|./#####/......../#######
########/........./##########|########################
###########################=.|########################
######################################################
(4,7),(4,8)|(4,10),(4,25)|(4,27),(4,29)|(5,29),(5,30)|(6,4),(6,7)|(6,8),(6,9)|(6,31),(6,32)|(6,34),(6,35)|(7,13),(7,14)|(7,25),(7,27)|(7,29),(7,30)|(7,31),(7,32)|(9,4),(9,9)|(9,10),(9,13)|(9,14),(9,27)|(10,29),(10,30)|(11,4),(11,9)|(11,10),(11,27)|(12,5),(12,7)|(15,29),(15,30)|(19,25),(19,26)|(19,27),(19,28)|(20,10),(20,11)|(21,10),(21,11)|(21,26),(21,27)|(21,28),(21,29)|(21,34),(21,35)|(22,18),(22,22)|(26,18),(26,22)|(27,36),(27,37)|(29,35),(29,36)|(30,35),(30,37)|(31,21),(31,22)|(33,10),(33,11)|(34,2),(34,4)|(34,10),(34,11)|(34,26),(34,27)|(35,2),(35,5)|(35,26),(35,27)|(37,16),(37,17)|(37,22),(37,24)|(38,3),(38,7)|(38,22),(38,24)|(39,10),(39,11)|(43,11),(43,12)|(43,16),(43,17)|(44,10),(44,11)|(44,16),(44,17)|(45,12),(45,14)|(45,23),(45,24)|(46,11),(46,13)|(46,22),(46,23)|(47,8),(47,9)|(47,10),(47,12)|(47,14),(47,16)|(47,17),(47,21)|(48,3),(48,8)|(48,13),(48,24)|(49,3),(49,7)|(49,12),(49,25)|(50,3),(50,7)|
(34,34),(35,2)|(38,38),(48,3)|(49,49),(50,3)|(6,6),(9,4)|(11,11),(34,4)|(12,12),(35,5)|(4,4),(6,7)|(12,12),(38,7)|(49,49),(50,7)|(4,4),(6,8)|(47,47),(48,8)|(6,6),(9,9)|(11,11),(47,9)|(4,4),(9,10)|(11,11),(20,10)|(21,21),(33,10)|(34,34),(39,10)|(44,44),(47,10)|(20,20),(21,11)|(33,33),(34,11)|(39,39),(43,11)|(44,44),(46,11)|(43,43),(45,12)|(47,47),(49,12)|(7,7),(9,13)|(46,46),(48,13)|(7,7),(9,14)|(45,45),(47,14)|(37,37),(43,16)|(44,44),(47,16)|(37,37),(43,17)|(44,44),(47,17)|(22,22),(26,18)|(31,31),(47,21)|(22,22),(26,22)|(31,31),(37,22)|(38,38),(46,22)|(45,45),(46,23)|(37,37),(38,24)|(45,45),(48,24)|(4,4),(7,25)|(19,19),(28,25)|(31,31),(49,25)|(19,19),(21,26)|(34,34),(35,26)|(4,4),(7,27)|(9,9),(11,27)|(19,19),(21,27)|(34,34),(35,27)|(19,19),(21,28)|(4,4),(5,29)|(7,7),(10,29)|(15,15),(21,29)|(5,5),(7,30)|(10,10),(15,30)|(6,6),(7,31)|(6,6),(7,32)|(6,6),(21,34)|(6,6),(21,35)|(29,29),(30,35)|(27,27),(29,36)|(27,27),(30,37)|
(8,35),(9,36)|(18,33),(19,34)|(27,34),(28,35)|(31,27),(32,28)|(37,34),(38,35)|(46,27),(47,28)|
(8,34),(9,33)|(18,36),(19,35)|(27,28),(28,27)|(31,35),(32,34)|(37,28),(38,27)|(46,35),(47,34)|
(5.5,10),(5.5,21)|(11.5,19),(11.5,20)|(20.5,7),(20.5,9)|(29.5,25),(29.5,37)|(33.5,7),(33.5,9)|(43.5,12),(43.5,16)|(43.5,17),(43.5,19)|

end file : DS_A09