Pièce : DS_A20
taille : 48x35
################################################
################################################
################################################
################################################
################################################
################################################
################################################
################################################
################################################
############.....|........|...|.....############
##########.......|........|...|......###########
#########........|........|...|........#########
#########........|........|...|........#########
#########........|........|...|........#########
#########........##########...##################
#########..............................#########
#######=...............................#########
#########..............................#########
#########..............................#########
##########...........###/............./#########
##########.........##########/.......###########
################################...#############
################################...#############
################################...#############
################################...#############
################################...#############
################################.|.#############
################################.|.#############
################################.|.#############
################################.|.#############
#################################H##############
#################################=##############
################################################
################################################
################################################
(7,16),(7,17)|(9,11),(9,16)|(9,17),(9,19)|(10,10),(10,11)|(10,19),(10,21)|(12,9),(12,10)|(17,15),(19,20)|(19,21),(21,19)|(21,20),(27,15)|(30,15),(32,21)|(32,30),(33,32)|(34,32),(35,21)|(35,30),(36,9)|(36,10),(37,10)|(37,11),(37,20)|(37,21),(39,11)|(39,14),(39,15)|
(12,9),(36,9)|(10,10),(12,10)|(36,10),(37,10)|(9,11),(10,11)|(37,11),(39,11)|(39,14),(17,15)|(27,15),(30,15)|(39,15),(7,16)|(9,16),(7,17)|(9,17),(9,19)|(10,19),(21,19)|(19,20),(21,20)|(37,20),(10,21)|(19,21),(32,21)|(35,21),(37,21)|(32,30),(35,30)|(33,32),(34,32)|
(24,19),(25,20)|(29,20),(30,21)|
(38,20),(39,19)|
