Pièce : DS_A27
taille : 48x37
################################################
################################################
################################################
################################################
################################=###############
################################.###############
#########################.####.....#############
#########################.####.....####.########
#########################.####.....####.########
#########################.####.....####.########
#########################.####.....####.########
#########################.####.....####.########
#########################.####.....####.########
#########################.####.....####.########
#########################.####.....####.########
#########################.####.....####.########
#########################.####.....####.########
#########################.####.....####.########
##############################.....#############
##############################.....#############
##############################.....#############
##############################.....#############
#########################...............########
####......................................|...##
##=.......................................|...##
####......................................|...##
##=.......................................|...##
####......................................|...##
##=..........................###..........|...##
####......................########........|...##
##################################/.......|...##
###################################/......|...##
################################################
##########################################=#####
################################################
################################################
################################################
2,24|2,25|2,26|2,27|2,28|2,29|4,23|4,24|4,25|4,26|4,27|4,28|4,29|4,30|25,6|25,18|25,22|25,23|26,6|26,18|26,29|26,30|29,28|29,29|30,6|30,22|32,4|32,6|32,28|32,29|33,4|33,6|34,29|35,6|35,22|39,7|39,18|40,7|40,18|40,22|40,23|42,33|42,34|43,33|43,34|46,23|46,32|
(2,24),(2,25)|(2,26),(2,27)|(2,28),(2,29)|(4,23),(4,24)|(4,25),(4,26)|(4,27),(4,28)|(4,29),(4,30)|(25,6),(25,18)|(25,22),(25,23)|(26,6),(26,18)|(26,29),(26,30)|(29,28),(29,29)|(30,6),(30,22)|(32,4),(32,6)|(32,28),(32,29)|(33,4),(33,6)|(34,29),(35,6)|(35,22),(39,7)|(39,18),(40,7)|(40,18),(40,22)|(40,23),(42,33)|(42,34),(43,33)|(43,34),(46,23)|
(32,4),(33,4)|(25,6),(26,6)|(30,6),(32,6)|(33,6),(35,6)|(39,7),(40,7)|(25,18),(26,18)|(39,18),(40,18)|(25,22),(30,22)|(35,22),(40,22)|(4,23),(25,23)|(40,23),(46,23)|(2,24),(4,24)|(2,25),(4,25)|(2,26),(4,26)|(2,27),(4,27)|(2,28),(4,28)|(29,28),(32,28)|(2,29),(4,29)|(26,29),(29,29)|(32,29),(34,29)|(4,30),(26,30)|(46,32),(42,33)|(43,33),(42,34)|