Pièce : DS_A16
taille : 48x35
################################################
################################################
#####=##########################################
#####|################......####################
####.|....############......####################
#....|...................................#######
#....|.........................................#
#....|.........................................#
#####H#................./#/....................#
#....|........../#/.....###...../#/.....###....#
#....|..........###...../#/.....###.....#=#....#
#....|........../#/............./#/.....###....#
##...|................................../#/....#
###..|.........................................#
#####H###.....................................##
#####=#########......###.....................###
###########.####################################
###########.####################################
###########.####################################
###########.####################################
###########..................................###
###############...............................##
###############/...............................#
################/..............................#
#################/.............................#
##################/............................#
###################/...........................#
####################/..........................#
#####################/.........................#
######################/........................#
#######################/.....................###
########################/####............#######
################################################
##################################=#=#=#########
################################################
28,3|4,4|10,4|1,5|4,5|10,5|22,5|28,5|41,5|41,6|47,6|1,9|1,8|7,9|7,8|25,8|24,9|27,9|26,8|17,9|16,10|19,10|18,9|33,9|32,10|35,10|34,9|40,9|43,9|25,11|24,10|27,10|26,11|17,12|16,11|19,11|18,12|33,12|32,11|35,11|34,12|1,12|2,12|41,13|40,12|43,12|42,13|2,13|3,13|3,14|9,14|46,14|47,14|9,15|11,16|12,16|15,15|21,15|24,15|45,15|46,15|15,16|21,16|24,16|45,16|12,20|45,20|45,21|46,21|11,21|15,21|46,22|47,22|15,22|45,30|47,30|25,31|24,32|29,31|41,31|45,31|29,32|41,32|