Pièce : DS_A19
taille : 54x35
######################..........######################
######################..........######################
######################..........######################
######################..........####=##########=######
######################..........####|##########|######
######=####=###..|..................|..........|.#####
######|####|###..|..................|..........|.#####
#####.|....|.....|..................|..........|.#####
#####.|....|.....|..................H##########H######
#####.|....|.....|.............................|.#####
#####|H|#||H.....|....###......................|.#####
####..|..........|....###......................|.#####
####..|...............###......................|.#####
####..|................|....###......###.........#####
####..|................|....###......###.........#####
####...................|....###......###.........#####
####...................|.....|......|###.........#####
####..........######...|.....|.......###..........=###
####..........######...|.....|.....#####.........#####
####..........##..##...|.....|.....#####..........=###
######........##..##...|.....|...########........#####
#######################H.....|.....#####.....#########
######=##.....##..##...|.....|.....###################
#########...########...|.....|.....#####.....#########
#########.....##..##...|.....|..#########....#########
#########.....##.#####.|.....|..#..#####.....#########
#########.....##.###.#.|.....|..#..#####.....#########
###########...##.######H#####H##########.....#########
###########...##.#########=#############...###########
######################################################
###########=#=######.#.#######..#..######.############
#########################################=############
######################################################
######################################################
######################################################
(4,11),(4,20)|(5,7),(5,11)|(6,5),(6,7)|(6,20),(6,21)|(6,22),(6,23)|(7,5),(7,7)|(7,22),(7,23)|(8,10),(8,11)|(9,10),(9,11)|(9,22),(9,27)|(11,5),(11,7)|(11,27),(11,29)|(11,30),(11,31)|(12,5),(12,7)|(12,23),(12,24)|(12,30),(12,31)|(13,30),(13,31)|(14,17),(14,21)|(14,22),(14,23)|(14,24),(14,29)|(14,30),(14,31)|(15,5),(15,7)|(16,19),(16,21)|(16,22),(16,23)|(16,24),(16,29)|(17,25),(17,29)|(18,19),(18,21)|(18,22),(18,23)|(18,24),(18,25)|(20,17),(20,21)|(20,22),(20,25)|(20,26),(20,27)|(20,30),(20,31)|(21,26),(21,27)|(21,30),(21,31)|(22,0),(22,5)|(22,10),(22,13)|(22,25),(22,27)|(22,30),(22,31)|(23,21),(23,22)|(23,27),(23,28)|(23,30),(23,31)|(24,27),(24,28)|(25,10),(25,13)|(26,28),(26,29)|(27,28),(27,29)|(28,13),(28,16)|(29,27),(29,28)|(30,27),(30,28)|(30,30),(30,31)|(31,13),(31,16)|(32,0),(32,5)|(32,24),(32,27)|(32,30),(32,31)|(33,20),(33,21)|(33,25),(33,27)|(33,30),(33,31)|(35,18),(35,20)|(35,21),(35,24)|(35,25),(35,27)|(35,30),(35,31)|(36,3),(36,5)|(37,3),(37,5)|(37,8),(37,9)|(37,13),(37,18)|(40,13),(40,20)|(40,21),(40,22)|(40,23),(40,24)|(40,25),(40,29)|(41,20),(41,21)|(41,24),(41,25)|(41,30),(41,32)|(42,30),(42,32)|(43,28),(43,29)|(45,21),(45,22)|(45,23),(45,28)|(47,3),(47,5)|(47,8),(47,9)|(48,3),(48,5)|(48,8),(48,9)|(49,5),(49,8)|(49,9),(49,17)|(49,18),(49,19)|(49,20),(49,21)|(51,17),(51,18)|(51,19),(51,20)|
(22,22),(32,0)|(36,36),(37,3)|(47,47),(48,3)|(6,6),(7,5)|(11,11),(12,5)|(15,15),(22,5)|(32,32),(36,5)|(37,37),(47,5)|(48,48),(49,5)|(5,5),(6,7)|(7,7),(11,7)|(12,12),(15,7)|(37,37),(47,8)|(48,48),(49,8)|(37,37),(47,9)|(48,48),(49,9)|(8,8),(9,10)|(22,22),(25,10)|(4,4),(5,11)|(8,8),(9,11)|(22,22),(25,13)|(28,28),(31,13)|(37,37),(40,13)|(28,28),(31,16)|(14,14),(20,17)|(49,49),(51,17)|(35,35),(37,18)|(49,49),(51,18)|(16,16),(18,19)|(49,49),(51,19)|(4,4),(6,20)|(33,33),(35,20)|(40,40),(41,20)|(49,49),(51,20)|(6,6),(14,21)|(16,16),(18,21)|(20,20),(23,21)|(33,33),(35,21)|(40,40),(41,21)|(45,45),(49,21)|(6,6),(7,22)|(9,9),(14,22)|(16,16),(18,22)|(20,20),(23,22)|(40,40),(45,22)|(6,6),(7,23)|(12,12),(14,23)|(16,16),(18,23)|(40,40),(45,23)|(12,12),(14,24)|(16,16),(18,24)|(32,32),(35,24)|(40,40),(41,24)|(17,17),(18,25)|(20,20),(22,25)|(33,33),(35,25)|(40,40),(41,25)|(20,20),(21,26)|(9,9),(11,27)|(20,20),(21,27)|(22,22),(23,27)|(24,24),(29,27)|(30,30),(32,27)|(33,33),(35,27)|(23,23),(24,28)|(26,26),(27,28)|(29,29),(30,28)|(43,43),(45,28)|(11,11),(14,29)|(16,16),(17,29)|(26,26),(27,29)|(40,40),(43,29)|(11,11),(12,30)|(13,13),(14,30)|(20,20),(21,30)|(22,22),(23,30)|(30,30),(32,30)|(33,33),(35,30)|(41,41),(42,30)|(11,11),(12,31)|(13,13),(14,31)|(20,20),(21,31)|(22,22),(23,31)|(30,30),(32,31)|(33,33),(35,31)|(41,41),(42,32)|


(5.5,10),(5.5,11)|(6.5,6),(6.5,10)|(6.5,11),(6.5,15)|(7.5,10),(7.5,11)|(9.5,10),(9.5,11)|(10.5,10),(10.5,11)|(11.5,6),(11.5,10)|(17.5,5),(17.5,12)|(23.5,13),(23.5,21)|(23.5,22),(23.5,27)|(29.5,16),(29.5,27)|(36.5,4),(36.5,8)|(36.5,16),(36.5,17)|(47.5,4),(47.5,8)|(47.5,9),(47.5,13)|

end file : DS_A19