Pièce : DS_A08
taille : 54x37
######################################################
######################################################
#############/.....##..#....|...|........=############
############/......##..###############################
#####################.......|...|.#......./###########
#####################.......|...|.####################
##########..................|...|.........../#########
#########...................|...#............/########
######################################.......|/#######
######################################.....##H########
########.........|....#.....#...|..|.........|.#######
#######..........|....|.....|...|..|.........|.#######
#######..........|....|.....|...|..|.........|.#######
#######..........|....|.....|...|..|.........|.#######
#######..........|....|.....|......|.........|.#######
########H##...........|.....|......|.......##H########
#######.|...................|................|.#######
#######.|....................................|.#######
#######.|....................................|.#######
#######.|....................................|.#######
#####=..|....................................|.#######
#######.|....................................|.#######
###########................................##H########
########.##..................................|..######
########.##..............#......................######
########.##..............#......................######
########.##..............#-....................#######
########.................#.....................#######
############.............#........#........##.########
############/.....##.....#-.......#....../############
#############/.....#.....#........#...../####=########
##############/....#.....#........#..../##############
###############/...#.....#........#.../###############
######################################################
#################=####=#######=#####=#################
######################################################
######################################################
(5,20),(5,21)|(7,11),(7,15)|(7,16),(7,20)|(7,21),(7,22)|(8,10),(8,11)|(8,23),(8,28)|(9,7),(9,8)|(9,23),(9,27)|(10,6),(10,7)|(11,15),(11,16)|(11,22),(11,27)|(12,28),(17,34)|(17,35),(18,29)|(18,30),(18,34)|(18,35),(19,2)|(19,4),(19,30)|(19,33),(20,29)|(20,33),(21,2)|(21,6),(22,10)|(22,34),(22,35)|(23,2),(23,4)|(23,10),(23,34)|(23,35),(24,2)|(24,3),(25,24)|(25,33),(26,24)|(26,33),(28,10)|(29,10),(30,34)|(30,35),(31,34)|(31,35),(32,8)|(33,8),(34,4)|(34,6),(34,28)|(34,33),(35,4)|(35,5),(35,28)|(35,33),(36,34)|(36,35),(37,34)|(37,35),(38,8)|(38,10),(42,2)|(42,3),(43,9)|(43,10),(43,15)|(43,16),(43,22)|(43,23),(43,28)|(43,29),(45,28)|(45,29),(45,30)|(45,31),(46,28)|(46,29),(46,30)|(46,31),(47,10)|(47,15),(47,16)|(47,22),(47,26)|(47,28),(48,23)|
(19,2),(21,2)|(23,2),(24,2)|(42,2),(24,3)|(42,3),(19,4)|(23,4),(34,4)|(35,4),(35,5)|(10,6),(21,6)|(34,6),(9,7)|(10,7),(9,8)|(32,8),(33,8)|(38,8),(43,9)|(8,10),(22,10)|(23,10),(28,10)|(29,10),(38,10)|(43,10),(47,10)|(7,11),(8,11)|(7,15),(11,15)|(43,15),(47,15)|(7,16),(11,16)|(43,16),(47,16)|(5,20),(7,20)|(5,21),(7,21)|(7,22),(11,22)|(43,22),(47,22)|(8,23),(9,23)|(43,23),(48,23)|(25,24),(26,24)|(47,26),(48,26)|(9,27),(11,27)|(8,28),(12,28)|(34,28),(35,28)|(43,28),(45,28)|(46,28),(47,28)|(18,29),(20,29)|(43,29),(45,29)|(46,29),(18,30)|(19,30),(45,30)|(46,30),(45,31)|(46,31),(19,33)|(20,33),(25,33)|(26,33),(34,33)|(35,33),(17,34)|(18,34),(22,34)|(23,34),(30,34)|(31,34),(36,34)|(37,34),(17,35)|(18,35),(22,35)|(23,35),(30,35)|(31,35),(36,35)|