Pièce : DS_A15
taille : 48x35
################################################
####################..#......##....#############
########..............#......##................#
################################################
################################################
########..............#......###################
########..............##########################
########.....................###################
########.....#############...###################
######.#.....#...#########...###################
######.#.....#...#########...###################
######.#...###############....=#################
######.#...#################.###################
######.#.....#.###########.#.###################
######.#.....#.#.#########.#...............#####
###############################.............=###
######.#.....#.#.##############............#####
######.#.....#.#.###############################
##########...#.#.#########...##............#####
######.#.....#.#.###############################
######.#.....#.#.###############################
################################################
######.#.....#.#.###############################
######.#....####################################
######.#.....#.#.###############################
######.#.....#.#.###############################
######.#.....#.#.###############################
################.###############################
########=#=#####################################
################################################
################################################
################################################
################################################
################################################
################################################
23,1|22,1|29,1|31,1|35,1|8,2|20,2|35,2|47,2|8,3|23,3|22,3|29,3|31,3|47,3|8,5|23,5|22,5|29,5|23,6|22,7|29,7|29,6|6,9|7,9|14,9|13,8|17,9|26,8|29,11|11,11|14,11|13,11|17,11|11,13|14,13|13,13|15,13|26,13|26,12|27,13|28,12|29,12|16,14|17,14|29,14|43,14|43,15|6,16|6,15|8,16|8,15|7,16|7,15|14,16|14,15|13,16|13,15|16,16|16,15|15,16|15,15|17,16|17,15|26,15|28,15|27,15|31,15|43,16|26,18|29,18|31,18|31,17|43,18|43,17|6,19|6,18|8,19|8,18|7,19|7,18|10,19|10,18|26,19|29,19|31,19|43,19|6,22|6,21|8,22|8,21|7,22|7,21|14,22|14,21|13,22|13,21|16,22|16,21|15,22|15,21|17,22|17,21|12,24|12,23|14,24|14,23|13,24|13,23|16,24|16,23|15,24|15,23|17,24|17,23|6,27|8,27|7,27|14,27|13,27|15,27|16,28|17,28|