Pièce : DS_A11
taille : 54x35
######################################################
######################################################
######################################################
######################################################
##############=#########################=#############
##############|#########################|#############
########/..|..|..####....####....####...|..|./########
#######/...|..|..####....####....####...|..|../#######
######/....#..|..####....####....####...#..|.../######
######.....|..|..####....####....####...|..|....######
#######....|..|..####....####....####...|..#....######
######........|...##......##......##....|..|....######
####...............#......#.............|..|......####
####.####...............................|..|..###.####
####.###/...............................|..|../##.####
####.#.|................................|..|....#.####
####...|...................................|....#.####
######.|........................................#.####
######.|......................|.................#=####
######.|......................|.................######
######.|......................|...............########
####=..|......................|........###############
########......................|........###############
############..................|........##.......######
############..........|.......|........##.......######
######................|.......|.................######
######................|.......|.................######
######................|.......|.................######
######................|....##.|................#######
#######...............|.#######...............########
#########............#############...........#########
######################################################
#############=#######################=#####=##########
######################################################
######################################################
(4,12),(4,17)|(4,21),(4,22)|(5,13),(5,16)|(6,10),(6,11)|(6,12),(6,15)|(6,16),(6,17)|(6,21),(6,25)|(7,10),(7,11)|(7,29),(7,30)|(8,22),(8,23)|(9,13),(9,30)|(11,8),(11,9)|(12,8),(12,9)|(12,23),(12,25)|(13,32),(13,33)|(14,4),(14,6)|(14,32),(14,33)|(15,4),(15,6)|(17,6),(17,11)|(18,11),(18,12)|(19,12),(19,13)|(20,11),(20,13)|(21,6),(21,11)|(21,30),(21,31)|(24,29),(24,30)|(25,6),(25,11)|(26,11),(26,13)|(27,12),(27,13)|(27,28),(27,29)|(28,11),(28,12)|(29,6),(29,11)|(29,28),(29,29)|(31,29),(31,30)|(33,6),(33,11)|(34,11),(34,12)|(34,30),(34,31)|(36,11),(36,12)|(37,6),(37,11)|(37,32),(37,33)|(38,32),(38,33)|(39,21),(39,25)|(40,4),(40,6)|(40,8),(40,9)|(41,4),(41,6)|(41,8),(41,9)|(41,23),(41,25)|(43,10),(43,11)|(43,32),(43,33)|(44,10),(44,11)|(44,32),(44,33)|(45,30),(45,31)|(46,13),(46,20)|(46,21),(46,29)|(47,28),(47,29)|(48,12),(48,15)|(48,20),(48,23)|(49,13),(49,19)|(50,12),(50,19)|
(14,14),(15,4)|(40,40),(41,4)|(14,14),(15,6)|(17,17),(21,6)|(25,25),(29,6)|(33,33),(37,6)|(40,40),(41,6)|(11,11),(12,8)|(40,40),(41,8)|(11,11),(12,9)|(40,40),(41,9)|(6,6),(7,10)|(43,43),(44,10)|(6,6),(7,11)|(17,17),(18,11)|(20,20),(21,11)|(25,25),(26,11)|(28,28),(29,11)|(33,33),(34,11)|(36,36),(37,11)|(43,43),(44,11)|(4,4),(6,12)|(18,18),(19,12)|(27,27),(28,12)|(34,34),(36,12)|(48,48),(50,12)|(5,5),(9,13)|(19,19),(20,13)|(26,26),(27,13)|(46,46),(49,13)|(6,6),(48,15)|(5,5),(6,16)|(4,4),(6,17)|(49,49),(50,19)|(46,46),(48,20)|(4,4),(6,21)|(39,39),(46,21)|(4,4),(8,22)|(8,8),(12,23)|(41,41),(48,23)|(6,6),(12,25)|(39,39),(41,25)|(27,27),(29,28)|(47,47),(48,28)|(6,6),(7,29)|(24,24),(27,29)|(29,29),(31,29)|(46,46),(47,29)|(7,7),(9,30)|(21,21),(24,30)|(31,31),(34,30)|(45,45),(46,30)|(9,9),(21,31)|(34,34),(45,31)|(13,13),(14,32)|(37,37),(38,32)|(43,43),(44,32)|(13,13),(14,33)|(37,37),(38,33)|(43,43),(44,33)|
(45,6),(48,9)|(46,14),(47,15)|
(6,9),(9,6)|(8,15),(9,14)|
(7.5,15),(7.5,22)|(11.5,6),(11.5,8)|(11.5,9),(11.5,11)|(14.5,5),(14.5,12)|(22.5,24),(22.5,30)|(30.5,18),(30.5,29)|(40.5,5),(40.5,8)|(40.5,9),(40.5,16)|(43.5,6),(43.5,10)|(43.5,11),(43.5,17)|

end file : DS_A11