Pièce : DS_A10
taille : 48x35
################################################
################################################
##=..###########################################
####.######################################=####
####.######################################|####
####.#####################################.|.###
####.#####################################.|.###
####.#####################################.|.###
####.#####################################.|.###
####.#######........########........######.|.###
####.#######.######.########.######.######.|.###
####+#######+######+########+######+######.|.###
##/.|./#####|####/.|./####/.|./####|#####/.|./##
##..|..####.|.###..|..####..|..###.|.####..|..##
##..|..####.|.###..|..####..|..###.|.####..|..##
##.....####...###.....####.....###...####.....##
##.....####...###.....####.....###...####.....##
##.....####...###.....####.....###...####.....##
##.....####...###.....####.....###...####.....##
##.....####...###.....####.....###...####.....##
##.....####...###.....####.....###...####.....##
##.....####...###.....####.....###...####.....##
##.....####...###.....####.....###...####.....##
##.....####...###.....####.....###...####.....##
##/.../####...###.....####.....###...####/.../##
####.#######.####.....####.....####.#######.####
####.#######.####.....####.....####.#######.####
####.........####/.../####/.../####.#######.####
###################.########.######.........####
###################.########.###################
###################..........###################
################################################
################################################
################################################
################################################
(2,2),(2,3)|(4,3),(4,25)|(4,28),(5,2)|(5,25),(5,27)|(11,13),(11,25)|(12,9),(12,25)|(12,27),(13,10)|(13,25),(13,28)|(14,13),(14,25)|(19,10),(19,28)|(19,31),(20,9)|(20,28),(20,30)|(28,9),(28,28)|(28,30),(29,10)|(29,28),(29,31)|(34,13),(34,25)|(35,10),(35,25)|(35,29),(36,9)|(36,25),(36,28)|(37,13),(37,25)|(42,5),(43,3)|(43,25),(43,28)|(44,3),(44,25)|(44,29),(45,5)|
(2,2),(5,2)|(2,3),(4,3)|(43,3),(44,3)|(42,5),(45,5)|(12,9),(20,9)|(28,9),(36,9)|(13,10),(19,10)|(29,10),(35,10)|(11,13),(14,13)|(34,13),(37,13)|(4,25),(5,25)|(11,25),(12,25)|(13,25),(14,25)|(34,25),(35,25)|(36,25),(37,25)|(43,25),(44,25)|(5,27),(12,27)|(4,28),(13,28)|(19,28),(20,28)|(28,28),(29,28)|(36,28),(43,28)|(35,29),(44,29)|(20,30),(28,30)|(19,31),(29,31)|(2,24),(3,25)|(6,12),(7,13)|(17,27),(18,28)|(21,12),(22,13)|(26,27),(27,28)|(30,12),(31,13)|(41,24),(42,25)|(45,12),(46,13)|(2,13),(3,12)|(6,25),(7,24)|(17,13),(18,12)|(21,28),(22,27)|(26,13),(27,12)|(30,28),(31,27)|(41,13),(42,12)|(45,25),(46,24)|