Pièce : DS_B04
taille : 110x35
##############################################################################################################
##############################################################################################################
##############################################################################################################
##############################################################################################################
###########.......##..........###........###.........###..........###...........|.....##....|.....##..########
###########.......##...........|..........|...........|............|............|...........|.........########
#########=#....................|..........|...........|............|............|...........|.........########
#########|#....................|..........|...........|....####....|....####....|...........|.........########
########.|.....................|..........|...........|....####....|....####....|...........|..........=######
########.|.....................|..........|...........|....####....|....####....|...........|.........########
########.|.....................|..........|...........|....####....|....####....|....####...|....####..#######
########.|.....................|..........|...........|............|............|...........|..........#######
########.|.....................|..........|...........|............|............|......................#######
########.|.....................|..........|...........|............|............|......................#######
########.|.....................|..........|...........|............|............|......................#######
###########.......##..........###........###.........###..........###...........|......................#######
###########################################################################.....|......................#######
###########################################################################............................#######
###########################################################################.............................=#####
###########################################################################..........####........####..#######
###########################################################################.............................=#####
############/../#######/../########/../#######/../#######/../#######/..................................#######
###########/..../#####/..../######/..../#####/..../#####/..../#####/.............................#############
###########......#####......######......#####......#####......#####..............................###.#########
###########......#####......######......#####......#####......#####..............................###.#########
###########......#####......######......#####......#####......#####..............................###.#########
###########......#####......######......#####......#####......#####..............................###.#########
###########......#####......######......#####......#####......#####..............................###.#########
###########......#####......######......#####......#####......#####..............................###.#########
###########......#####......######......#####......#####......#####..................................#########
###########......#####......######......#####......#####......#####..............................#############
###########......#####......######......#####......#####......#####..............................#############
##############################################################################################################
##############################################################################################################
##############################################################################################################
18,4|20,4|30,4|33,4|41,4|44,4|53,4|56,4|66,4|69,4|86,4|88,4|98,4|100,4|102,4|30,5|33,5|41,5|44,5|53,5|56,5|66,5|69,5|86,5|88,5|98,5|100,5|18,6|20,6|8,8|11,8|59,7|63,7|72,7|76,7|102,8|102,10|102,9|103,10|59,11|63,11|72,11|76,11|85,11|85,10|89,11|89,10|97,11|97,10|101,11|101,10|8,15|11,15|18,15|20,15|30,15|33,15|41,15|44,15|53,15|56,15|66,15|69,15|11,16|18,16|20,16|30,16|33,16|41,16|44,16|53,16|56,16|66,16|69,16|75,16|103,18|85,20|85,19|89,20|89,19|97,20|97,19|101,20|101,19|103,20|103,19|75,21|13,21|15,21|24,21|26,21|36,21|38,21|47,21|49,21|58,21|60,21|69,21|103,21|11,23|17,23|22,23|28,23|34,23|40,23|45,23|51,23|56,23|62,23|67,23|97,22|100,23|101,23|103,22|97,29|100,29|97,30|101,30|11,32|17,32|22,32|28,32|34,32|40,32|45,32|51,32|56,32|62,32|67,32|97,32|