Piece : UW_A02
59x35
-2786x1076
......................#####################################
....................../####################################
............................................###############
............................................###############
...................................................########
...................................................########
....................................................=######
...................................................########
............................|.................#############
............................|.................#############
............................|..............---#############
............................|.....####........#############
............................|.....####........#############
............................|.....####......###############
............................###..######...#################
...##############---+-+---#################################
...##############...|.|...#################################
...##############---+-+---#################################
........|.|.........|.|.........|.|.........|.|....########
........|.|.........|.|.........|.|.........|.|....########
........|.|.........|.|.........|.|.........|.|....########
........|.|.........|...........|.|.........|.|.....=######
........|.|.........|...........|.|.........|.|....########
........|.|.........|...........|.|.........|.|....########
...##############---+-+---#################################
...##############...|.|...#####=###########################
...##############---+-+---#################################
.............................####.............#############
.............................##############################
.............................##############################
.............................##############################
.............................##############################
...............................#...#..........#############
................................................#..########
...................................................########
(3,15),(3,18)|(3,24),(3,27)|(17,15),(17,18)|(17,24),(17,27)|(22,0),(22,1)|(26,15),(26,18)|(26,24),(26,27)|(28,14),(28,15)|(29,27),(29,32)|(31,14),(31,15)|(31,25),(31,26)|(31,32),(31,33)|(32,25),(32,26)|(32,32),(32,33)|(33,14),(33,15)|(33,27),(33,28)|(34,11),(34,14)|(35,32),(35,33)|(36,32),(36,33)|(38,11),(38,14)|(39,14),(39,15)|(42,14),(42,15)|(44,2),(44,4)|(44,13),(44,14)|(46,8),(46,13)|(46,27),(46,28)|(46,32),(46,33)|(48,33),(48,34)|(49,33),(49,34)|(51,4),(51,6)|(51,7),(51,8)|(51,18),(51,21)|(51,22),(51,24)|(51,33),(51,35)|(53,6),(53,7)|(53,21),(53,22)|
(23,2),(44,2)|(44,4),(51,4)|(51,6),(53,6)|(51,7),(53,7)|(46,8),(51,8)|(34,11),(38,11)|(44,13),(46,13)|(28,14),(31,14)|(33,14),(34,14)|(38,14),(39,14)|(42,14),(44,14)|(3,15),(17,15)|(26,15),(28,15)|(31,15),(33,15)|(39,15),(42,15)|(3,18),(17,18)|(26,18),(51,18)|(51,21),(53,21)|(51,22),(53,22)|(3,24),(17,24)|(26,24),(51,24)|(31,25),(32,25)|(31,26),(32,26)|(3,27),(17,27)|(26,27),(29,27)|(33,27),(46,27)|(33,28),(46,28)|(29,32),(31,32)|(32,32),(35,32)|(36,32),(46,32)|(31,33),(32,33)|(35,33),(36,33)|(46,33),(48,33)|(49,33),(51,33)|(48,34),(49,34)|
(22,1),(23,2)|
None|
(8.5,18),(8.5,24)|(10.5,18),(10.5,24)|(20.5,15),(20.5,27)|(22.5,15),(22.5,21)|(22.5,24),(22.5,27)|(28.5,8),(28.5,14)|(32.5,18),(32.5,24)|(34.5,18),(34.5,24)|(44.5,18),(44.5,24)|(46.5,18),(46.5,24)|
(43,10.5),(46,10.5)|(17,15.5),(26,15.5)|(17,17.5),(26,17.5)|(17,24.5),(26,24.5)|(17,26.5),(26,26.5)|
end file : UW_A02