Piece : GW_A12
48x35
-872x165
################################################
##################=#=#=#=#######################
##################.#.#.#.#######################
#################..........#####################
###########...................##################
##########.......................###############
########...........................#############
#######..............................###########
#######...............................##########
######.................................#########
#####...................................########
####.....................................#######
###........................................#####
###.....##..................................####
##......###.....................####........####
##.......|......................####........####
##.......|.......................|...........###
##.......|.......................|...........###
##.......|.......................|...........###
#.......###......................|...........###
#.......###......................|...........###
#........|......................#H###.......####
##.......|.....................##=####......####
##.......|.....................#######.....#####
##.....##H##..................########..|..#####
###....##=###...............##########..|..#####
###....###############################..|..#####
###....###############################..|..#####
###...################################..|..#####
###...################################..|.######
#######################################.|.######
####=###################################H#######
########################################=#######
################################################
################################################
(1,19),(1,22)|(2,14),(2,19)|(2,22),(2,25)|(3,12),(3,14)|(3,25),(3,30)|(4,11),(4,12)|(4,31),(4,32)|(5,10),(5,11)|(5,31),(5,32)|(6,9),(6,10)|(6,28),(6,30)|(7,7),(7,9)|(7,24),(7,28)|(8,6),(8,7)|(8,13),(8,15)|(8,19),(8,21)|(9,24),(9,26)|(10,5),(10,6)|(10,13),(10,14)|(10,24),(10,26)|(11,4),(11,5)|(11,14),(11,15)|(11,19),(11,21)|(12,24),(12,25)|(13,25),(13,26)|(17,3),(17,4)|(18,1),(18,3)|(19,1),(19,3)|(20,1),(20,3)|(21,1),(21,3)|(22,1),(22,3)|(23,1),(23,3)|(24,1),(24,3)|(25,1),(25,3)|(27,3),(27,4)|(28,25),(28,26)|(30,4),(30,5)|(30,24),(30,25)|(31,22),(31,24)|(32,14),(32,16)|(32,21),(32,22)|(33,5),(33,6)|(33,21),(33,23)|(34,21),(34,23)|(35,6),(35,7)|(36,14),(36,16)|(37,7),(37,8)|(37,21),(37,22)|(38,8),(38,9)|(38,22),(38,30)|(39,9),(39,10)|(39,30),(39,31)|(40,10),(40,11)|(40,31),(40,33)|(41,11),(41,12)|(41,31),(41,33)|(42,29),(42,31)|(43,12),(43,13)|(43,23),(43,29)|(44,13),(44,16)|(44,21),(44,23)|(45,16),(45,21)|
(18,1),(19,1)|(20,1),(21,1)|(22,1),(23,1)|(24,1),(25,1)|(17,3),(18,3)|(19,3),(20,3)|(21,3),(22,3)|(23,3),(24,3)|(25,3),(27,3)|(11,4),(17,4)|(27,4),(30,4)|(10,5),(11,5)|(30,5),(33,5)|(8,6),(10,6)|(33,6),(35,6)|(7,7),(8,7)|(35,7),(37,7)|(37,8),(38,8)|(6,9),(7,9)|(38,9),(39,9)|(5,10),(6,10)|(39,10),(40,10)|(4,11),(5,11)|(40,11),(41,11)|(3,12),(4,12)|(41,12),(43,12)|(8,13),(10,13)|(43,13),(44,13)|(2,14),(3,14)|(10,14),(11,14)|(32,14),(36,14)|(8,15),(11,15)|(32,16),(36,16)|(44,16),(45,16)|(1,19),(2,19)|(8,19),(11,19)|(8,21),(11,21)|(32,21),(33,21)|(34,21),(37,21)|(44,21),(45,21)|(1,22),(2,22)|(31,22),(32,22)|(37,22),(38,22)|(33,23),(34,23)|(43,23),(44,23)|(7,24),(9,24)|(10,24),(12,24)|(30,24),(31,24)|(2,25),(3,25)|(12,25),(13,25)|(28,25),(30,25)|(9,26),(10,26)|(13,26),(28,26)|(6,28),(7,28)|(42,29),(43,29)|(3,30),(6,30)|(38,30),(39,30)|(4,31),(5,31)|(39,31),(40,31)|(41,31),(42,31)|(4,32),(5,32)|(40,33),(41,33)|
None|
None|
(9.5,15),(9.5,19)|(9.5,21),(9.5,24)|(33.5,16),(33.5,21)|(40.5,24),(40.5,31)|
None|
end file : GW_A12