Pièce : DS_A21
taille : 54x35
######################################################
######################################################
##########=##=########################################
##########|##|########################################
#######...|..|.......######......######....../########
#######...|..|.......######......######......./#######
#######...+--+..................................=#####
#######......|.................................#######
######/...|..|......................................##
######....+--+........####........####......#######.##
####=.....|..|..............................#######.##
######....|....................................####.##
####=.....+-...................................####.##
######....|....................................####.##
######/...|..|......................................##
#######...|.###..........|.....................#######
###################......|...##...|......##...########
###################......|...##...|......##...########
#######=#####.....#...|..|...##...|......##...########
#######|#####+###.#...|..|...##...|......##...########
######.|.###.|.##.#...|..|...##...|......##...########
######.|.###.|.##.#...|..|...##...|......##...########
######.|.###.|.##.#...|#.|...##...|......##...########
######.|.###.|.##.#...|##|...##...|......##.|.########
######.|.###...##.#...|##....##...|......##.|.########
######.|.###...##.#..#|##.##.##...|##....##.|.########
######.|.##/.../#.#.##.##.##.##...|##....###H#########
######.|.##.....#.####.##.#####....####..###=#########
######.|.##.....#.####.##.#####..#.##=##.#############
######.|.##..|..#......##.#####.##.#####.#############
######.|.##..|..#########.########.###################
######.|.##/.|./#########.########.###################
#######H#################..........###################
#######=####=#=#######################################
######################################################
(4,10),(4,11)|(4,12),(4,13)|(6,10),(6,11)|(6,12),(6,13)|(6,20),(6,32)|(7,4),(7,8)|(7,15),(7,16)|(7,18),(7,20)|(7,32),(7,34)|(8,18),(8,20)|(8,32),(8,34)|(9,20),(9,32)|(10,2),(10,4)|(11,2),(11,4)|(12,15),(12,16)|(12,20),(12,26)|(12,33),(12,34)|(13,2),(13,4)|(13,18),(13,20)|(13,33),(13,34)|(14,2),(14,4)|(14,19),(14,20)|(14,33),(14,34)|(15,15),(15,16)|(15,20),(15,26)|(15,33),(15,34)|(17,19),(17,30)|(18,18),(18,29)|(19,16),(19,27)|(20,26),(20,27)|(21,4),(21,6)|(21,25),(21,26)|(22,9),(22,10)|(22,25),(22,29)|(23,22),(23,30)|(24,22),(24,23)|(25,23),(25,33)|(26,9),(26,10)|(26,25),(26,32)|(27,4),(27,6)|(28,25),(28,27)|(29,16),(29,27)|(31,16),(31,30)|(32,29),(32,30)|(33,4),(33,6)|(33,28),(33,29)|(34,9),(34,10)|(34,28),(34,32)|(35,25),(35,33)|(37,25),(37,27)|(37,28),(37,29)|(38,9),(38,10)|(38,28),(38,29)|(39,4),(39,6)|(39,27),(39,28)|(40,28),(40,30)|(41,16),(41,30)|(43,16),(43,26)|(44,9),(44,11)|(44,26),(44,28)|(45,26),(45,28)|(46,16),(46,26)|(47,6),(47,7)|(47,8),(47,11)|(47,14),(47,15)|(49,6),(49,7)|(51,9),(51,14)|(52,8),(52,15)|
(10,2),(11,2)|(13,2),(14,2)|(7,4),(10,4)|(11,4),(13,4)|(14,4),(21,4)|(27,4),(33,4)|(21,6),(27,6)|(33,6),(39,6)|(47,6),(49,6)|(47,7),(49,7)|(7,8),(47,8)|(22,9),(26,9)|(34,9),(38,9)|(44,9),(51,9)|(4,10),(6,10)|(22,10),(26,10)|(34,10),(38,10)|(4,11),(6,11)|(44,11),(47,11)|(4,12),(6,12)|(4,13),(6,13)|(47,14),(51,14)|(7,15),(12,15)|(15,15),(47,15)|(7,16),(12,16)|(15,16),(19,16)|(29,16),(31,16)|(41,16),(43,16)|(46,16),(47,16)|(7,18),(8,18)|(13,18),(18,18)|(14,19),(17,19)|(6,20),(7,20)|(8,20),(9,20)|(12,20),(13,20)|(14,20),(15,20)|(23,22),(24,22)|(24,23),(25,23)|(21,25),(22,25)|(26,25),(28,25)|(35,25),(37,25)|(12,26),(15,26)|(20,26),(21,26)|(43,26),(44,26)|(45,26),(46,26)|(19,27),(20,27)|(28,27),(29,27)|(37,27),(39,27)|(33,28),(34,28)|(37,28),(38,28)|(39,28),(40,28)|(44,28),(45,28)|(18,29),(22,29)|(32,29),(33,29)|(37,29),(38,29)|(17,30),(23,30)|(31,30),(32,30)|(40,30),(41,30)|(6,32),(7,32)|(8,32),(9,32)|(26,32),(34,32)|(12,33),(13,33)|(14,33),(15,33)|(25,33),(35,33)|(7,34),(8,34)|(12,34),(13,34)|(14,34),(15,34)|
(6,14),(7,15)|(11,31),(12,32)|(15,26),(16,27)|(45,4),(47,6)|
(6,9),(7,8)|(11,27),(12,26)|(15,32),(16,31)|
(7.5,19),(7.5,32)|(10.5,3),(10.5,8)|(10.5,16),(13.5,3)|(13.5,11),(13.5,14)|(13.5,15),(13.5,24)|(13.5,29),(13.5,32)|(22.5,18),(22.5,26)|(25.5,15),(25.5,24)|(34.5,16),(34.5,27)|(44.5,23),(44.5,26)|

end file : DS_A21