Pièce : DS_B06
taille : 48x78
################################################
################################################
################################################
##=......#######........######...............###
########.#######.######.######.#############.###
########.#######.######.######.#############.###
########+#######+######+######+#############.###
#######.|.#####.|.####/|.####.|/############.###
#######.|.#####.|.####.|.####.|.#####........###
#######.|.#####.|.####.|.####.|.#####.##########
#######.|.#####.|.####....##..|.#####.##########
#######.|.#####.|.####..........#####....#######
#######.|.#####.|.####..........########.#######
#######.|.#####.|.####..........########.#######
#######.|.#####.|.####..........########.#######
#######.|.#####.|.####..........########.#######
#######.|.#####.|.####..........########+#######
######/.|./###/.|./###..........######/.|./#####
######..|..###..|..###..........######..|..#####
######..|..###..|..###..........######..|..#####
######..|..###.....###..........######..|..#####
######.....###.....###..........######..|..#####
######.....###.....###..........######.....#####
######.....###.....###..........######.....#####
######.....###..|..###..........######.....#####
######..|..###..|..###..........######.....#####
######..|..###..|..###..........######..|..#####
######/.|./###/.|./###..........######/.|./#####
#######.|.#####.|.####..........########H#######
#######.|.#####.|.####..........########.#######
#######.|.#####.|.####..........########.#######
#######.|.#####.|.####..........########.#######
#######.|.#####.|.####..........########.#######
########H#######H#####..........########.#######
########.#######.#####..........########.#######
########.#######.#####..........########.#######
########......##.#####..........########.#######
#############.##.#####..........########.#######
#############.##.#####..........########.#######
#############.##.#####..........########.#######
#############.##.#####..........########.#######
#############.##.#####..........########.....=##
#############.##.#####..........################
########......##.#####..........################
########.#######.#####..........################
########+#######+#####..........################
#######.|.#####.|.####..........###/..|...../###
#######.|.#####.|.####..........###...|......###
#######.|.#####.|.####..........###...|......###
#######.|.#####.|.####..........###...|......###
#######.|.#####.|.####..........###...|......###
######/.|./###/.|./###..........###...|......###
######.....###.....###..........###..........###
######.....###.....###..........###..........###
######.....###.....###..........###..........###
######.....###.....###..........###..........###
######.....###.....###..........###..........###
######.....###.....###..........###..........###
######.....###.....###..........###..........###
######..|..###..|..###..........###..........###
######..|..###..|..###..........###..........###
######..|..###..|..###...|..|...###..........###
######/.|./###/.|./###...|..|...###..........###
#######.|.#####.|.####...|..|...###..........###
#######.|.#####.|.####...|..|...###...|..|...###
#######.|.#####.|.####...|..|...###...|..|...###
########|#######|#####...|..|...###...|..|...###
################=#####...|..|...###...|..|...###
######################/..|..|../###...|..|...###
#########################|##|######...|..|...###
#####/......#..../##########=######...|..|...###
####/.......#.....#################/..|..|../###
####..............####################|##|######
####..............####################=#########
##=................=############################
####/.......#..../##############################
################################################
################################################
(2,3),(2,4)|(2,74),(2,75)|(4,74),(4,75)|(7,7),(7,17)|(7,28),(7,33)|(7,46),(7,51)|(7,63),(7,66)|(8,4),(8,7)|(8,33),(8,37)|(8,43),(8,46)|(8,66),(8,67)|(9,3),(9,7)|(9,33),(9,36)|(9,44),(9,46)|(9,66),(9,67)|(10,7),(10,17)|(10,28),(10,33)|(10,46),(10,51)|(10,63),(10,66)|(12,70),(12,72)|(12,75),(12,76)|(13,37),(13,43)|(13,70),(13,72)|(13,75),(13,76)|(14,36),(14,44)|(15,7),(15,17)|(15,28),(15,33)|(15,46),(15,51)|(15,63),(15,66)|(16,3),(16,7)|(16,33),(16,46)|(16,66),(16,68)|(17,4),(17,7)|(17,33),(17,46)|(17,66),(17,68)|(18,7),(18,17)|(18,28),(18,33)|(18,46),(18,51)|(18,63),(18,66)|(18,74),(18,75)|(20,74),(20,75)|(23,4),(23,7)|(24,3),(24,7)|(25,7),(25,10)|(25,69),(25,70)|(26,10),(26,11)|(26,69),(26,70)|(28,10),(28,11)|(28,69),(28,71)|(29,7),(29,10)|(29,69),(29,71)|(30,3),(30,7)|(31,4),(31,7)|(37,8),(37,12)|(38,9),(38,11)|(38,72),(38,74)|(39,72),(39,74)|(40,12),(40,17)|(40,28),(40,42)|(41,11),(41,17)|(41,28),(41,41)|(41,72),(41,73)|(42,72),(42,73)|(44,4),(44,8)|(45,3),(45,9)|(46,41),(46,42)|
(2,3),(9,3)|(16,3),(24,3)|(30,3),(45,3)|(2,4),(8,4)|(17,4),(23,4)|(31,4),(44,4)|(7,7),(8,7)|(9,7),(10,7)|(15,7),(16,7)|(17,7),(18,7)|(23,7),(24,7)|(25,7),(29,7)|(30,7),(31,7)|(37,8),(44,8)|(38,9),(45,9)|(25,10),(26,10)|(28,10),(29,10)|(26,11),(28,11)|(38,11),(41,11)|(37,12),(40,12)|(7,17),(10,17)|(15,17),(18,17)|(40,17),(41,17)|(7,28),(10,28)|(15,28),(18,28)|(40,28),(41,28)|(7,33),(8,33)|(9,33),(10,33)|(15,33),(16,33)|(17,33),(18,33)|(9,36),(14,36)|(8,37),(13,37)|(41,41),(46,41)|(40,42),(46,42)|(8,43),(13,43)|(9,44),(14,44)|(7,46),(8,46)|(9,46),(10,46)|(15,46),(16,46)|(17,46),(18,46)|(7,51),(10,51)|(15,51),(18,51)|(7,63),(10,63)|(15,63),(18,63)|(7,66),(8,66)|(9,66),(10,66)|(15,66),(16,66)|(17,66),(18,66)|(8,67),(9,67)|(16,68),(17,68)|(25,69),(26,69)|(28,69),(29,69)|(12,70),(13,70)|(25,70),(26,70)|(28,71),(29,71)|(12,72),(13,72)|(38,72),(39,72)|(41,72),(42,72)|(41,73),(42,73)|(2,74),(4,74)|(18,74),(20,74)|(38,74),(39,74)|(2,75),(4,75)|(12,75),(13,75)|(18,75),(20,75)|(12,76),(13,76)|
(4,75),(5,76)|(6,27),(7,28)|(6,62),(7,63)|(10,17),(11,18)|(10,51),(11,52)|(14,27),(15,28)|(14,62),(15,63)|(17,70),(18,71)|(18,17),(19,18)|(18,51),(19,52)|(22,68),(23,69)|(31,7),(32,8)|(35,71),(36,72)|(38,27),(39,28)|(42,17),(43,18)|(44,46),(45,47)|
(4,72),(6,70)|(6,18),(7,17)|(6,52),(7,51)|(10,28),(11,27)|(10,63),(11,62)|(14,18),(15,17)|(14,52),(15,51)|(17,76),(18,75)|(18,28),(19,27)|(18,63),(19,62)|(22,8),(23,7)|(31,69),(32,68)|(35,47),(36,46)|(38,18),(39,17)|(42,28),(43,27)|(44,72),(45,71)|
(8.5,21),(8.5,25)|(8.5,33),(8.5,52)|(8.5,59),(8.5,67)|(16.5,20),(16.5,24)|(16.5,33),(16.5,52)|(16.5,59),(16.5,67)|(23.5,10),(25.5,61)|(25.5,70),(28.5,61)|(28.5,70),(30.5,11)|(38.5,46),(38.5,52)|(38.5,64),(38.5,73)|(40.5,22),(40.5,26)|(40.5,28),(41.5,64)|

end file : DS_B06