Pièce : HI_A18
taille : 54x37
......................................................
.....................................................#
.....................................................#
.....................................................#
.....................................................#
.....................................................#
....................................................##
...................................................###
..................................................####
.................................................#####
................................................######
................................................######
/...............................................######
#...............................................######
#................................./#/............=####
#.................................###...........######
#........................../#/..../#/...........######
#..........................###.....|............######
#........................../#/.....|..........########
#...........................|......|.......###########
#.........|.................|......|.....#############
##........|.................|......|...###############
###.......|.................|......|..################
####......|.................|......|.#################
#####.....|.................|......###################
######....|.................|....#####################
#########.|..#########################################
#########.|.##########=#=#=###########################
#########.|.##########################################
#########.|.##########################################
#########.|.##########################################
#########.|.##########################################
##########|###########################################
######################################################
######################################################
######################################################
######################################################
(2,21),(2,22)|(3,22),(3,23)|(4,23),(4,24)|(5,24),(5,25)|(6,25),(6,26)|(9,26),(9,32)|(10,32),(10,33)|(11,32),(11,33)|(12,27),(12,32)|(13,26),(13,27)|(22,27),(22,28)|(23,27),(23,28)|(24,27),(24,28)|(25,27),(25,28)|(26,27),(26,28)|(27,27),(27,28)|(33,25),(33,26)|(35,24),(35,25)|(37,23),(37,24)|(38,22),(38,23)|(39,21),(39,22)|(41,20),(41,21)|(43,19),(43,20)|(46,18),(46,19)|(48,10),(48,14)|(48,15),(48,18)|(49,9),(49,10)|(50,8),(50,9)|(50,14),(50,15)|(51,7),(51,8)|(52,6),(52,7)|(53,1),(53,6)|
(53,1),(54,1)|(52,6),(53,6)|(51,7),(52,7)|(50,8),(51,8)|(49,9),(50,9)|(48,10),(49,10)|(48,14),(50,14)|(48,15),(50,15)|(46,18),(48,18)|(43,19),(46,19)|(41,20),(43,20)|(1,21),(2,21)|(39,21),(41,21)|(2,22),(3,22)|(38,22),(39,22)|(3,23),(4,23)|(37,23),(38,23)|(4,24),(5,24)|(35,24),(37,24)|(5,25),(6,25)|(33,25),(35,25)|(6,26),(9,26)|(13,26),(33,26)|(12,27),(13,27)|(22,27),(23,27)|(24,27),(25,27)|(26,27),(27,27)|(22,28),(23,28)|(24,28),(25,28)|(26,28),(27,28)|(9,32),(10,32)|(11,32),(12,32)|(10,33),(11,33)|
(27,18),(28,19)|(29,16),(30,17)|(34,16),(35,17)|(36,14),(37,15)|
(27,17),(28,16)|(29,19),(30,18)|(34,15),(35,14)|(36,17),(37,16)|
(10.5,20),(10.5,33)|(28.5,19),(28.5,26)|(35.5,17),(35.5,24)|

end file : HI_A18