GATE_SH_UW: 2193,234,48,35
GATE_SH_SL: 1675,797,48,35
GATE_HI_SH: 10,907,48,35
GATE_GW_SH: 238,669,48,35
SH_C11: 61,817,48,120
SH_S03: 33,871,48,35
SH_S05: 1646,760,48,35
SH_D01: 109,826,201,35
SH_A25: 299,810,48,35
SH_A13: 342,844,48,35
SH_A14: 399,845,48,35
SH_C02: 451,845,164,35
SH_B08: 626,802,48,78
SH_A11: 348,808,51,35
SH_A15: 387,774,48,35
SH_A12: 399,813,48,35
SH_B09: 570,1234,48,78
SH_A05: 516,315,54,35
SH_S04: 561,315,48,35
SH_B01: 599,315,107,35
SH_C10: 709,315,152,35
SH_A21: 865,315,48,35
SH_C03: 620,1209,162,35
SH_S10: 782,1209,48,35
SH_B15: 547,1162,48,78
SH_B16: 438,1170,104,35
SH_C07: 369,1122,54,121
SH_S01: 335,1154,48,35
SH_B17: 436,1130,104,35
SH_C09: 584,1131,152,35
SH_C01: 705,723,156,35
SH_B06: 672,582,48,78
SH_A17: 716,1100,48,35
SH_A16: 763,1132,48,35
SH_A24: 774,619,48,35
SH_S06: 776,591,48,35
SH_B07: 1154,600,48,78
SH_S07: 1070,602,48,35
SH_B13: 1069,567,104,35
SH_B11: 740,561,48,75
SH_D02: 754,531,204,35
SH_B10: 981,531,104,35
SH_A06: 862,723,48,35
SH_B02: 913,723,104,35
SH_B03: 1014,749,51,78
SH_C04: 1065,766,51,121
SH_S02: 1109,777,48,35
SH_A10: 1066,893,48,35
SH_C05: 1117,806,162,35
SH_E05: 1271,792,252,35
SH_C13: 1523,791,152,35
SH_A07: 1053,684,48,35
SH_B04: 1102,702,107,35
SH_A04: 1223,702,54,37
SH_A26: 1285,701,54,35
SH_A19: 1045,647,48,35
SH_HELPOUT: 1006,569,48,72
SH_B05: 947,678,104,35
SH_C08: 811,641,154,35
SH_A22: 984,1097,48,35
SH_C12: 997,1116,152,35
SH_A23: 1154,671,48,35
SH_A09: 1168,1180,48,35
SH_A08: 1217,1180,48,35
SH_E02: 802,69,254,35
SH_S08: 735,33,48,35
SH_B12: 1057,87,48,78
SH_S09: 1107,83,48,35
SH_D03: 2089,190,104,78
SH_LEDGE: 684,139,106,78
SH_OVERHEAD: 464,176,202,40
SH_CURVE: 394,142,98,35
SH_scavshop: 398,244,70,39
SH_HALL: 289,657,196,35
SH_KELP: 685,69,101,35
SH_S11: 354,613,48,35
SH_E03RIV: 1106,153,254,35
SH_E01RIV: 1360,144,254,35
SH_E04RIV: 1617,145,263,35
SH_H01RIV: 1879,147,204,78
