Pièce : SI_A07
taille : 48x35
................................................
................................................
................................................
................................................
................................................
................................................
................................................
................................................
.......................#........................
................................................
................................................
................................................
................................................
................................................
................................................
................................................
................................................
................................................
................................................
..........................|.....................
..........................|..|..................
................|......##.|..|..................
................#..|..###.|..#..................
................|..|..###.|..|..................
...............##..|..|.#.#..|..................
................|..#..|.#.#..#..................
................|..|..###.|..#..................
.............#####.|..#=#.|..#####..............
.............###################=#..............
.............#####################..............
.............#####################..............
.............#####################..............
.............#####################..............
..............|.#.|.##..|.#.|.##|...............
..............#...|.#..##...|...|...............
13,27|13,33|14,35|15,24|15,25|15,35|16,33|16,34|17,33|17,34|18,27|18,28|20,33|20,35|21,34|21,35|22,22|22,28|22,33|22,34|23,8|23,9|23,21|23,22|23,27|23,28|23,34|23,35|24,8|24,9|24,24|24,26|24,27|24,28|25,21|25,28|25,35|26,33|26,34|27,33|27,34|29,28|30,27|30,33|30,34|32,28|32,29|33,28|33,29|34,27|34,33|
(13,27),(13,33)|(14,35),(15,24)|(15,25),(15,35)|(16,33),(16,34)|(17,33),(17,34)|(18,27),(18,28)|(20,33),(20,35)|(21,34),(21,35)|(22,22),(22,28)|(22,33),(22,34)|(23,8),(23,9)|(23,21),(23,22)|(23,27),(23,28)|(23,34),(23,35)|(24,8),(24,9)|(24,24),(24,26)|(24,27),(24,28)|(25,21),(25,28)|(25,35),(26,33)|(26,34),(27,33)|(27,34),(29,28)|(30,27),(30,33)|(30,34),(32,28)|(32,29),(33,28)|(33,29),(34,27)|
(23,8),(24,8)|(23,9),(24,9)|(23,21),(25,21)|(22,22),(23,22)|(15,24),(24,24)|(15,25),(24,26)|(13,27),(18,27)|(23,27),(24,27)|(30,27),(34,27)|(18,28),(22,28)|(23,28),(24,28)|(25,28),(29,28)|(32,28),(33,28)|(32,29),(33,29)|(13,33),(16,33)|(17,33),(20,33)|(22,33),(26,33)|(27,33),(30,33)|(34,33),(16,34)|(17,34),(21,34)|(22,34),(23,34)|(26,34),(27,34)|(30,34),(14,35)|(15,35),(20,35)|(21,35),(23,35)|