Pièce : SI_A21
taille : 48x35
################################################
################################################
################################################
################################################
################################################
################################################
################################################
################################################
################################################
################################################
################################################
#####################................###########
################################################
#####################................###########
################################################
###############......................###########
#####.................................##########
###=..................................##########
#####.................................##########
###############.......................##########
################......................##########
#################....................###########
################################.....###########
################################################
################################################
################################################
################################################
################################################
################################################
################################################
################################################
################################################
################################################
################################################
################################################
3,17|3,18|5,16|5,17|5,18|5,19|15,15|15,16|15,19|15,20|16,20|16,21|17,21|17,22|21,11|21,12|21,13|21,14|32,22|32,23|37,11|37,12|37,13|37,14|37,15|37,16|37,21|37,23|38,16|38,21|
(3,17),(3,18)|(5,16),(5,17)|(5,18),(5,19)|(15,15),(15,16)|(15,19),(15,20)|(16,20),(16,21)|(17,21),(17,22)|(21,11),(21,12)|(21,13),(21,14)|(32,22),(32,23)|(37,11),(37,12)|(37,13),(37,14)|(37,15),(37,16)|(37,21),(37,23)|(38,16),(38,21)|
(21,11),(37,11)|(21,12),(37,12)|(21,13),(37,13)|(21,14),(37,14)|(15,15),(37,15)|(5,16),(15,16)|(37,16),(38,16)|(3,17),(5,17)|(3,18),(5,18)|(5,19),(15,19)|(15,20),(16,20)|(16,21),(17,21)|(37,21),(38,21)|(17,22),(32,22)|(32,23),(37,23)|