Pièce : SI_A27
taille : 48x35
################################################
##################=#############################
##################|#############################
#############/....|.............../#############
############/.....|................/############
###########/......|................./###########
###########.......|..................###########
###########.......|..................###########
###########.......|..................###########
###########.......|..................###########
###########.......|..................###########
###########.......|..................###########
###########.......|...................=#########
###########.......|..................###########
##################H#######.........#############
##########################.........#############
##########################.........#############
###########.......|..................###########
###########.......|..................###########
###########.......|..................###########
###########.......|..................###########
###########.......|..................###########
###########.......|..................###########
###########.......|..................###########
###########.......|..................###########
###########.......|..................###########
###########.......|..................###########
###########......###.................###########
###########......###..................=#########
############.....###.................###########
#########################/........./############
################################################
############################=#=#=###############
################################################
################################################
(11,14),(11,17)|(12,29),(12,30)|(17,27),(17,30)|(18,1),(18,3)|(18,14),(18,15)|(19,1),(19,3)|(19,14),(19,15)|(20,27),(20,30)|(26,14),(26,17)|(28,32),(28,33)|(29,32),(29,33)|(30,32),(30,33)|(31,32),(31,33)|(32,32),(32,33)|(33,32),(33,33)|(35,14),(35,17)|(37,12),(37,13)|(37,14),(37,17)|(37,28),(37,29)|(39,12),(39,13)|(39,28),(39,29)|
(18,18),(19,1)|(18,18),(19,3)|(37,37),(39,12)|(37,37),(39,13)|(11,11),(18,14)|(19,19),(26,14)|(35,35),(37,14)|(18,18),(19,15)|(11,11),(26,17)|(35,35),(37,17)|(17,17),(20,27)|(37,37),(39,28)|(11,11),(12,29)|(37,37),(39,29)|(12,12),(17,30)|(20,20),(37,30)|(28,28),(29,32)|(30,30),(31,32)|(32,32),(33,32)|(28,28),(29,33)|(30,30),(31,33)|(32,32),(33,33)|
(25,30),(26,31)|(34,3),(37,6)|
(11,6),(14,3)|(35,31),(36,30)|
(18.5,2),(18.5,14)|(18.5,17),(18.5,27)|

end file : SI_A27