Piece : SI_A17
48x35
-1006x42
################################################
################################################
################################################
################################################
################################################
################################################
################################################
################################################
################################################
################################################
################################################
################################################
################################################
################################################
###############################=################
###############################.################
#######/...........#........#.........../#######
#######............|........|............#######
######/............|........|............/######
######.............|........|.............######
######.............|........|.............######
######.............|........|.............######
######.............|........|.............######
#######H##.........|........|.........##H#######
######.|.........##H########H##.........|..=####
######.|.....|...##############.........|.######
######/|.....|...##############.........|/######
##########/..|...##############....../##########
########=####H#########################=########
############.|.#################=###############
############.|.#################################
#############H##################################
################################################
################################################
################################################
(6,17.5),(6,19)|(6,23),(6,24)|(7,17),(7,18)|(7,23),(7,24)|(8,16),(8,23)|(8,24),(8,28)|(9,28),(9,29)|(10,23),(10,24)|(12,29),(12,31)|(13,28),(13,29)|(13,31),(13,32)|(14,28),(14,29)|(14,31),(14,32)|(15,29),(15,31)|(17,24),(17,28)|(19,16),(19,17)|(19,24),(19,25)|(20,16),(20,17)|(20,24),(20,25)|(28,16),(28,17)|(28,24),(28,25)|(29,16),(29,17)|(29,24),(29,25)|(31,14),(31,16)|(31,24),(31,28)|(32,14),(32,16)|(32,29),(32,30)|(33,29),(33,30)|(38,23),(38,24)|(39,28),(39,29)|(40,16),(40,23)|(40,24),(40,28)|(41,16.5),(41,17)|(41,18),(41,23)|(41,24),(41,27)|(42,18.5),(42,19)|(42,23),(42,25)|(44,24),(44,25)|
(31,14),(32,14)|(8,16),(19,16)|(20,16),(28,16)|(29,16),(31,16)|(32,16),(40,16)|(7,17),(19,17)|(20,17),(28,17)|(29,17),(41,17)|(6,19),(42,19)|(6,23),(7,23)|(8,23),(10,23)|(38,23),(40,23)|(41,23),(42,23)|(6,24),(7,24)|(8,24),(10,24)|(17,24),(19,24)|(20,24),(28,24)|(29,24),(31,24)|(38,24),(40,24)|(41,24),(44,24)|(19,25),(20,25)|(28,25),(29,25)|(42,25),(44,25)|(6,26),(42,26)|(6.5,27),(7,27)|(10,27),(38,27)|(8,28),(9,28)|(10.5,28),(11,28)|(13,28),(14,28)|(17,28),(31,28)|(39,28),(40,28)|(8,29),(9,29)|(12,29),(13,29)|(14,29),(15,29)|(32,29),(33,29)|(39,29),(40,29)|(32,30),(33,30)|(12,31),(13,31)|(14,31),(15,31)|(13,32),(14,32)|
(6,26),(7,27)|(10,27),(11,28)|(40,16),(41,17)|(41,18),(42,19)|
(6,19),(7,18)|(7,17),(8,16)|(37,28),(38,27)|(41,27),(42,26)|
(7.5,24),(7.5,27)|(13.5,25),(13.5,28)|(13.5,29),(13.5,31)|(19.5,17),(19.5,24)|(28.5,17),(28.5,24)|(40.5,24),(40.5,27)|
None|
end file : SI_A17