Pièce : SI_A02
taille : 54x35
......................................................
......................................................
......................................................
......................................................
......................................................
......................................................
......................................................
......................................................
......................................................
......................................................
......................................................
......................................................
......................................................
.............................................|........
.............................................|........
......|......................................|........
......|.........|..........|.................|........
......|.........|..........|.................|........
......|.........|..........|.................|........
......|.........|..........|.........###.....|..##....
....##H#########H##........|.......##########H#####...
....##=#=#######=##........|.......#####=####=####....
....###############........|.......###############-...
....###############.......-+-------###############....
....###############........|.......###############-...
....###############........|.......###############....
....#############=.........|........=###########=.....
..###################......|.....###################..
....################.......|.......###############....
..../#############/........|......./#############/....
..........###.............###............###..........
..........###.............###............###..........
..........|||.............###............|||..........
...........|..............###.............|...........
..........................###.........................
(2,27),(2,28)|(4,20),(4,27)|(6,20),(6,22)|(7,20),(7,22)|(8,21),(8,22)|(9,21),(9,22)|(10,30),(10,32)|(13,30),(13,32)|(16,20),(16,22)|(17,20),(17,22)|(17,26),(17,27)|(19,20),(19,26)|(20,28),(20,29)|(21,27),(21,28)|(26,30),(26,35)|(29,30),(29,35)|(33,27),(33,28)|(35,20),(35,26)|(37,19),(37,20)|(37,26),(37,27)|(40,19),(40,20)|(40,21),(40,22)|(41,21),(41,22)|(41,30),(41,32)|(44,30),(44,32)|(45,20),(45,22)|(46,20),(46,22)|(48,19),(48,20)|(48,26),(48,27)|(50,19),(50,20)|(50,21),(50,26)|(51,20),(51,21)|(52,27),(52,28)|
(37,37),(40,19)|(48,48),(50,19)|(4,4),(6,20)|(7,7),(16,20)|(17,17),(19,20)|(35,35),(37,20)|(40,40),(45,20)|(46,46),(48,20)|(50,50),(51,20)|(8,8),(9,21)|(40,40),(41,21)|(50,50),(51,21)|(6,6),(7,22)|(8,8),(9,22)|(16,16),(17,22)|(40,40),(41,22)|(45,45),(46,22)|(17,17),(19,26)|(35,35),(37,26)|(48,48),(50,26)|(2,2),(4,27)|(17,17),(21,27)|(33,33),(37,27)|(48,48),(52,27)|(2,2),(4,28)|(20,20),(21,28)|(33,33),(35,28)|(50,50),(52,28)|(10,10),(13,30)|(26,26),(29,30)|(41,41),(44,30)|(10,10),(13,32)|(41,41),(44,32)|(26,26),(29,35)|
(4,29),(5,30)|(35,29),(36,30)|
(18,30),(19,29)|(49,30),(50,29)|
(6.5,15),(6.5,20)|(10.5,32),(10.5,33)|(11.5,32),(11.5,34)|(12.5,32),(12.5,33)|(16.5,16),(16.5,20)|(27.5,16),(27.5,30)|(41.5,32),(41.5,33)|(42.5,32),(42.5,34)|(43.5,32),(43.5,33)|(45.5,13),(45.5,20)|
(26,23.5),(35,23.5)|(50,22.5),(50,24.5)|(51,22.5),(51,24.5)|
end file : SI_A02