Piece : SI_A23
48x35
67x-267
................................................
................................................
................................................
..........................#####.................
..................|.......#=#=#...|......###....
..................|....---#####---+------###....
..................|.......#####...|......#=#....
..................|.......#####...|......#.#....
..................|...............|.............
..................|.............................
..................|.............................
..................|.............................
..................|...............|.............
..................|...............|.............
..................|...............|.............
..................|...............|.............
................#####.............|.............
..###...........#=#=#.............|.............
..###-----------#####-------------+.............
../#/...........#####.............|.............
................#####.............|.............
..................|...............|.............
..................|.............................
..................|.............................
..................|.............................
..................|.............................
..................|.............................
..................|......#####..................
..................|......#=#=#........###.......
...............---+...---#####--------###.......
..................|......#####......../#/.......
..................|......#####..................
................................................
................................................
................................................
(2,17),(2,19)|(5,17),(5,19)|(16,16),(16,21)|(17,17),(17,18)|(18,17),(18,18)|(19,17),(19,18)|(20,17),(20,18)|(21,16),(21,21)|(25,27),(25,32)|(26,3),(26,8)|(26,28),(26,29)|(27,4),(27,5)|(27,28),(27,29)|(28,4),(28,5)|(28,28),(28,29)|(29,4),(29,5)|(29,28),(29,29)|(30,4),(30,5)|(30,27),(30,32)|(31,3),(31,8)|(38,28),(38,30)|(41,4),(41,8)|(41,28),(41,30)|(42,6),(42,8)|(43,6),(43,8)|(44,4),(44,8)|
(26,3),(31,3)|(27,4),(28,4)|(29,4),(30,4)|(41,4),(44,4)|(27,5),(28,5)|(29,5),(30,5)|(42,6),(43,6)|(26,8),(31,8)|(41,8),(42,8)|(43,8),(44,8)|(16,16),(21,16)|(2,17),(5,17)|(17,17),(18,17)|(19,17),(20,17)|(17,18),(18,18)|(19,18),(20,18)|(3,20),(4,20)|(16,21),(21,21)|(25,27),(30,27)|(26,28),(27,28)|(28,28),(29,28)|(38,28),(41,28)|(26,29),(27,29)|(28,29),(29,29)|(39,31),(40,31)|(25,32),(30,32)|
(2,19),(3,20)|(38,30),(39,31)|
(4,20),(5,19)|(40,31),(41,30)|
(18.5,4),(18.5,16)|(18.5,21),(18.5,32)|(34.5,4),(34.5,9)|(34.5,12),(34.5,22)|
(23,5.5),(26,5.5)|(31,5.5),(41,5.5)|(5,18.5),(16,18.5)|(21,18.5),(35,18.5)|(15,29.5),(19,29.5)|(22,29.5),(25,29.5)|(30,29.5),(38,29.5)|
end file : SI_A23