Pièce : SI_A28
taille : 48x35
################################################
################################################
################################################
################################################
################################################
################################################
################################################
######=##################################=######
######|##################################|######
####..|..##############################..|..####
####..|..##############################..|..####
####..|..##############################..|..####
####..|..##############################..|..####
####..|..##############################..|..####
####..|..##############################..|..####
####..|..##############################..|..####
####..|..##############################..|..####
####..|..##############################..|..####
####..|..##############################..|..####
####..|..##############################..|..####
####..|..##############################..|..####
####..|..##############################..|..####
####.......#.....#.......#...............|.....#
####.....................................|..##.#
####...........................###############.#
####...........................###############.#
####........................................##.#
#####...#...........#.................#.....##.#
##############################################.#
######.#########.########################.####.#
######....................................####.#
###########################.##################.#
###########################.##################.#
###########################....................#
################################################
(4,9),(4,27)|(5,27),(5,28)|(6,7),(6,9)|(6,29),(6,31)|(7,7),(7,9)|(7,29),(7,30)|(8,27),(8,28)|(9,9),(9,22)|(9,27),(9,28)|(11,22),(11,23)|(12,22),(12,23)|(16,29),(16,30)|(17,22),(17,23)|(17,29),(17,30)|(18,22),(18,23)|(20,27),(20,28)|(21,27),(21,28)|(25,22),(25,23)|(26,22),(26,23)|(27,31),(27,34)|(28,31),(28,33)|(31,24),(31,26)|(38,27),(38,28)|(39,9),(39,22)|(39,27),(39,28)|(41,7),(41,9)|(41,29),(41,30)|(42,7),(42,9)|(42,29),(42,31)|(44,9),(44,22)|(44,23),(44,24)|(44,26),(44,28)|(46,23),(46,33)|(47,22),(47,34)|
(6,6),(7,7)|(41,41),(42,7)|(4,4),(6,9)|(7,7),(9,9)|(39,39),(41,9)|(42,42),(44,9)|(9,9),(11,22)|(12,12),(17,22)|(18,18),(25,22)|(26,26),(39,22)|(44,44),(47,22)|(11,11),(12,23)|(17,17),(18,23)|(25,25),(26,23)|(44,44),(46,23)|(31,31),(44,24)|(31,31),(44,26)|(4,4),(5,27)|(8,8),(9,27)|(20,20),(21,27)|(38,38),(39,27)|(5,5),(8,28)|(9,9),(20,28)|(21,21),(38,28)|(39,39),(44,28)|(6,6),(7,29)|(16,16),(17,29)|(41,41),(42,29)|(7,7),(16,30)|(17,17),(41,30)|(6,6),(27,31)|(28,28),(42,31)|(28,28),(46,33)|(27,27),(47,34)|


(6.5,8),(6.5,22)|(41.5,8),(41.5,24)|

end file : SI_A28