Pièce : SI_B02
taille : 104x35
........................................................................................................
.....................................................#..................................................
................................#.........................................#.............................
........................................................................................................
......................................................|.................................................
......................................................|.................................................
..............................|.......................|...................|.............................
..............................|.......................|...................|.............................
..............................|.......................|...................|.|...........................
..............................|.....................|.|...................|.|...........................
........|.....................|..|..................|.|...................|.|...........................
........|..|..................|..|..................|.|...................|.|..................|.|......
.../##########/.........../######|............../##########/........../##########/........./##########/.
...##=#########...........########..............############..........############.........#########=##.
...############...........#########.............############..........############.........############.
...############-----....--############-.....----############---.....--############---------############.
...############...........############..........############..........############.........############.
...############...........############..........############..........############.........############.
...############...........############..........############..........############.........############.
...############---......--############----------############---....---##########=----------############.
...############...........############..........############..........############.........############.
...############...........############..........############..........############.........############.
...###########............############..........###########-..........############.........############.
...###########...---------############---......-##########.....-------############-----...-############.
...############...........############..........########|.............############.........############.
...############...........############..........########|.............############.........############.
......|...|..|.............|.|....|..............|..|...|...............|...|..|.............|...|...|..
......|...|..|.............#.|....|..............|..#...##.............##...|..|.............|..##...|..
.....##...#..|...............|....#..............|..|...##..............|...|..#.............#...|...#..
.....##...#..#...............|....|..............|..|...|...............#..##..|.............|...|...#..
..........|..................#....#..............#......|...............|..##................#...##..|..
..........#..................#....#..............#......|...............|..||................#...##.....
..........|..................#....|..............|.....##...................|................|...|......
..........|..................|..........................|...................#....................|......
.............................|..........................|...................|....................|......
3,26|5,13|5,14|5,28|5,30|6,13|6,14|7,30|13,30|14,22|14,24|14,30|15,22|15,24|15,26|26,26|27,28|28,28|32,2|32,3|33,2|33,3|34,14|35,14|35,15|38,26|48,26|53,1|53,2|54,1|54,2|55,32|55,33|58,23|58,24|58,27|58,29|70,26|71,27|71,28|74,2|74,3|75,2|75,3|75,29|80,19|80,20|82,26|91,26|96,27|96,28|99,30|99,32|100,13|100,14|101,13|101,14|103,26|
(3,26),(5,13)|(5,14),(5,28)|(5,30),(6,13)|(6,14),(7,30)|(13,30),(14,22)|(14,24),(14,30)|(15,22),(15,24)|(15,26),(26,26)|(27,28),(28,28)|(32,2),(32,3)|(33,2),(33,3)|(34,14),(35,14)|(35,15),(38,26)|(48,26),(53,1)|(53,2),(54,1)|(54,2),(55,32)|(55,33),(58,23)|(58,24),(58,27)|(58,29),(70,26)|(71,27),(71,28)|(74,2),(74,3)|(75,2),(75,3)|(75,29),(80,19)|(80,20),(82,26)|(91,26),(96,27)|(96,28),(99,30)|(99,32),(100,13)|(100,14),(101,13)|(101,14),(103,26)|
(53,1),(54,1)|(32,2),(33,2)|(53,2),(54,2)|(74,2),(75,2)|(32,3),(33,3)|(74,3),(75,3)|(5,13),(6,13)|(100,13),(101,13)|(5,14),(6,14)|(34,14),(35,14)|(100,14),(101,14)|(35,15),(80,19)|(80,20),(14,22)|(15,22),(58,23)|(14,24),(15,24)|(58,24),(3,26)|(15,26),(26,26)|(38,26),(48,26)|(70,26),(82,26)|(91,26),(103,26)|(58,27),(71,27)|(96,27),(5,28)|(27,28),(28,28)|(71,28),(96,28)|(58,29),(75,29)|(5,30),(7,30)|(13,30),(14,30)|(99,30),(55,32)|(99,32),(55,33)|