Pièce : SI_B01
taille : 110x35
......................./#/.........................................................###........................
.......................###.........../#/.........................................../#/........................
......................./#/...........###................................../#/.......|.........................
........................|............/#/..................................###.......|.........................
........................|.............|.................................../#/.......|.........................
..............|.........|.............|....................................|........|.........................
..............|.........|.............|....................................|........|.........................
..............|.........|.............|....................................|........|.........................
..............|.........##............|....................................|.......##.........................
..............|......######...........|....................................|.....#######......................
..........####H###############################...............#######################################..........
..........####=########################=#=#=##...............##=#=###########################=######..........
.....-----####################################--.........----#######################################----......
..........####################################...............#######################################..........
..........####################################-------........#######################################..........
..........####################################...............#######################################..........
...-------####################################...............#######################################-------...
..........####################################......---------#######################################..........
..........####################################...............#######################################..........
..........####################################-----..........#######################################..........
.....-----####################################..........-----#######################################-----.....
..........####################################...............#######################################..........
..........####################################...............#######################################..........
.......#######################################...............###########################################......
.......#=###################################=-----------------=######################################=##......
.......#######################################...............###########################################......
........../###################################...............######################################/..........
.........../#####=####=#####=##################..............##################=##########=#######/...........
............/####|####|#####|###################............###################|##########|######/............
.................|....|.....|..###################.......####################..|.....|....|...................
.................|....|.....|..###################.......####################..|.....|....|...................
.................|....|.....|..###################.......####################..##....|....|...................
.................#....|....##..###################.......####################..##....|....#...................
.................#....#....##.................####.......####..................|....##....|...................
.................|....#.....|.................####.......####.......................##....|...................
7,23|7,26|8,24|8,25|9,24|9,25|10,10|10,23|10,26|13,29|14,12|15,12|17,27|18,27|21,9|21,10|22,27|22,35|23,1|23,2|23,27|23,35|24,0|24,3|24,9|25,0|25,3|26,1|26,2|26,8|26,9|27,9|27,10|27,32|27,34|28,27|29,27|31,29|31,33|37,2|37,3|38,1|38,4|39,1|39,4|39,11|39,12|40,2|40,3|40,11|40,12|41,11|41,12|42,11|42,12|43,11|43,12|44,11|44,12|44,24|44,25|46,10|46,27|46,33|46,35|47,27|47,28|48,28|48,29|50,29|50,35|57,29|57,35|60,28|60,29|61,10|61,28|61,33|61,35|63,11|63,12|63,24|63,25|64,11|64,12|65,11|65,12|66,11|66,12|74,3|74,4|75,2|75,5|76,2|76,5|77,3|77,4|77,29|77,33|79,27|80,27|81,9|81,10|81,31|81,33|83,0|83,1|83,8|83,9|84,2|84,33|84,35|85,2|85,9|86,0|86,1|86,35|88,9|88,10|90,27|91,27|93,11|93,12|94,11|94,12|97,29|100,10|100,23|100,26|101,24|101,25|102,24|102,25|104,23|104,26|
(7,23),(7,26)|(8,24),(8,25)|(9,24),(9,25)|(10,10),(10,23)|(10,26),(13,29)|(14,12),(15,12)|(17,27),(18,27)|(21,9),(21,10)|(22,27),(22,35)|(23,1),(23,2)|(23,27),(23,35)|(24,0),(24,3)|(24,9),(25,0)|(25,3),(26,1)|(26,2),(26,8)|(26,9),(27,9)|(27,10),(27,32)|(27,34),(28,27)|(29,27),(31,29)|(31,33),(37,2)|(37,3),(38,1)|(38,4),(39,1)|(39,4),(39,11)|(39,12),(40,2)|(40,3),(40,11)|(40,12),(41,11)|(41,12),(42,11)|(42,12),(43,11)|(43,12),(44,11)|(44,12),(44,24)|(44,25),(46,10)|(46,27),(46,33)|(46,35),(47,27)|(47,28),(48,28)|(48,29),(50,29)|(50,35),(57,29)|(57,35),(60,28)|(60,29),(61,10)|(61,28),(61,33)|(61,35),(63,11)|(63,12),(63,24)|(63,25),(64,11)|(64,12),(65,11)|(65,12),(66,11)|(66,12),(74,3)|(74,4),(75,2)|(75,5),(76,2)|(76,5),(77,3)|(77,4),(77,29)|(77,33),(79,27)|(80,27),(81,9)|(81,10),(81,31)|(81,33),(83,0)|(83,1),(83,8)|(83,9),(84,2)|(84,33),(84,35)|(85,2),(85,9)|(86,0),(86,1)|(86,35),(88,9)|(88,10),(90,27)|(91,27),(93,11)|(93,12),(94,11)|(94,12),(97,29)|(100,10),(100,23)|(100,26),(101,24)|(101,25),(102,24)|(102,25),(104,23)|
(24,0),(25,0)|(83,0),(86,0)|(23,1),(26,1)|(38,1),(39,1)|(83,1),(86,1)|(23,2),(26,2)|(37,2),(40,2)|(75,2),(76,2)|(84,2),(85,2)|(24,3),(25,3)|(37,3),(40,3)|(74,3),(77,3)|(38,4),(39,4)|(74,4),(77,4)|(75,5),(76,5)|(26,8),(83,8)|(21,9),(24,9)|(26,9),(27,9)|(81,9),(83,9)|(85,9),(88,9)|(10,10),(21,10)|(27,10),(46,10)|(61,10),(81,10)|(88,10),(100,10)|(39,11),(40,11)|(41,11),(42,11)|(43,11),(44,11)|(63,11),(64,11)|(65,11),(66,11)|(93,11),(94,11)|(14,12),(15,12)|(39,12),(40,12)|(41,12),(42,12)|(43,12),(44,12)|(63,12),(64,12)|(65,12),(66,12)|(93,12),(94,12)|(7,23),(10,23)|(100,23),(104,23)|(8,24),(9,24)|(44,24),(63,24)|(101,24),(102,24)|(8,25),(9,25)|(44,25),(63,25)|(101,25),(102,25)|(7,26),(10,26)|(100,26),(104,26)|(17,27),(18,27)|(22,27),(23,27)|(28,27),(29,27)|(46,27),(47,27)|(79,27),(80,27)|(90,27),(91,27)|(47,28),(48,28)|(60,28),(61,28)|(13,29),(31,29)|(48,29),(50,29)|(57,29),(60,29)|(77,29),(97,29)|(81,31),(27,32)|(31,33),(46,33)|(61,33),(77,33)|(81,33),(84,33)|(27,34),(22,35)|(23,35),(46,35)|(50,35),(57,35)|(61,35),(84,35)|