Pièce : SL_A17
taille : 48x35
################################################
################################################
################################################
################################################
################################################
################################################
################################################
########=#######################################
########|#######################################
#######.|.######################################
#######.|.######################################
#######.|.######################################
#######.|.######################################
#######.|.######################################
#######.|.######################################
#######.|.######################################
#######.|.######################################
#######.|.######################################
#######.|.######################################
#######.|.######################################
#######...######################################
#######...######################################
#######...############/............./###########
#######...############...............###########
#######...############...............###########
#######...############...#########...###########
#######...############...#########...###########
#######...############...#########...###########
#######...############...#########...###########
#######..................#########.........#####
#######..................#########..........=###
#######/................/#########/........#####
################################################
################################################
################################################
7,9|7,31|8,7|8,32|9,7|10,9|10,29|22,23|22,29|23,22|24,32|25,25|25,31|34,25|34,31|35,32|36,22|37,23|37,29|43,29|43,30|43,31|43,32|45,30|45,31|
(7,9),(7,31)|(8,7),(8,32)|(9,7),(10,9)|(10,29),(22,23)|(22,29),(23,22)|(24,32),(25,25)|(25,31),(34,25)|(34,31),(35,32)|(36,22),(37,23)|(37,29),(43,29)|(43,30),(43,31)|(43,32),(45,30)|
(8,7),(9,7)|(7,9),(10,9)|(23,22),(36,22)|(22,23),(37,23)|(25,25),(34,25)|(10,29),(22,29)|(37,29),(43,29)|(43,30),(45,30)|(7,31),(25,31)|(34,31),(43,31)|(45,31),(8,32)|(24,32),(35,32)|