Pièce : SL_A12
taille : 48x35
################################################
################################################
################################################
##########=#####################################
##########|#####################################
#########.|.####################################
#########.|.####################################
#########.|.####################################
#########.|.####################################
#########.|.####################################
#########.|.####################################
#########.|.####################################
#########.|.####################################
#########.|.####################################
#########...####################################
#########...####################################
#########...####################################
#########...####################################
#########...####################################
#########...####################################
#########...####################################
#########...####################################
#########...#####/........../###################
#########...#####............###################
#########...#####............###################
#########...#####...######...###################
#########...#####...######...###################
#########...#####...######...###################
#########...#####...######...###################
#########...#####...######...###################
#########...........############################
#########...........#######=####################
#########/........./############################
################################################
################################################
9,5|9,32|10,3|10,33|11,3|12,5|12,30|17,23|17,30|18,22|19,33|20,25|20,32|26,25|26,30|27,31|27,32|28,22|28,31|28,32|29,23|29,30|
(9,5),(9,32)|(10,3),(10,33)|(11,3),(12,5)|(12,30),(17,23)|(17,30),(18,22)|(19,33),(20,25)|(20,32),(26,25)|(26,30),(27,31)|(27,32),(28,22)|(28,31),(28,32)|(29,23),(29,30)|
(10,3),(11,3)|(9,5),(12,5)|(18,22),(28,22)|(17,23),(29,23)|(20,25),(26,25)|(12,30),(17,30)|(26,30),(29,30)|(27,31),(28,31)|(9,32),(20,32)|(27,32),(28,32)|(10,33),(19,33)|