Pièce : SL_A10
taille : 48x35
################################################
################################################
################################################
################################################
#####################.##.##.####################
#####################.##.##.####################
#####################.#..##.####################
#####################.....#.####################
#####################.......####################
#####################.......####################
#####################.......####################
#####..........#.................#.........#####
###=...........#.................#..........=###
#####............................#.........#####
###=........................................=###
#####......................................#####
###=........................................=###
#####......................................#####
###=...........#.................#..........=###
#####...###....#................###........#####
###################/........./##################
####################/......./###################
#####################.......####################
#####################.......####################
#####################.......####################
#####################.......####################
#####################.......####################
#####################.......####################
#####################.......####################
#####################.......####################
######################.....#####################
#######################...######################
################################################
#######################=#=######################
################################################
(3,12),(3,13)|(3,14),(3,15)|(3,16),(3,17)|(3,18),(3,19)|(5,11),(5,12)|(5,13),(5,14)|(5,15),(5,16)|(5,17),(5,18)|(5,19),(5,20)|(8,19),(8,20)|(11,19),(11,20)|(15,11),(15,13)|(15,18),(15,20)|(16,11),(16,13)|(16,18),(16,20)|(21,4),(21,11)|(22,4),(22,7)|(22,30),(22,31)|(23,6),(23,7)|(23,31),(23,32)|(23,33),(23,34)|(24,4),(24,6)|(24,33),(24,34)|(25,4),(25,7)|(25,33),(25,34)|(26,7),(26,8)|(26,31),(26,32)|(26,33),(26,34)|(27,4),(27,8)|(27,30),(27,31)|(28,4),(28,11)|(32,19),(32,20)|(33,11),(33,14)|(33,18),(33,19)|(34,11),(34,14)|(34,18),(34,19)|(35,19),(35,20)|(43,11),(43,12)|(43,13),(43,14)|(43,15),(43,16)|(43,17),(43,18)|(43,19),(43,20)|(45,12),(45,13)|(45,14),(45,15)|(45,16),(45,17)|(45,18),(45,19)|
(21,21),(22,4)|(24,24),(25,4)|(27,27),(28,4)|(23,23),(24,6)|(22,22),(23,7)|(25,25),(26,7)|(26,26),(27,8)|(5,5),(15,11)|(16,16),(21,11)|(28,28),(33,11)|(34,34),(43,11)|(3,3),(5,12)|(43,43),(45,12)|(3,3),(5,13)|(15,15),(16,13)|(43,43),(45,13)|(3,3),(5,14)|(33,33),(34,14)|(43,43),(45,14)|(3,3),(5,15)|(43,43),(45,15)|(3,3),(5,16)|(43,43),(45,16)|(3,3),(5,17)|(43,43),(45,17)|(3,3),(5,18)|(15,15),(16,18)|(33,33),(34,18)|(43,43),(45,18)|(3,3),(5,19)|(8,8),(11,19)|(32,32),(33,19)|(34,34),(35,19)|(43,43),(45,19)|(5,5),(8,20)|(11,11),(15,20)|(16,16),(32,20)|(35,35),(43,20)|(21,21),(22,30)|(27,27),(28,30)|(22,22),(23,31)|(26,26),(27,31)|(23,23),(26,32)|(23,23),(24,33)|(25,25),(26,33)|(23,23),(24,34)|(25,25),(26,34)|
(19,20),(21,22)|
(28,22),(30,20)|


end file : SL_A10