Pièce : SL_AI
taille : 98x35
#########..|...|..............................###########.............############################
######.|...|...#..............................#############...........############################
######.#...#...#..............................###############..........#####=#####################
######.|...|...|..............................################.........#####.#####################
##=###.|...|..................................################.........................../########
##.###.#......................................############..##............................/#######
##.###.#......................................############.................................#######
##.###.|......................................############.................................#######
##.###.|......................................#############................................#######
##.....|......................................################.............................#######
##.###.|.......................................###############.............................#######
##.#####........................................##############.............................#######
##.###########........................................########.............................#######
##.###########--...................................###########.............................#######
##.###########...................................#############.............................#######
##.###########.................................###############.............................#######
##.###.|......................................################.............................#######
##.###.|......................................################.............................#######
##.###.#......................................################.............................#######
##.###.|......................................################.............................#######
##.###.|......................................################.............................#######
##.###.|......................................##############...............................#######
##.###........................................##############...............................#######
##.###........................................###############..............................#######
##............................................##############...............................#######
######........................................###########..................................#######
########......................................#########....................................#######
###########......................................####......................................#######
###########--..............................................##.................####/........#######
###########..............................................#####............/########........#######
###########...........................................########............##########/......#######
######.|..........................................############/.........#############...../#######
######.|......................................##.##############/......./###############../########
##.....|......................................####################################################
##.###.|......................................####################################################
(2,4),(2,25)|(2,33),(2,35)|(3,4),(3,9)|(3,10),(3,24)|(3,34),(3,35)|(6,1),(6,9)|(6,10),(6,11)|(6,16),(6,24)|(6,25),(6,26)|(6,31),(6,33)|(6,34),(6,35)|(7,2),(7,3)|(7,5),(7,7)|(7,18),(7,19)|(8,2),(8,3)|(8,5),(8,7)|(8,11),(8,12)|(8,18),(8,19)|(8,26),(8,27)|(9,0),(9,1)|(11,2),(11,3)|(11,27),(11,31)|(12,2),(12,3)|(14,12),(14,16)|(15,1),(15,3)|(16,1),(16,3)|(46,0),(46,10)|(46,16),(46,27)|(46,32),(46,35)|(47,10),(47,11)|(47,15),(47,16)|(48,11),(48,12)|(48,32),(48,33)|(49,14),(49,15)|(49,27),(49,28)|(49,32),(49,33)|(50,31),(50,32)|(51,13),(51,14)|(53,27),(53,28)|(54,12),(54,13)|(54,30),(54,31)|(55,26),(55,27)|(57,0),(57,1)|(57,25),(57,26)|(57,29),(57,30)|(58,5),(58,8)|(59,1),(59,2)|(59,8),(59,9)|(59,28),(59,29)|(60,5),(60,6)|(60,21),(60,23)|(60,24),(60,25)|(61,2),(61,3)|(61,23),(61,24)|(61,28),(61,29)|(62,3),(62,6)|(62,9),(62,21)|(70,0),(70,2)|(71,2),(71,4)|(76,2),(76,4)|(77,2),(77,4)|(78,28),(78,29)|(87,32),(87,33)|
(9,9),(46,0)|(57,57),(70,0)|(6,6),(9,1)|(15,15),(16,1)|(57,57),(59,1)|(7,7),(8,2)|(11,11),(12,2)|(59,59),(61,2)|(70,70),(71,2)|(76,76),(77,2)|(7,7),(8,3)|(11,11),(12,3)|(15,15),(16,3)|(61,61),(62,3)|(2,2),(3,4)|(71,71),(76,4)|(7,7),(8,5)|(58,58),(60,5)|(60,60),(62,6)|(7,7),(8,7)|(58,58),(59,8)|(3,3),(6,9)|(59,59),(62,9)|(3,3),(6,10)|(46,46),(47,10)|(6,6),(8,11)|(47,47),(48,11)|(8,8),(14,12)|(48,48),(54,12)|(51,51),(54,13)|(49,49),(51,14)|(47,47),(49,15)|(6,6),(14,16)|(46,46),(47,16)|(7,7),(8,18)|(7,7),(8,19)|(60,60),(62,21)|(60,60),(61,23)|(3,3),(6,24)|(60,60),(61,24)|(2,2),(6,25)|(57,57),(60,25)|(6,6),(8,26)|(55,55),(57,26)|(8,8),(11,27)|(46,46),(49,27)|(53,53),(55,27)|(49,49),(53,28)|(59,59),(61,28)|(57,57),(59,29)|(61,61),(62,29)|(54,54),(57,30)|(6,6),(11,31)|(50,50),(54,31)|(72,72),(74,31)|(46,46),(48,32)|(49,49),(50,32)|(85,85),(87,32)|(2,2),(6,33)|(48,48),(49,33)|(3,3),(6,34)|(2,2),(3,35)|(6,6),(46,35)|
(62,31),(64,33)|(82,28),(83,29)|(82,28),(84,30)|(82,28),(85,31)|(89,4),(91,6)|
(71,33),(72,32)|(71,33),(74,30)|(71,33),(75,29)|(89,33),(91,31)|
(7.5,1),(7.5,2)|(7.5,3),(7.5,5)|(7.5,7),(7.5,11)|(7.5,16),(7.5,18)|(7.5,19),(7.5,22)|(7.5,31),(7.5,35)|(11.5,0),(11.5,2)|(11.5,3),(11.5,5)|(15.5,0),(15.5,1)|(15.5,3),(15.5,4)|
(11,28.5),(13,28.5)|(14,13.5),(16,13.5)|
end file : SL_AI