Pièce : SL_A03
taille : 48x35
################################################
################################################
################################################
#####..#..####...#....####....#...####..########
###=...#...###...#....###.....#....##...########
#####..#.........#......#.....#.........########
#####--#......................#.........#..#####
###.|..|......................#.........#...=###
###.|..|................................#..#####
###.+--+................................#--#####
###.|..|................................#..#####
###.|..|......................#.........#..#####
###.+-.|.........#............#.........#--#.###
###.|..|.........#............#.........#..#.###
###.|..|......#######......#######......#..#.###
####+..|......#######......#######......#--#.###
#####..|......#######......#######......#..#.###
########......#######......#######......#..|.###
########......#######......#######......#--+.###
########......#######......#######......#....###
###..............#............#.........|....###
##...............#............#...............##
#................#............#................#
##...............#............#...............##
#................#.............................#
##...............#............................##
#..............................................#
##/...........................#............../##
###/..........................#.......###.../###
####/............#............#.....#######/####
#####/...........#............#....#############
########.#.#.#.#####.#.#.#.#####################
########=#=#=#=#####=#=#=#=#####################
################################################
################################################
8,3|7,3|10,3|14,3|18,3|17,3|22,3|26,3|31,3|30,3|34,3|38,3|40,3|5,4|10,4|11,4|25,4|26,4|34,4|35,4|37,4|38,4|11,5|14,5|22,5|24,5|35,5|37,5|5,5|18,6|17,6|25,6|24,6|41,6|43,6|3,7|43,7|31,8|30,8|43,8|31,11|30,11|44,12|45,12|18,12|17,12|14,14|18,14|17,14|21,14|27,14|31,14|30,14|34,14|3,15|5,17|3,20|8,20|14,20|18,20|17,20|21,20|27,20|31,20|30,20|34,20|2,21|3,21|45,21|46,21|1,22|2,22|46,22|47,22|1,24|1,23|2,24|2,23|31,24|30,24|46,24|46,23|47,24|47,23|1,26|1,25|2,26|2,25|18,26|17,26|46,26|46,25|47,26|47,25|1,27|2,27|31,27|30,27|46,27|47,27|38,28|41,28|18,29|17,29|36,29|38,29|41,29|43,30|6,31|35,30|36,30|8,31|10,31|9,31|12,31|11,31|14,31|13,31|15,31|18,31|17,31|20,31|22,31|21,31|24,31|23,31|26,31|25,31|27,31|31,31|30,31|35,31|