Pièce : SL_A11
taille : 48x35
################################################
################################################
###############################=################
###############################|################
##############################.|.###############
##############################.|.###############
##############################.|.###############
##############################.|.###############
##############################.|.###############
##############################.|.###############
##############################.|.###############
##############################.|.###############
##############################.|.###############
##############################...###############
##############################...###############
##############################...###############
##############################...###############
##############################...###############
##############################...###############
##############################...###############
##############################...###############
##############################...###############
###/................./########...###############
###...................########...###############
###...................########...###############
###...#############...########...###############
###...#############...########...###############
###...#############...########...###############
###################...########...###############
####=##############..............###############
###################..............###############
###################/............/###############
################################################
################################################
################################################
3,23|3,28|4,22|4,29|4,30|5,29|5,30|6,25|6,28|19,25|19,31|20,32|21,22|22,23|22,29|30,4|30,29|31,2|32,2|32,32|33,4|33,31|
(3,23),(3,28)|(4,22),(4,29)|(4,30),(5,29)|(5,30),(6,25)|(6,28),(19,25)|(19,31),(20,32)|(21,22),(22,23)|(22,29),(30,4)|(30,29),(31,2)|(32,2),(32,32)|(33,4),(33,31)|
(31,2),(32,2)|(30,4),(33,4)|(4,22),(21,22)|(3,23),(22,23)|(6,25),(19,25)|(3,28),(6,28)|(4,29),(5,29)|(22,29),(30,29)|(4,30),(5,30)|(19,31),(33,31)|(20,32),(32,32)|