Pièce : SL_A15
taille : 48x35
################################################
################################################
#######################=###################=####
#######################.###################.####
#######################.###################.####
#######################.###################.####
###=...............................########.####
##################################.########.####
##################################.########.####
##################################.########.####
##################################.########.####
##################################.########.####
##################################.########.####
###=.......................=######..........####
##############.########.##########.#############
##############.########.##########.#############
###=...........########.##########.#############
##############.########.##########.#############
##############..........................########
#######################################.########
#######################################.########
#######################################.########
#######################################.########
########...###....####....###...#######.########
########........................#######.########
########........................#######.########
########........................#######.########
########................................########
########........................#######.########
########...###....####....###...#######.########
########...###....####....###...#######.########
########...###....####....###...#######.....=###
################################################
################################################
################################################
24,6|35,6|34,7|35,13|43,13|14,14|15,14|23,14|24,14|35,14|44,14|14,16|14,17|15,18|23,18|24,18|34,18|35,18|40,18|14,19|39,19|8,23|11,23|14,23|18,23|22,23|26,23|29,23|32,23|11,24|14,24|18,24|22,24|26,24|29,24|32,27|39,27|32,28|39,28|11,29|14,29|18,29|22,29|26,29|29,29|40,31|8,32|11,32|14,32|18,32|22,32|26,32|29,32|32,32|39,32|