Pièce : SL_A16
taille : 48x35
################################################
################################################
################################################
################################################
################################################
###################################=############
###################################.############
###################################.############
####=......................########.############
##########################.########.############
##########################.########.############
##########################.########.############
##########################.########.############
##########################.########.############
##########################.########.############
#####################...............############
#####################.#############.############
#####################.#############.############
#####################.#############.############
#####################.#############.############
#####################.#############.############
#####################......................=####
###################################.############
##...###...###...##################.############
##...............##################.############
##...............##################.############
##..........................................####
##...............##########################.####
##...###...###...##########################.####
##...###...###...##########################.####
##...###...###...##########################.####
###########################################=####
################################################
################################################
################################################
(2,23),(2,31)|(4,8),(4,9)|(5,23),(5,24)|(5,28),(5,31)|(8,23),(8,24)|(8,28),(8,31)|(11,23),(11,24)|(11,28),(11,31)|(14,23),(14,24)|(14,28),(14,31)|(17,23),(17,26)|(17,27),(17,31)|(21,15),(21,22)|(22,16),(22,21)|(26,9),(26,15)|(27,8),(27,15)|(35,5),(35,15)|(35,16),(35,21)|(35,22),(35,26)|(36,5),(36,21)|(36,22),(36,26)|(43,27),(43,32)|(44,21),(44,22)|(44,26),(44,32)|
(35,5),(36,5)|(4,8),(27,8)|(4,9),(26,9)|(21,15),(26,15)|(27,15),(35,15)|(22,16),(35,16)|(22,21),(35,21)|(36,21),(44,21)|(21,22),(35,22)|(36,22),(44,22)|(2,23),(5,23)|(8,23),(11,23)|(14,23),(17,23)|(5,24),(8,24)|(11,24),(14,24)|(17,26),(35,26)|(36,26),(44,26)|(17,27),(43,27)|(5,28),(8,28)|(11,28),(14,28)|(2,31),(5,31)|(8,31),(11,31)|(14,31),(17,31)|(43,32),(44,32)|




