Pièce : SL_A08
taille : 54x35
######################################################
######################################################
#########=############################################
#########|############################################
########.|.###########################################
########.|.###########################################
########.|.###########################################
########.|.###########################################
######...|....######.....##....#........##############
######...|....######.....##....#........##############
######...|....#..###.....##....#######################
######...|....#...#......##.............##############
######...|........#......#############################
######...|........#......#############################
######..................................##############
######..................................##############
####=...................................##############
#######.................................##############
######...|....................................########
######...|........................##...........=######
######/..|..........#............#####........########
#######/.|......######.........########.##############
######################################################
######################################################
######################################################
######################################################
######################################################
######################################################
######################################################
######################################################
######################################################
######################################################
######################################################
######################################################
######################################################
(4,16),(4,17)|(6,8),(6,16)|(7,17),(7,18)|(8,4),(8,8)|(9,2),(9,4)|(10,2),(10,4)|(11,4),(11,8)|(14,8),(14,12)|(15,10),(15,12)|(16,21),(16,22)|(17,10),(17,11)|(18,11),(18,14)|(19,11),(19,14)|(20,8),(20,11)|(20,20),(20,21)|(21,20),(21,21)|(22,21),(22,22)|(25,8),(25,14)|(27,8),(27,12)|(31,8),(31,11)|(31,21),(31,22)|(32,8),(32,10)|(33,20),(33,21)|(34,19),(34,20)|(36,19),(36,20)|(38,20),(38,21)|(39,21),(39,22)|(40,8),(40,10)|(40,11),(40,12)|(40,14),(40,18)|(40,21),(40,22)|(46,18),(46,19)|(46,20),(46,21)|(48,19),(48,20)|
(9,9),(10,2)|(8,8),(9,4)|(10,10),(11,4)|(6,6),(8,8)|(11,11),(14,8)|(20,20),(25,8)|(27,27),(31,8)|(32,32),(40,8)|(15,15),(17,10)|(32,32),(40,10)|(17,17),(18,11)|(19,19),(20,11)|(31,31),(40,11)|(14,14),(15,12)|(27,27),(40,12)|(18,18),(19,14)|(25,25),(40,14)|(4,4),(6,16)|(4,4),(7,17)|(6,6),(7,18)|(40,40),(46,18)|(34,34),(36,19)|(46,46),(48,19)|(20,20),(21,20)|(33,33),(34,20)|(36,36),(38,20)|(46,46),(48,20)|(16,16),(20,21)|(21,21),(22,21)|(31,31),(33,21)|(38,38),(39,21)|(40,40),(46,21)|(16,16),(22,22)|(31,31),(39,22)|
(6,20),(8,22)|

(9.5,3),(9.5,14)|(9.5,18),(9.5,22)|

end file : SL_A08